click,0,0,130.0,301.0,575560,130.0,301.0,575698,1521716994102,1521716994570
click,90.0,233.5,97.0,227.0,576500,97.0,227.0,576660,1521716995064,1521716995523
click,45.0,207.5,55.0,191.0,577375,64.0,207.06392,577525,1521716995929,1521716996407
click,180.0,233.5,186.0,207.0,578241,186.0,207.0,578391,1521716996794,1521716997276
click,315.0,259.5,310.0,238.0,579299,310.0,238.0,579470,1521716997874,1521716998338
click,315.0,155.5,320.0,147.0,580332,320.0,147.0,580465,1521716998870,1521716999314
click,315.0,103.5,292.0,104.0,583481,292.0,104.0,583620,1521717002024,1521717002469
click,90.0,129.5,113.0,116.0,584768,113.0,116.0,584906,1521717003310,1521717003769
click,270.0,233.5,291.0,211.0,585774,304.04562,227.02281,585978,1521717004382,1521717004828
click,45.0,259.5,80.0,260.0,586725,59.0,243.0,586883,1521717005287,1521717005771
click,90.0,285.5,92.0,277.0,587473,92.0,277.0,587667,1521717006072,1521717006540
click,225.0,311.5,237.0,302.0,588476,237.0,302.0,588671,1521717007075,1521717007521
click,135.0,207.5,133.0,197.0,589983,141.0,209.0,590153,1521717008556,1521717009002
click,135.0,103.5,146.0,95.0,590774,146.0,95.0,590903,1521717009307,1521717009761
click,225.0,311.5,221.0,298.0,591896,221.0,298.0,592046,1521717010450,1521717010897
click,45.0,155.5,67.0,167.0,592975,67.0,167.0,593124,1521717011528,1521717011994
click,180.0,233.5,184.0,218.0,593765,184.0,218.0,593926,1521717012330,1521717012791
click,180.0,25.5,189.0,45.0,594631,171.0,27.0,594790,1521717013209,1521717013644
click,315.0,207.5,322.0,201.0,599876,322.0,201.0,600036,1521717018440,1521717018894
click,135.0,51.5,146.0,51.0,601096,146.0,51.0,601256,1521717019660,1521717020111
click,90.0,129.5,88.0,135.0,602004,88.0,135.0,602130,1521717020534,1521717020990
click,225.0,207.5,264.0,208.0,602891,250.0,208.0,603051,1521717021454,1521717021912
click,135.0,155.5,127.0,133.0,603831,127.0,133.0,603992,1521717022395,1521717022840
click,45.0,259.5,60.0,271.0,604749,64.8127,252.0,604954,1521717023357,1521717023812
click,90.0,77.5,91.0,88.0,606727,91.0,88.0,606866,1521717025270,1521717025748
click,180.0,285.5,177.0,294.0,607677,177.0,294.0,607837,1521717026241,1521717026708
click,180.0,129.5,221.0,123.0,608426,221.5,104.5,608563,1521717026967,1521717027413
click,45.0,155.5,48.0,179.0,609376,48.0,179.0,609556,1521717027960,1521717028408
click,45.0,103.5,70.0,100.0,610306,64.0,110.0,610477,1521717028882,1521717029351
click,315.0,155.5,321.0,149.0,611724,321.0,149.0,611781,1521717030184,1521717030629
click,225.0,259.5,243.0,253.0,612464,228.0,253.0,612668,1521717031072,1521717031529
click,270.0,233.5,237.0,265.0,613285,237.0,265.0,613465,1521717033351,1521717033821
click,45.0,207.5,230.0,265.0,613937,230.0,265.0,614097,1521717033634,1521717034094
click,135.0,51.5,238.0,278.0,614900,225.0,263.0,615092,1521717033893,1521717034371
click,135.0,259.5,248.0,267.0,615753,231.0,265.0,615999,1521717035789,1521717036259
click,90.0,129.5,134.0,266.0,618681,134.0,266.0,618852,1521717038512,1521717038939
click,135.0,51.5,150.0,276.0,619664,150.0,276.0,619814,1521717038607,1521717039066
click,270.0,181.5,140.0,272.0,620616,155.0,272.0,620821,1521717039227,1521717039673
click,180.0,129.5,233.0,128.0,621536,221.0,119.5,621728,1521717040135,1521717040591
click,135.0,207.5,157.0,219.0,622327,134.27702,228.0,622539,1521717040943,1521717041423
click,270.0,285.5,275.0,264.0,623320,275.0,264.0,623534,1521717041937,1521717042401
click,135.0,259.5,134.0,262.0,624282,160.0,241.5,624495,1521717042899,1521717043367
click,225.0,51.5,253.0,53.0,625947,253.0,53.0,626127,1521717044530,1521717044995
click,90.0,77.5,90.0,114.0,626846,70.0,123.0,627015,1521717045422,1521717045878
click,135.0,155.5,138.0,180.0,627583,160.0,162.0,627754,1521717046159,1521717046622
click,225.0,207.5,252.0,197.0,628384,226.0,197.0,628577,1521717046983,1521717047440
click,180.0,285.5,119.0,302.0,629347,137.0,302.0,629524,1521717047928,1521717048388
click,180.0,181.5,195.0,194.0,630254,195.0,171.0,630426,1521717048830,1521717049280
click,225.0,103.5,208.0,115.0,637136,211.0,141.0,637349,1521717055754,1521717056225
click,225.0,155.5,263.0,201.0,637915,263.0,201.0,638076,1521717056480,1521717056930
click,90.0,77.5,116.0,106.0,638835,116.0,106.0,639014,1521717057418,1521717057902
click,180.0,181.5,205.0,198.0,639764,205.0,198.0,639925,1521717058328,1521717058784
click,180.0,285.5,189.0,289.0,640565,189.0,289.0,640737,1521717059140,1521717059624
click,315.0,103.5,297.0,110.0,641524,297.0,110.0,641632,1521717060036,1521717060502
click,270.0,129.5,288.0,143.0,642201,277.0,114.0,642371,1521717060775,1521717061248
click,270.0,233.5,309.0,224.0,643052,323.0,231.0,643131,1521717061535,1521717062004
click,225.0,259.5,272.0,284.0,643675,273.0,269.0,643835,1521717062240,1521717062685
click,180.0,129.5,220.0,155.0,645139,222.0,128.0,645309,1521717063713,1521717064163
click,315.0,155.5,323.0,160.0,646026,324.0,162.0,646229,1521717064633,1521717065074
click,225.0,51.5,258.0,55.0,647116,258.0,62.5,647308,1521717065712,1521717066174
click,225.0,207.5,232.0,228.0,649061,219.0,202.0,649264,1521717067668,1521717068153
click,270.0,181.5,281.0,179.0,649776,276.0,179.0,649947,1521717068351,1521717068811
click,270.0,77.5,259.0,72.0,650535,259.0,72.0,650714,1521717069118,1521717069611
click,315.0,103.5,293.0,91.0,651540,293.0,91.0,651700,1521717070104,1521717070566
click,315.0,259.5,292.0,248.0,653207,298.0,231.0,653377,1521717071781,1521717072248
click,315.0,207.5,319.0,214.0,653965,319.0,214.0,654200,1521717072604,1521717073073
click,135.0,155.5,140.0,103.0,654916,136.69873,132.19057,655119,1521717073526,1521717073995
click,270.0,129.5,136.0,141.0,655940,136.0,141.0,656154,1521717075661,1521717076135
click,90.0,285.5,162.0,186.0,657393,143.0,160.0,657565,1521717076395,1521717076863
click,180.0,25.5,223.0,52.0,658752,200.0,60.0,658931,1521717077334,1521717077830
click,90.0,181.5,201.0,49.0,659509,201.0,49.0,659680,1521717079414,1521717079888
click,225.0,103.5,171.0,29.0,660353,171.0,29.0,660533,1521717079515,1521717079950
click,225.0,259.5,192.0,32.0,660931,200.0,51.0,661124,1521717079599,1521717080027
click,90.0,181.5,211.0,54.0,661465,206.0,45.0,661636,1521717080160,1521717080615
click,45.0,103.5,193.0,61.0,661892,193.0,61.0,662033,1521717080437,1521717080919
click,270.0,129.5,273.0,123.0,662952,293.5,146.5,663131,1521717081535,1521717081978
click,45.0,155.5,59.0,194.0,663785,59.0,194.0,663979,1521717082383,1521717082843
click,270.0,77.5,281.0,98.0,664725,281.0,98.0,664905,1521717083309,1521717083759
click,135.0,103.5,106.0,124.0,665559,119.0,121.5,665751,1521717084157,1521717084621
click,225.0,103.5,237.0,110.0,666606,251.0,103.0,666755,1521717085159,1521717085646
click,180.0,25.5,215.0,42.0,667589,215.0,42.0,667739,1521717086143,1521717086604
click,180.0,77.5,177.0,64.0,668380,177.0,81.413666,668574,1521717086977,1521717087462
click,315.0,207.5,304.0,212.0,669470,304.0,212.0,669641,1521717088044,1521717088535
click,225.0,155.5,241.0,140.0,670270,227.0,140.0,670451,1521717088855,1521717089327
click,315.0,259.5,299.0,250.0,674695,299.0,265.0,674858,1521717093263,1521717093741
click,270.0,181.5,284.0,230.0,676522,293.97412,210.0,676694,1521717095098,1521717095532
click,270.0,77.5,279.0,66.0,677441,279.0,66.0,677601,1521717096006,1521717096474
click,45.0,207.5,57.0,247.0,678306,57.0,247.0,678476,1521717096880,1521717097356
click,180.0,77.5,199.0,81.0,679138,199.0,81.0,679298,1521717097702,1521717098159
click,45.0,103.5,68.0,101.0,679984,68.0,101.0,680178,1521717098582,1521717099031
click,135.0,311.5,140.0,276.0,680850,140.0,276.0,681043,1521717099446,1521717099899
click,135.0,259.5,132.0,282.0,681587,132.0,282.0,681726,1521717100130,1521717100584
click,90.0,181.5,108.0,183.0,682303,108.0,183.0,682463,1521717100867,1521717101337
click,90.0,233.5,90.0,241.0,683008,90.0,247.0,683201,1521717101606,1521717102068
click,90.0,285.5,78.0,282.0,683820,78.0,282.0,683991,1521717102395,1521717102865
click,270.0,285.5,274.0,294.0,684600,274.0,291.0,684814,1521717103219,1521717103704
click,225.0,51.5,219.0,66.0,688126,219.0,66.0,688287,1521717106690,1521717107145
click,180.0,233.5,179.0,261.0,688896,179.0,261.0,689075,1521717107479,1521717107936
click,45.0,259.5,62.0,288.0,689740,62.0,288.0,689900,1521717108304,1521717108768
click,225.0,155.5,230.0,179.0,690691,230.0,179.0,690871,1521717109274,1521717109738
click,180.0,181.5,183.0,221.0,691449,192.5,221.0,691652,1521717110059,1521717110524
click,135.0,103.5,224.0,201.0,692206,228.0,223.0,692377,1521717112153,1521717112622
click,135.0,311.5,189.0,212.0,692975,189.0,212.0,693146,1521717112257,1521717112681
click,225.0,311.5,236.0,229.0,693681,236.0,229.0,693875,1521717112343,1521717112812
click,90.0,233.5,194.0,190.0,694333,194.0,190.0,694471,1521717112888,1521717113341
click,135.0,207.5,125.0,248.0,695093,129.0,255.0,695264,1521717113669,1521717114167
click,270.0,285.5,272.0,291.0,696001,272.0,291.0,696160,1521717114564,1521717115021
click,180.0,77.5,187.0,88.0,696846,187.0,88.0,696993,1521717115397,1521717115863
