click,0,0,114.0,211.0,4712877,114.0,211.0,4712940,1521619452446,1521619452354
click,90.0,181.5,66.0,156.0,4713881,66.0,156.0,4713954,1521619453459,1521619453304
click,315.0,259.5,307.0,255.0,4714725,307.0,255.0,4714812,1521619454317,1521619454128
click,270.0,129.5,262.0,116.0,4715602,262.0,116.0,4715644,1521619455149,1521619455001
click,90.0,233.5,71.0,240.0,4716371,71.0,240.0,4716444,1521619455949,1521619455787
click,45.0,155.5,40.0,170.0,4717194,40.0,170.0,4717267,1521619456771,1521619456623
click,270.0,285.5,264.0,282.0,4718049,264.0,282.0,4718155,1521619457660,1521619457522
click,180.0,181.5,168.0,199.0,4718871,168.0,199.0,4718959,1521619458464,1521619458290
click,225.0,259.5,216.0,253.0,4719758,216.0,253.0,4719846,1521619459350,1521619459194
click,180.0,25.5,182.0,34.0,4721629,182.0,34.0,4721702,1521619461206,1521619461041
click,225.0,103.5,223.0,87.0,4722377,223.0,87.0,4722450,1521619461955,1521619461798
click,225.0,207.5,230.0,202.0,4723179,230.0,202.0,4723294,1521619462800,1521619462627
click,135.0,207.5,112.0,190.0,4725615,112.0,190.0,4725702,1521619465207,1521619465079
click,90.0,77.5,86.0,88.0,4726491,86.0,88.0,4726597,1521619466102,1521619465916
click,225.0,207.5,292.0,255.0,4727272,292.0,255.0,4727335,1521619466839,1521619466701
click,135.0,51.5,124.0,51.0,4729131,124.0,51.0,4729203,1521619468708,1521619468558
click,225.0,155.5,211.0,161.0,4729975,211.0,161.0,4730072,1521619469578,1521619469410
click,270.0,77.5,272.0,67.0,4730830,272.0,67.0,4730936,1521619470441,1521619470280
click,135.0,155.5,112.0,154.0,4731728,112.0,154.0,4731814,1521619471319,1521619471159
click,135.0,311.5,119.0,306.0,4732602,119.0,306.0,4732709,1521619472214,1521619472051
click,315.0,259.5,305.0,259.0,4734538,305.0,259.0,4734635,1521619474141,1521619474054
click,270.0,285.5,272.0,291.0,4735318,272.0,291.0,4735424,1521619474929,1521619474789
click,225.0,259.5,226.0,254.0,4736205,212.0,254.0,4736302,1521619475808,1521619475657
click,225.0,103.5,238.0,90.0,4737093,238.0,90.0,4737190,1521619476695,1521619476532
click,90.0,77.5,88.0,76.0,4738844,88.0,76.0,4738917,1521619478422,1521619478287
click,45.0,207.5,40.0,207.0,4740254,40.0,207.0,4740328,1521619479833,1521619479672
click,135.0,103.5,125.0,83.0,4741055,125.0,83.0,4741155,1521619480659,1521619480497
click,180.0,233.5,183.0,223.0,4741891,183.0,223.0,4741996,1521619481501,1521619481372
click,45.0,155.5,45.0,159.0,4742713,45.0,159.0,4742810,1521619482315,1521619482152
click,45.0,259.5,53.0,260.0,4743440,53.0,260.0,4743526,1521619483032,1521619482868
click,225.0,207.5,212.0,238.0,4744274,212.0,238.0,4744371,1521619483876,1521619483720
click,135.0,311.5,117.0,309.0,4745866,117.0,309.0,4745938,1521619485443,1521619485284
click,180.0,25.5,189.0,36.0,4746593,189.0,36.0,4746690,1521619486195,1521619486059
click,90.0,181.5,105.0,175.0,4747319,105.0,175.0,4747435,1521619486940,1521619486800
click,135.0,51.5,142.0,43.0,4748751,142.0,43.0,4748814,1521619488320,1521619488160
click,315.0,207.5,317.0,214.0,4749606,317.0,214.0,4749712,1521619489217,1521619489050
click,180.0,77.5,65.0,254.0,4755403,65.0,254.0,4755462,1521619494968,1521619494831
click,90.0,77.5,91.0,66.0,4756136,91.0,66.0,4756209,1521619495714,1521619495549
click,135.0,155.5,127.0,153.0,4756842,127.0,153.0,4756904,1521619496410,1521619496233
click,270.0,233.5,281.0,242.0,4757589,281.0,242.0,4757676,1521619497181,1521619497021
click,135.0,311.5,114.0,284.0,4759214,114.0,284.0,4759301,1521619498806,1521619498634
click,45.0,259.5,63.0,275.0,4762164,54.0,260.0,4762294,1521619501800,1521619501676
click,180.0,129.5,188.0,133.0,4763115,188.0,133.0,4763243,1521619502748,1521619502586
click,45.0,103.5,64.0,106.0,4763927,64.0,106.0,4764076,1521619503581,1521619503425
click,135.0,259.5,102.0,238.0,4764834,102.0,238.0,4764952,1521619504458,1521619504304
click,315.0,155.5,322.0,164.0,4765786,322.0,143.64307,4765914,1521619505420,1521619505262
click,315.0,207.5,317.0,200.0,4767143,317.0,200.0,4767272,1521619506778,1521619506618
click,225.0,311.5,233.0,297.0,4767881,219.0,297.0,4768031,1521619507537,1521619507371
click,315.0,103.5,290.0,226.0,4772722,290.0,226.0,4772796,1521619512300,1521619512152
click,45.0,259.5,46.0,237.0,4775303,46.0,237.0,4775396,1521619514901,1521619514756
click,315.0,155.5,300.0,145.0,4776090,300.0,145.0,4776195,1521619515700,1521619515564
click,180.0,233.5,184.0,240.0,4776773,184.0,240.0,4776902,1521619516408,1521619516251
click,90.0,129.5,98.0,129.0,4777457,98.0,129.0,4777563,1521619517068,1521619516919
click,45.0,103.5,54.0,122.0,4778943,54.0,122.0,4779040,1521619518545,1521619518385
click,135.0,259.5,127.0,258.0,4779691,127.0,258.0,4779788,1521619519293,1521619519132
click,225.0,311.5,239.0,310.0,4780417,239.0,310.0,4780515,1521619520020,1521619519844
click,135.0,103.5,134.0,102.0,4781165,134.0,102.0,4781252,1521619520756,1521619520585
click,90.0,285.5,89.0,292.0,4781828,89.0,292.0,4781934,1521619521439,1521619521285
click,180.0,25.5,197.0,33.0,4782598,197.0,33.0,4782685,1521619522189,1521619522043
click,270.0,233.5,256.0,219.0,4783313,256.0,219.0,4783411,1521619522917,1521619522760
click,270.0,181.5,292.0,158.0,4785152,292.0,158.0,4785250,1521619524755,1521619524631
click,270.0,285.5,247.0,292.0,4785814,247.0,292.0,4785912,1521619525417,1521619525254
click,90.0,129.5,72.0,115.0,4786542,72.0,115.0,4786639,1521619526144,1521619525990
click,225.0,103.5,228.0,101.0,4787225,228.0,101.0,4787323,1521619526828,1521619526663
click,270.0,233.5,281.0,229.0,4787844,281.0,229.0,4787942,1521619527447,1521619527298
click,315.0,259.5,304.0,241.0,4790709,304.0,241.0,4790807,1521619530312,1521619530150
click,135.0,155.5,307.0,246.0,4791189,307.0,246.0,4791288,1521619530793,1521619530654
click,225.0,311.5,137.0,159.0,4791637,137.0,159.0,4791712,1521619531216,1521619531063
click,225.0,155.5,225.0,144.0,4792365,225.0,144.0,4792452,1521619531957,1521619531791
click,180.0,181.5,166.0,176.0,4793039,166.0,176.0,4793136,1521619532641,1521619532511
click,180.0,77.5,190.0,93.0,4793680,190.0,93.0,4793786,1521619533291,1521619533144
click,270.0,77.5,278.0,62.0,4794384,278.0,62.0,4794491,1521619533996,1521619533828
click,270.0,181.5,165.0,218.0,4871606,165.0,218.0,4871680,1521619611186,1521619611015
click,135.0,51.5,219.0,166.0,4871799,219.0,166.0,4871872,1521619611378,1521619611215
click,270.0,77.5,256.0,162.0,4871969,256.0,162.0,4872034,1521619611539,1521619611391
click,180.0,285.5,286.0,208.0,4872108,286.0,208.0,4872151,1521619611664,1521619611519
click,45.0,207.5,179.0,182.0,4880967,179.0,182.0,4881060,1521619620565,1521619620389
click,0,0,145.0,204.0,4980031,145.0,204.0,4980137,1521619719642,1521619719496
click,135.0,51.5,134.0,47.0,4980875,134.0,47.0,4981015,1521619720520,1521619720370
click,90.0,129.5,87.0,114.0,4981688,87.0,114.0,4981816,1521619721321,1521619721153
click,270.0,129.5,297.0,121.0,4982500,297.0,121.0,4982650,1521619722155,1521619722010
click,135.0,259.5,98.0,258.0,4983398,98.0,258.0,4983558,1521619723063,1521619722900
click,45.0,155.5,40.0,159.0,4984200,40.0,159.0,4984305,1521619723811,1521619723642
click,225.0,51.5,227.0,65.0,4984957,227.0,65.0,4985063,1521619724568,1521619724400
click,315.0,155.5,323.0,157.0,4985642,323.0,157.0,4985748,1521619725253,1521619725134
click,45.0,259.5,52.0,254.0,4987674,52.0,254.0,4987816,1521619727321,1521619727136
click,180.0,129.5,193.0,93.0,4988473,193.0,93.0,4988635,1521619728142,1521619727962
click,180.0,285.5,192.0,304.0,4989297,175.0,297.0,4989476,1521619728982,1521619728840
click,225.0,259.5,234.0,263.0,4990034,234.0,263.0,4990173,1521619729679,1521619729532
click,90.0,181.5,74.0,166.0,4992599,74.0,166.0,4992686,1521619732191,1521619732050
click,90.0,233.5,80.0,225.0,4993390,80.0,225.0,4993487,1521619732992,1521619732841
click,180.0,25.5,199.0,43.0,4994192,199.0,43.0,4994278,1521619733783,1521619733658
click,45.0,259.5,58.0,268.0,4996547,58.0,268.0,4996659,1521619736164,1521619736004
click,315.0,155.5,300.0,156.0,4997376,300.0,156.0,4997525,1521619737032,1521619736861
click,135.0,155.5,131.0,171.0,4998146,131.0,171.0,4998263,1521619737769,1521619737609
click,180.0,233.5,187.0,236.0,4998829,187.0,236.0,4998957,1521619738462,1521619738277
click,270.0,233.5,293.0,246.0,4999514,293.0,246.0,4999674,1521619739179,1521619739033
click,135.0,311.5,132.0,308.0,5000304,132.0,308.0,5000409,1521619739915,1521619739762
click,225.0,259.5,247.0,272.0,5001010,247.0,272.0,5001107,1521619740612,1521619740437
click,180.0,77.5,211.0,85.0,5001682,211.0,85.0,5001832,1521619741338,1521619741167
click,270.0,285.5,263.0,291.0,5002549,263.0,291.0,5002654,1521619742159,1521619741993
click,45.0,103.5,56.0,109.0,5004772,56.0,109.0,5004844,1521619744349,1521619744162
click,90.0,77.5,88.0,88.0,5005413,88.0,88.0,5005510,1521619745015,1521619744834
click,135.0,103.5,142.0,117.0,5006065,142.0,117.0,5006137,1521619745642,1521619745478
click,135.0,259.5,142.0,259.0,5006706,142.0,259.0,5006803,1521619746308,1521619746180
click,270.0,285.5,282.0,280.0,5007326,282.0,280.0,5007443,1521619746949,1521619746801
click,180.0,285.5,183.0,300.0,5008031,183.0,300.0,5008118,1521619747623,1521619747468
click,180.0,129.5,198.0,124.0,5008683,198.0,124.0,5008770,1521619748275,1521619748115
click,180.0,181.5,173.0,128.0,5009303,173.0,128.0,5009400,1521619748905,1521619748732
click,315.0,207.5,316.0,186.0,5010072,316.0,186.0,5010170,1521619749675,1521619749511
click,270.0,233.5,281.0,261.0,5010714,281.0,261.0,5010819,1521619750323,1521619750160
click,45.0,155.5,58.0,152.0,5011515,58.0,152.0,5011602,1521619751107,1521619750938
click,225.0,155.5,235.0,147.0,5012156,235.0,147.0,5012254,1521619751759,1521619751618
click,180.0,181.5,199.0,239.0,5015494,199.0,239.0,5015558,1521619755063,1521619754932
click,90.0,285.5,78.0,283.0,5016778,78.0,283.0,5016850,1521619756355,1521619756213
click,45.0,207.5,50.0,205.0,5017440,50.0,205.0,5017513,1521619757018,1521619756885
click,270.0,285.5,269.0,284.0,5018210,269.0,284.0,5018307,1521619757812,1521619757642
click,225.0,103.5,250.0,124.0,5018883,250.0,124.0,5018981,1521619758485,1521619758325
click,90.0,77.5,100.0,84.0,5019535,100.0,84.0,5019622,1521619759127,1521619758963
click,270.0,233.5,264.0,230.0,5020315,264.0,230.0,5020402,1521619759907,1521619759740
click,225.0,311.5,218.0,303.0,5021009,218.0,303.0,5021126,1521619760631,1521619760462
click,180.0,233.5,173.0,260.0,5021662,173.0,260.0,5021759,1521619761264,1521619761141
click,180.0,77.5,176.0,88.0,5022367,176.0,88.0,5022472,1521619761977,1521619761825
click,45.0,103.5,56.0,114.0,5023062,56.0,114.0,5023148,1521619762654,1521619762465
click,135.0,311.5,152.0,304.0,5025486,152.0,304.0,5025593,1521619765098,1521619764951
click,315.0,207.5,126.0,298.0,5025979,126.0,298.0,5026042,1521619765547,1521619765405
click,90.0,129.5,96.0,131.0,5026717,96.0,131.0,5026789,1521619766294,1521619766124
click,180.0,285.5,177.0,291.0,5027518,177.0,291.0,5027624,1521619767129,1521619766957
click,135.0,259.5,131.0,270.0,5028170,131.0,270.0,5028287,1521619767793,1521619767622
click,225.0,103.5,203.0,96.0,5028886,203.0,96.0,5028983,1521619768488,1521619768327
click,180.0,181.5,170.0,162.0,5029570,170.0,162.0,5029667,1521619769172,1521619769009
click,225.0,51.5,218.0,57.0,5030233,218.0,57.0,5030338,1521619769843,1521619769680
click,225.0,207.5,237.0,196.0,5030873,237.0,196.0,5030971,1521619770476,1521619770299
click,135.0,207.5,137.0,207.0,5031600,137.0,207.0,5031687,1521619771192,1521619771005
click,45.0,207.5,47.0,236.0,5032252,47.0,236.0,5032350,1521619771855,1521619771709
click,315.0,103.5,299.0,106.0,5033749,299.0,106.0,5033846,1521619773351,1521619773193
click,225.0,311.5,206.0,295.0,5034475,206.0,295.0,5034613,1521619774118,1521619773953
click,315.0,103.5,256.0,160.0,5037454,256.0,160.0,5037518,1521619777023,1521619776887
click,45.0,259.5,59.0,262.0,5038075,59.0,262.0,5038161,1521619777666,1521619777485
click,90.0,285.5,75.0,291.0,5038641,75.0,291.0,5038739,1521619778243,1521619778081
click,225.0,259.5,217.0,261.0,5039528,217.0,261.0,5039615,1521619779120,1521619778960
click,225.0,311.5,238.0,305.0,5040137,238.0,305.0,5040242,1521619779747,1521619779591
click,90.0,233.5,86.0,239.0,5040821,86.0,239.0,5040908,1521619780413,1521619780244
click,90.0,181.5,83.0,183.0,5041419,83.0,183.0,5041517,1521619781022,1521619780838
click,135.0,207.5,93.0,169.0,5041986,93.0,169.0,5042091,1521619781596,1521619781453
click,225.0,207.5,255.0,212.0,5042627,255.0,212.0,5042725,1521619782230,1521619782081
click,315.0,259.5,293.0,254.0,5044812,293.0,254.0,5044923,1521619784428,1521619784261
click,90.0,129.5,93.0,135.0,5045652,93.0,135.0,5045738,1521619785243,1521619785087
click,135.0,311.5,139.0,306.0,5046357,139.0,306.0,5046474,1521619785980,1521619785818
click,180.0,25.5,189.0,42.0,5051447,189.0,42.0,5051534,1521619791039,1521619790890
click,315.0,103.5,304.0,103.0,5052131,304.0,103.0,5052218,1521619791723,1521619791562
click,90.0,181.5,77.0,186.0,5052826,77.0,186.0,5052912,1521619792417,1521619792241
click,135.0,155.5,119.0,163.0,5053433,119.0,163.0,5053507,1521619793012,1521619792870
click,135.0,103.5,145.0,101.0,5054044,145.0,101.0,5054131,1521619793635,1521619793461
click,270.0,181.5,296.0,170.0,5054716,296.0,170.0,5054804,1521619794309,1521619794149
click,270.0,77.5,284.0,90.0,5055401,284.0,90.0,5055499,1521619795003,1521619794826
click,225.0,155.5,215.0,180.0,5056138,215.0,180.0,5056244,1521619795749,1521619795599
click,225.0,207.5,232.0,208.0,5056737,232.0,208.0,5056834,1521619796339,1521619796182
click,90.0,233.5,101.0,243.0,5057398,101.0,243.0,5057497,1521619797002,1521619796811
click,315.0,259.5,307.0,255.0,5058777,307.0,255.0,5058865,1521619798370,1521619798219
click,315.0,207.5,312.0,188.0,5059920,312.0,188.0,5060040,1521619799545,1521619799374
click,135.0,103.5,130.0,94.0,5064947,130.0,94.0,5065034,1521619804540,1521619804390
click,90.0,285.5,87.0,277.0,5065653,87.0,277.0,5065758,1521619805263,1521619805081
click,90.0,77.5,114.0,71.0,5066390,114.0,71.0,5066487,1521619805992,1521619805835
click,270.0,129.5,262.0,114.0,5067106,262.0,114.0,5067193,1521619806698,1521619806553
click,135.0,51.5,142.0,66.0,5067767,142.0,66.0,5067874,1521619807379,1521619807225
click,270.0,181.5,286.0,168.0,5068452,286.0,168.0,5068558,1521619808063,1521619807917
click,45.0,103.5,58.0,109.0,5069254,58.0,109.0,5069341,1521619808846,1521619808670
click,225.0,155.5,271.0,168.0,5069906,257.0,168.0,5070045,1521619809550,1521619809399
click,45.0,155.5,40.0,197.0,5070601,40.0,197.0,5070687,1521619810192,1521619810007
click,180.0,129.5,203.0,125.0,5071242,203.0,125.0,5071348,1521619810852,1521619810683
click,270.0,77.5,290.0,84.0,5071872,290.0,84.0,5071959,1521619811464,1521619811288
click,315.0,259.5,292.0,268.0,5072514,292.0,268.0,5072611,1521619812116,1521619811958
click,135.0,155.5,127.0,129.0,5075602,127.0,129.0,5075689,1521619815193,1521619815055
click,180.0,77.5,159.0,80.0,5076190,159.0,80.0,5076277,1521619815782,1521619815615
click,180.0,25.5,184.0,38.0,5076862,184.0,38.0,5076950,1521619816455,1521619816306
click,315.0,155.5,295.0,147.0,5077481,295.0,147.0,5077589,1521619817094,1521619816934
click,45.0,207.5,50.0,232.0,5078989,50.0,232.0,5079077,1521619818582,1521619818405
click,135.0,51.5,170.0,44.0,5079642,170.0,44.0,5079739,1521619819244,1521619819108
click,270.0,181.5,253.0,165.0,5080272,253.0,165.0,5080378,1521619819883,1521619819779
click,180.0,233.5,199.0,249.0,5080901,199.0,249.0,5081009,1521619820514,1521619820363
click,270.0,77.5,270.0,91.0,5081544,270.0,91.0,5081649,1521619821155,1521619821042
click,225.0,51.5,223.0,47.0,5082196,223.0,47.0,5082283,1521619821788,1521619821624
click,270.0,129.5,273.0,128.0,5082795,273.0,128.0,5082912,1521619822418,1521619822250
click,225.0,103.5,213.0,112.0,5083436,213.0,112.0,5083541,1521619823045,1521619822880
