click,0,0,234.0,116.0,3504382,234.0,116.0,3504450,1521617236777,1521617236637
click,180.0,129.5,160.0,137.0,3505039,160.0,137.0,3505102,1521617237428,1521617237293
click,225.0,155.5,209.0,137.0,3505638,209.0,137.0,3505709,1521617238036,1521617237865
click,225.0,51.5,241.0,89.0,3506759,241.0,89.0,3506832,1521617239158,1521617238997
click,180.0,181.5,195.0,190.0,3507421,195.0,190.0,3507494,1521617239821,1521617239668
click,135.0,51.5,144.0,70.0,3508105,144.0,70.0,3508178,1521617240504,1521617240362
click,135.0,311.5,116.0,309.0,3508822,116.0,309.0,3508885,1521617241211,1521617241053
click,270.0,129.5,260.0,141.0,3509527,260.0,141.0,3509614,1521617241940,1521617241791
click,45.0,155.5,50.0,155.0,3510253,50.0,155.0,3510326,1521617242653,1521617242524
click,90.0,77.5,98.0,81.0,3511055,98.0,81.0,3511128,1521617243454,1521617243307
click,90.0,233.5,88.0,219.0,3511729,88.0,240.0,3511801,1521617244127,1521617243972
click,315.0,207.5,291.0,216.0,3512338,291.0,216.0,3512444,1521617244770,1521617244613
click,90.0,285.5,81.0,283.0,3514025,81.0,283.0,3514099,1521617246425,1521617246295
click,225.0,259.5,229.0,278.0,3515031,229.0,278.0,3515083,1521617247409,1521617247231
click,45.0,155.5,71.0,181.0,3516506,71.0,181.0,3516568,1521617248895,1521617248732
click,135.0,103.5,116.0,110.0,3517093,116.0,110.0,3517166,1521617249492,1521617249337
click,45.0,207.5,66.0,225.0,3518355,44.0,198.0,3518459,1521617250790,1521617250708
click,180.0,25.5,179.0,47.0,3519925,179.0,47.0,3519998,1521617252324,1521617252174
click,225.0,51.5,220.0,84.0,3520556,235.0,100.0,3520653,1521617252979,1521617252819
click,225.0,103.5,236.0,104.0,3521134,236.0,104.0,3521220,1521617253546,1521617253391
click,45.0,103.5,85.0,126.0,3521817,85.0,126.0,3521889,1521617254216,1521617254069
click,225.0,207.5,256.0,227.0,3522501,256.0,227.0,3522573,1521617254899,1521617254743
click,135.0,51.5,123.0,81.0,3523142,123.0,81.0,3523214,1521617255540,1521617255384
click,180.0,77.5,204.0,109.0,3523805,188.0,102.0,3523877,1521617256204,1521617256070
click,90.0,129.5,64.0,132.0,3526252,64.0,132.0,3526315,1521617258641,1521617258500
click,225.0,103.5,198.0,92.0,3526806,198.0,92.0,3526894,1521617259220,1521617259052
click,45.0,155.5,44.0,189.0,3527502,44.0,189.0,3527575,1521617259901,1521617259747
click,135.0,207.5,161.0,251.0,3528144,161.0,251.0,3528215,1521617260542,1521617260399
click,180.0,285.5,165.0,308.0,3528817,165.0,308.0,3528889,1521617261215,1521617261072
click,225.0,311.5,246.0,299.0,3529543,228.0,299.0,3529630,1521617261962,1521617261808
click,180.0,77.5,231.0,309.0,3530322,231.0,309.0,3530409,1521617264093,1521617263943
click,45.0,259.5,217.0,294.0,3531016,231.0,303.0,3531104,1521617264200,1521617264007
click,270.0,285.5,266.0,286.0,3533614,266.0,286.0,3533694,1521617266020,1521617265851
click,135.0,259.5,163.0,253.0,3534263,163.0,253.0,3534326,1521617266653,1521617266479
click,135.0,155.5,126.0,169.0,3534892,126.0,169.0,3534966,1521617267294,1521617267134
click,225.0,155.5,195.0,164.0,3535567,195.0,164.0,3535630,1521617267956,1521617267822
click,270.0,181.5,300.0,161.0,3537896,300.0,161.0,3537959,1521617270285,1521617270142
click,90.0,181.5,124.0,195.0,3538473,124.0,195.0,3538546,1521617270872,1521617270722
click,135.0,207.5,162.0,256.0,3539093,162.0,256.0,3539145,1521617271471,1521617271314
click,270.0,77.5,255.0,81.0,3539691,255.0,81.0,3539755,1521617272081,1521617271919
click,135.0,155.5,120.0,160.0,3540333,120.0,160.0,3540405,1521617272731,1521617272579
click,315.0,259.5,289.0,290.0,3541006,289.0,290.0,3541078,1521617273405,1521617273348
click,135.0,103.5,111.0,124.0,3541669,111.0,124.0,3541732,1521617274058,1521617273909
click,225.0,259.5,223.0,254.0,3542257,203.0,263.5,3542353,1521617274679,1521617274507
click,225.0,207.5,222.0,198.0,3542951,233.0,213.0,3543023,1521617275350,1521617275190
click,45.0,207.5,71.0,220.0,3543774,71.0,220.0,3543837,1521617276163,1521617276017
click,315.0,103.5,279.0,117.0,3544554,279.0,117.0,3544606,1521617276932,1521617276778
click,225.0,311.5,259.0,303.0,3545216,259.0,303.0,3545289,1521617277615,1521617277470
click,45.0,259.5,52.0,246.0,3547386,52.0,246.0,3547427,1521617279753,1521617279569
click,90.0,129.5,92.0,139.0,3548059,92.0,139.0,3548112,1521617280438,1521617280290
click,270.0,233.5,288.0,233.0,3548657,281.3609,233.0,3548743,1521617281070,1521617280958
click,270.0,129.5,246.0,126.0,3549287,246.0,126.0,3549361,1521617281687,1521617281539
click,135.0,155.5,68.0,183.0,3549919,68.0,183.0,3549971,1521617282297,1521617282146
click,315.0,155.5,317.0,155.0,3550656,317.0,155.0,3550719,1521617283045,1521617282893
click,270.0,77.5,242.0,87.0,3551276,234.0,87.0,3551348,1521617283675,1521617283576
click,90.0,77.5,76.0,83.0,3552687,76.0,83.0,3552739,1521617285065,1521617284927
click,90.0,233.5,78.0,249.0,3553349,78.0,249.0,3553412,1521617285738,1521617285587
click,135.0,259.5,173.0,286.0,3553989,173.0,286.0,3554063,1521617286389,1521617286235
click,270.0,181.5,247.0,202.0,3554589,247.0,202.0,3554641,1521617286967,1521617286816
click,315.0,103.5,295.0,144.0,3555229,289.0,126.0,3555317,1521617287643,1521617287481
click,45.0,207.5,65.0,214.0,3556630,87.0,205.0,3556727,1521617289054,1521617288912
click,225.0,207.5,210.0,195.0,3558840,210.0,195.0,3558914,1521617291240,1521617291086
click,270.0,181.5,289.0,213.0,3559408,289.0,213.0,3559471,1521617291798,1521617291680
click,315.0,259.5,303.0,238.0,3559962,303.0,238.0,3560062,1521617292388,1521617292250
click,315.0,207.5,294.0,202.0,3560530,289.0,222.0,3560603,1521617292929,1521617292743
click,90.0,181.5,88.0,201.0,3561150,66.5,208.5,3561222,1521617293549,1521617293392
click,225.0,51.5,92.0,177.0,3561779,92.0,177.0,3561843,1521617295624,1521617295483
click,90.0,77.5,82.0,219.0,3562367,82.0,219.0,3562420,1521617295799,1521617295659
click,135.0,51.5,103.0,208.0,3562901,103.0,208.0,3562989,1521617295980,1521617295824
click,315.0,155.5,77.0,148.0,3563489,77.0,148.0,3563542,1521617296066,1521617295875
click,270.0,77.5,84.0,189.0,3563992,84.0,189.0,3564065,1521617296392,1521617296241
click,180.0,233.5,201.0,248.0,3564666,201.0,248.0,3564729,1521617297055,1521617296886
click,270.0,233.5,239.0,255.0,3567177,267.0,255.0,3567250,1521617299577,1521617299422
click,180.0,233.5,218.0,240.0,3567787,233.0,258.0,3567859,1521617300186,1521617300026
click,45.0,103.5,116.0,123.0,3568363,116.0,123.0,3568416,1521617300742,1521617300589
click,135.0,259.5,158.0,253.0,3569026,158.0,253.0,3569089,1521617301415,1521617301282
click,90.0,285.5,79.0,275.0,3569646,79.0,275.0,3569719,1521617302046,1521617301898
click,180.0,77.5,180.0,65.0,3570255,162.0,86.0,3570328,1521617302654,1521617302508
click,45.0,259.5,58.0,259.0,3572237,58.0,259.0,3572295,1521617304621,1521617304467
click,270.0,285.5,275.0,289.0,3572980,275.0,289.0,3573067,1521617305393,1521617305273
click,180.0,25.5,188.0,57.0,3573750,188.0,57.0,3573813,1521617306139,1521617305990
click,180.0,285.5,151.0,288.0,3574444,151.0,288.0,3574517,1521617306843,1521617306689
click,315.0,155.5,312.0,176.0,3575118,312.0,190.0,3575205,1521617307531,1521617307390
click,90.0,129.5,90.0,128.0,3575802,90.0,128.0,3575874,1521617308200,1521617308045
click,90.0,181.5,54.0,160.0,3577405,54.0,160.0,3577468,1521617309794,1521617309649
click,135.0,311.5,137.0,299.0,3577980,116.5,299.0,3578068,1521617310394,1521617310241
click,180.0,129.5,176.0,125.0,3579424,176.0,125.0,3579477,1521617311803,1521617311644
click,180.0,233.5,174.0,251.0,3580023,174.0,251.0,3580054,1521617312381,1521617312223
click,315.0,259.5,290.0,290.0,3581936,290.0,290.0,3582023,1521617314349,1521617314197
click,225.0,155.5,298.0,253.0,3582298,298.0,253.0,3582364,1521617314690,1521617314531
click,180.0,285.5,231.0,143.0,3582791,231.0,143.0,3582863,1521617315189,1521617315033
click,270.0,285.5,270.0,272.0,3583400,270.0,272.0,3583487,1521617315813,1521617315661
click,135.0,207.5,160.0,210.0,3584030,160.0,210.0,3584103,1521617316429,1521617316284
click,180.0,181.5,194.0,187.0,3584628,194.0,187.0,3584701,1521617317028,1521617316929
click,225.0,311.5,233.0,288.0,3585313,222.0,304.891,3585399,1521617317726,1521617317572
click,315.0,207.5,298.0,145.0,3585922,305.0,169.0,3585994,1521617318321,1521617318174
click,225.0,259.5,213.0,298.0,3587525,213.0,298.0,3587577,1521617319904,1521617319745
click,180.0,181.5,164.0,162.0,3588124,164.0,176.0,3588186,1521617320513,1521617320360
click,270.0,233.5,261.0,245.0,3588785,261.0,245.0,3588873,1521617321199,1521617321030
click,90.0,285.5,82.0,288.0,3589577,82.0,288.0,3589629,1521617321955,1521617321808
click,45.0,103.5,75.0,97.0,3590474,75.0,97.0,3590538,1521617322864,1521617322721
click,180.0,129.5,213.0,136.0,3591148,203.0,156.67883,3591245,1521617323571,1521617323420
click,90.0,233.5,78.0,244.0,3591896,78.0,244.0,3591948,1521617324274,1521617324130
click,270.0,129.5,258.0,129.0,3592601,258.0,129.0,3592688,1521617325014,1521617324860
click,315.0,103.5,294.0,112.0,3593232,294.0,112.0,3593295,1521617325621,1521617325472
click,135.0,103.5,95.0,131.0,3593852,95.0,131.0,3593924,1521617326250,1521617326089
click,135.0,311.5,130.0,310.0,3594525,116.0,310.0,3594612,1521617326938,1521617326777
click,180.0,25.5,150.0,50.0,3595219,150.0,50.0,3595292,1521617327618,1521617327453
