click,0,0,176.0,304.0,597297,176.0,304.0,597386,1521771167636,1521771166496
click,90.0,129.5,91.0,118.0,598078,91.0,118.0,598185,1521771168435,1521771167335
click,225.0,155.5,221.0,140.0,598783,221.0,140.0,598868,1521771169117,1521771168005
click,225.0,103.5,213.0,53.0,599465,213.0,53.0,599552,1521771169801,1521771168656
click,135.0,311.5,140.0,284.0,600236,140.0,284.0,600324,1521771170574,1521771169451
click,180.0,77.5,219.0,58.0,600897,219.0,58.0,601018,1521771171268,1521771170117
click,315.0,207.5,314.0,210.0,601582,314.0,210.0,601721,1521771171971,1521771170831
click,225.0,259.5,224.0,273.0,602245,224.0,273.0,602329,1521771172579,1521771171450
click,225.0,311.5,220.0,308.0,602982,235.0,314.0,603120,1521771173378,1521771172226
click,135.0,155.5,159.0,151.0,603698,149.0,137.0,603848,1521771174098,1521771172952
click,180.0,233.5,178.0,262.0,604382,178.0,262.0,604490,1521771174739,1521771173604
click,45.0,155.5,68.0,121.0,605098,68.0,121.0,605186,1521771175436,1521771174286
click,45.0,207.5,59.0,214.0,606796,32.11849,207.0,606915,1521771177165,1521771176023
click,135.0,311.5,156.0,155.0,607705,156.0,155.0,607778,1521771178027,1521771176883
click,225.0,51.5,232.0,59.0,608378,232.0,59.0,608496,1521771178746,1521771177632
click,180.0,181.5,196.0,153.0,608997,196.0,153.0,609117,1521771179367,1521771178230
click,225.0,155.5,224.0,193.0,609584,224.0,193.0,609669,1521771179919,1521771178771
click,180.0,129.5,202.0,126.0,610461,202.0,126.0,610550,1521771180799,1521771179688
click,90.0,77.5,114.0,75.0,611188,129.0,71.0,611306,1521771181567,1521771180433
click,45.0,103.5,73.0,117.0,613271,73.0,117.0,613356,1521771183605,1521771182481
click,270.0,285.5,301.0,272.0,613965,301.0,272.0,614105,1521771184355,1521771183255
click,90.0,285.5,87.0,289.0,614852,87.0,289.0,614937,1521771185187,1521771184034
click,180.0,285.5,163.0,253.0,615696,163.0,253.0,615815,1521771186065,1521771184945
click,270.0,181.5,328.0,173.0,616380,328.0,173.0,616518,1521771186770,1521771185632
click,225.0,311.5,248.0,308.0,618313,248.0,308.0,618399,1521771188648,1521771187578
click,90.0,129.5,43.0,134.0,619105,43.0,134.0,619189,1521771189439,1521771188305
click,270.0,285.5,52.0,152.0,619511,52.0,152.0,619585,1521771189834,1521771188691
click,135.0,259.5,239.0,295.0,619917,239.0,295.0,619990,1521771190240,1521771189086
click,270.0,233.5,84.0,270.0,620301,84.0,270.0,620386,1521771190635,1521771189504
click,225.0,103.5,234.0,178.0,620825,241.0,150.76604,620945,1521771191195,1521771190080
click,180.0,129.5,199.0,116.0,621871,199.0,116.0,621945,1521771192196,1521771191053
click,180.0,181.5,221.0,190.0,622374,230.5,208.0,622462,1521771192712,1521771191573
click,180.0,77.5,211.0,76.0,623261,229.0,76.0,623379,1521771193630,1521771192493
click,45.0,103.5,193.0,67.0,623774,193.0,67.0,623862,1521771194112,1521771192976
click,225.0,155.5,267.0,80.0,624533,267.0,80.0,624640,1521771194890,1521771193783
click,45.0,259.5,71.0,211.0,625484,71.0,211.0,625572,1521771195821,1521771194715
click,90.0,77.5,172.0,162.0,628058,172.0,162.0,628100,1521771198350,1521771197201
click,45.0,207.5,46.0,206.0,628719,46.0,206.0,628804,1521771199055,1521771197923
click,180.0,181.5,228.0,147.0,629287,228.0,147.0,629426,1521771199676,1521771198530
click,90.0,285.5,59.0,270.0,629981,45.5,247.5,630101,1521771200352,1521771199205
click,225.0,51.5,182.0,43.0,630718,189.0,25.0,630828,1521771201078,1521771199945
click,270.0,77.5,291.0,82.0,631381,291.0,82.0,631466,1521771201715,1521771200582
click,270.0,181.5,283.0,193.0,631990,283.0,193.0,632075,1521771202324,1521771201181
click,315.0,259.5,265.0,268.0,633817,265.0,268.0,633905,1521771204155,1521771203044
click,135.0,259.5,81.0,252.0,634447,81.0,252.0,634597,1521771204847,1521771203710
click,315.0,155.5,139.0,279.0,635078,139.0,279.0,635141,1521771205391,1521771204226
click,315.0,103.5,323.0,159.0,635473,323.0,159.0,635581,1521771205830,1521771204697
click,270.0,233.5,281.0,221.0,636061,271.0,221.0,636210,1521771206460,1521771205330
click,270.0,77.5,292.0,99.0,638614,292.0,99.0,638734,1521771208984,1521771207843
click,135.0,103.5,161.0,87.0,639202,150.0,68.5,639321,1521771209572,1521771208440
click,315.0,207.5,312.0,235.0,639918,312.0,235.0,640006,1521771210256,1521771209123
click,315.0,155.5,314.0,186.0,640484,314.0,186.0,640573,1521771210822,1521771209691
click,90.0,129.5,42.0,146.0,641179,53.0,130.0,641252,1521771211502,1521771210373
click,45.0,259.5,122.0,155.0,641595,122.0,155.0,641669,1521771211919,1521771210766
click,225.0,207.5,68.0,259.0,642001,57.0,245.0,642141,1521771212393,1521771211258
click,90.0,233.5,82.0,224.0,642728,82.0,224.0,642867,1521771213119,1521771211967
click,270.0,233.5,300.0,245.0,643592,300.0,245.0,643682,1521771213931,1521771212806
click,135.0,155.5,143.0,114.0,645143,143.0,114.0,645227,1521771215477,1521771214347
click,270.0,129.5,302.0,154.0,645762,302.0,154.0,645870,1521771216119,1521771214999
click,135.0,51.5,147.0,51.0,646435,147.0,51.0,646543,1521771216792,1521771215663
click,45.0,155.5,55.0,100.0,648444,55.0,100.0,648532,1521771218782,1521771217657
click,90.0,285.5,82.0,259.0,649074,82.0,259.0,649159,1521771219408,1521771218256
click,135.0,311.5,107.0,303.0,649715,107.0,303.0,649789,1521771220039,1521771218893
click,180.0,25.5,214.0,41.0,650324,185.0,28.5,650462,1521771220715,1521771219588
click,180.0,285.5,190.0,98.0,651113,194.0,80.0,651202,1521771223074,1521771221954
click,135.0,103.5,147.0,68.0,651487,147.0,68.0,651607,1521771223351,1521771222200
click,90.0,233.5,212.0,64.0,651829,230.0,64.0,651979,1521771223594,1521771222434
click,45.0,207.5,206.0,41.0,653517,206.0,41.0,653656,1521771223939,1521771222842
click,315.0,155.5,296.0,117.0,658006,296.0,117.0,658126,1521771228376,1521771227244
click,225.0,207.5,293.0,197.0,658477,293.0,197.0,658564,1521771228814,1521771227694
click,135.0,51.5,192.0,234.0,658829,192.0,234.0,658917,1521771229167,1521771228030
click,135.0,207.5,142.0,107.0,659246,150.0,84.0,659334,1521771229584,1521771228432
click,270.0,129.5,149.0,227.0,659694,141.0,207.0,659843,1521771230095,1521771228942
click,135.0,103.5,149.0,146.0,660848,149.0,122.810295,660966,1521771231216,1521771230064
click,135.0,51.5,126.0,75.0,661436,126.0,75.0,661554,1521771231804,1521771230682
click,180.0,25.5,222.0,72.0,662707,214.0,60.0,662826,1521771233076,1521771231927
click,45.0,259.5,235.0,57.0,663124,218.86452,45.864517,663283,1521771233534,1521771232383
click,270.0,285.5,275.0,295.0,664054,275.0,295.0,664128,1521771234377,1521771233245
click,135.0,207.5,122.0,170.0,664930,122.0,170.0,665003,1521771235253,1521771234125
click,180.0,129.5,202.0,150.0,665550,202.0,150.0,665658,1521771235907,1521771234779
click,45.0,103.5,96.0,69.0,666489,96.0,69.0,666578,1521771236828,1521771235664
click,90.0,233.5,104.0,218.0,667163,104.0,218.0,667283,1521771237533,1521771236398
click,90.0,181.5,101.0,219.0,668092,86.0,208.0,668211,1521771238461,1521771237304
click,225.0,207.5,252.0,209.0,668765,252.0,209.0,668854,1521771239103,1521771238053
click,90.0,181.5,149.0,161.0,670100,149.0,161.0,670143,1521771240392,1521771239235
click,225.0,103.5,222.0,118.0,670743,203.5,118.0,670849,1521771241104,1521771239974
click,180.0,77.5,167.0,103.0,672569,167.0,103.0,672688,1521771242938,1521771241794
click,315.0,259.5,290.0,273.0,674546,290.0,273.0,674634,1521771244884,1521771243776
click,180.0,25.5,176.0,29.0,675294,157.5,29.0,675443,1521771245692,1521771244557
click,225.0,311.5,253.0,306.0,677217,253.0,306.0,677356,1521771247606,1521771246474
click,135.0,259.5,127.0,235.0,677912,127.0,235.0,678031,1521771248281,1521771247204
click,315.0,103.5,302.0,110.0,678629,302.0,110.0,678660,1521771248910,1521771247772
click,180.0,233.5,223.0,229.0,679194,223.0,229.0,679332,1521771249582,1521771248435
click,45.0,155.5,52.0,162.0,679994,52.0,162.0,680113,1521771250363,1521771249214
click,135.0,207.5,165.0,214.0,680625,165.0,214.0,680775,1521771251025,1521771249874
click,225.0,259.5,230.0,286.0,681405,230.0,286.0,681494,1521771251743,1521771250604
click,135.0,155.5,136.0,166.0,683030,136.0,166.0,683138,1521771253387,1521771252301
click,270.0,181.5,277.0,202.0,684033,277.0,202.0,684122,1521771254372,1521771253220
click,90.0,77.5,54.0,117.0,684707,54.0,117.0,684814,1521771255064,1521771253926
click,225.0,259.5,295.0,237.0,685466,281.0,248.5,685605,1521771255855,1521771254718
click,90.0,181.5,72.0,182.0,686299,72.0,182.0,686407,1521771256657,1521771255518
click,270.0,77.5,270.0,92.0,686994,270.0,92.0,687082,1521771257332,1521771256195
click,315.0,207.5,320.0,180.0,688404,320.0,180.0,688543,1521771258793,1521771257656
click,315.0,103.5,307.0,121.0,689900,307.0,121.0,690038,1521771260290,1521771259137
click,180.0,233.5,234.0,188.0,690616,234.0,188.0,690735,1521771260985,1521771259846
click,225.0,51.5,268.0,76.0,691257,245.0,67.5,691394,1521771261647,1521771260513
click,270.0,129.5,238.0,55.0,692614,238.0,55.0,692751,1521771263785,1521771262659
click,315.0,259.5,210.0,72.0,693328,203.0,49.0,693467,1521771263893,1521771262764
