click,0,0,131.0,278.0,1140959,131.0,278.0,1141073,1521784358822,1521784358720
click,135.0,155.5,116.0,156.0,1141683,116.0,156.0,1141812,1521784359562,1521784359442
click,315.0,207.5,316.0,200.0,1142441,316.0,216.0,1142591,1521784360342,1521784360221
click,225.0,155.5,236.0,164.0,1143383,236.0,164.0,1143487,1521784361237,1521784361141
click,90.0,285.5,65.0,293.0,1144098,65.0,293.0,1144185,1521784361934,1521784361832
click,135.0,311.5,127.0,304.0,1144994,127.0,304.0,1145101,1521784362851,1521784362720
click,45.0,155.5,57.0,163.0,1146385,57.0,163.0,1146482,1521784364231,1521784364120
click,180.0,181.5,203.0,214.0,1147013,192.0,197.9973,1147143,1521784364893,1521784364777
click,45.0,103.5,45.0,133.0,1147890,45.0,133.0,1147997,1521784365746,1521784365663
click,315.0,155.5,323.0,173.0,1148757,328.0,189.0,1148872,1521784366622,1521784366509
click,135.0,51.5,85.0,64.0,1149708,85.0,64.0,1149805,1521784367555,1521784367442
click,135.0,207.5,136.0,210.0,1150529,136.0,210.0,1150648,1521784368398,1521784368280
click,225.0,51.5,236.0,74.0,1152569,236.0,74.0,1152678,1521784370428,1521784370322
click,135.0,259.5,121.0,274.0,1153437,130.0,288.0,1153542,1521784371291,1521784371181
click,270.0,181.5,289.0,184.0,1154387,289.0,184.0,1154505,1521784372255,1521784372121
click,270.0,77.5,256.0,73.0,1155253,256.0,73.0,1155359,1521784373108,1521784372979
click,90.0,181.5,71.0,194.0,1156097,71.0,194.0,1156215,1521784373967,1521784373841
click,180.0,25.5,177.0,42.0,1157037,177.0,42.0,1157143,1521784374892,1521784374760
click,315.0,259.5,302.0,265.0,1157946,302.0,265.0,1158051,1521784375801,1521784375691
click,225.0,311.5,218.0,307.0,1158961,218.0,307.0,1159078,1521784376829,1521784376693
click,135.0,155.5,94.0,165.0,1159953,94.0,165.0,1160041,1521784377791,1521784377630
click,315.0,155.5,325.0,165.0,1160745,325.0,165.0,1160850,1521784378600,1521784378472
click,90.0,77.5,82.0,82.0,1161824,82.0,82.0,1161953,1521784379703,1521784379594
click,45.0,259.5,60.0,270.0,1164660,39.5,250.0,1164760,1521784382511,1521784382439
click,270.0,77.5,289.0,83.0,1168630,274.0,69.74625,1168757,1521784386510,1521784386387
click,180.0,285.5,270.0,70.0,1169430,270.0,70.0,1169537,1521784388659,1521784388532
click,225.0,51.5,269.0,86.0,1170285,282.0,84.0,1170456,1521784388758,1521784388598
click,225.0,155.5,265.0,87.0,1170979,265.0,87.0,1171108,1521784389392,1521784389268
click,315.0,103.5,278.0,83.0,1171631,278.0,83.0,1171759,1521784389515,1521784389412
click,225.0,259.5,237.0,270.0,1172552,237.0,270.0,1172657,1521784390407,1521784390274
click,45.0,155.5,48.0,144.0,1173503,48.0,144.0,1173608,1521784391358,1521784391229
click,135.0,259.5,111.0,259.0,1174272,111.0,259.0,1174411,1521784392161,1521784392054
click,45.0,103.5,57.0,129.0,1177727,57.0,129.0,1177765,1521784395515,1521784395419
click,270.0,129.5,245.0,150.0,1178397,245.0,150.0,1178494,1521784396244,1521784396109
click,90.0,233.5,78.0,226.0,1179208,78.0,226.0,1179306,1521784397056,1521784396946
click,180.0,77.5,191.0,90.0,1180021,179.0,71.0,1180137,1521784397887,1521784397791
click,270.0,233.5,282.0,215.0,1183460,282.0,215.0,1183566,1521784401316,1521784401211
click,225.0,207.5,210.0,199.0,1184145,210.0,213.0,1184251,1521784402000,1521784401874
click,225.0,311.5,236.0,305.0,1184977,236.0,305.0,1185084,1521784402834,1521784402701
click,270.0,129.5,310.0,136.0,1185748,310.0,136.0,1185877,1521784403627,1521784403509
click,225.0,103.5,209.0,88.0,1186560,209.0,88.0,1186658,1521784404407,1521784404281
click,180.0,233.5,191.0,243.0,1187212,191.0,243.0,1187309,1521784405059,1521784404920
click,180.0,77.5,177.0,60.0,1187981,177.0,84.53616,1188087,1521784405837,1521784405744
click,45.0,207.5,41.0,199.0,1188708,41.0,199.0,1188814,1521784406563,1521784406463
click,180.0,129.5,173.0,121.0,1189520,173.0,121.0,1189617,1521784407367,1521784407238
click,180.0,25.5,162.0,33.0,1190300,162.0,33.0,1190406,1521784408155,1521784408039
click,45.0,259.5,50.0,252.0,1192869,50.0,252.0,1192981,1521784410731,1521784410605
click,315.0,103.5,299.0,108.0,1193751,299.0,108.0,1193867,1521784411617,1521784411502
click,225.0,103.5,215.0,99.0,1195257,215.0,99.0,1195384,1521784413134,1521784413039
click,225.0,155.5,240.0,157.0,1195985,240.0,157.0,1196113,1521784413863,1521784413788
click,90.0,129.5,67.0,142.0,1196711,89.0,142.0,1196816,1521784414568,1521784414431
click,225.0,259.5,227.0,268.0,1198324,227.0,268.0,1198432,1521784416182,1521784416090
click,45.0,207.5,44.0,216.0,1200709,68.0,216.0,1200770,1521784418525,1521784418404
click,135.0,311.5,135.0,303.0,1203625,135.0,303.0,1203722,1521784421472,1521784421361
click,180.0,129.5,175.0,99.0,1204341,175.0,99.0,1204469,1521784422219,1521784422066
click,180.0,285.5,163.0,303.0,1205249,180.0,303.0,1205345,1521784423102,1521784422981
click,90.0,233.5,75.0,215.0,1207128,75.0,215.0,1207235,1521784424985,1521784424861
click,180.0,233.5,217.0,221.0,1207791,203.0,223.0,1207929,1521784425680,1521784425562
click,315.0,207.5,321.0,209.0,1210355,321.0,209.0,1210474,1521784428224,1521784428095
click,90.0,285.5,68.0,273.0,1211094,95.5,288.5,1211220,1521784428972,1521784428876
click,90.0,285.5,67.0,286.0,1213785,91.80389,294.5784,1213903,1521784431653,1521784431524
click,45.0,207.5,37.0,197.0,1216221,63.0,197.0,1216360,1521784434112,1521784434246
click,135.0,51.5,128.0,67.0,1218550,128.0,67.0,1218658,1521784436408,1521784436285
click,225.0,103.5,237.0,123.0,1219845,237.0,123.0,1219951,1521784437700,1521784437592
click,90.0,129.5,69.0,129.0,1220551,91.0,121.0,1220666,1521784438418,1521784438298
click,45.0,259.5,48.0,234.0,1223969,46.0,229.0,1224076,1521784441825,1521784441699
click,180.0,25.5,178.0,53.0,1224793,178.0,53.0,1224890,1521784442640,1521784442507
click,135.0,103.5,115.0,115.0,1225423,129.0,115.0,1225521,1521784443271,1521784443192
click,90.0,181.5,64.0,187.0,1226075,64.0,187.0,1226162,1521784443912,1521784443762
click,315.0,155.5,311.0,164.0,1226759,323.0,145.0,1226875,1521784444625,1521784444499
click,315.0,259.5,297.0,280.0,1227646,297.0,258.5,1227732,1521784445483,1521784445373
click,180.0,181.5,144.0,198.0,1228372,173.0,198.0,1228499,1521784446254,1521784446138
click,135.0,103.5,137.0,118.0,1229110,137.0,133.0,1229215,1521784446965,1521784446846
click,270.0,181.5,275.0,199.0,1229816,275.0,199.0,1229912,1521784447662,1521784447541
click,90.0,181.5,54.0,212.0,1230574,54.0,212.0,1230671,1521784448421,1521784448362
click,270.0,77.5,298.0,77.0,1231332,298.0,77.0,1231438,1521784449188,1521784449069
click,225.0,51.5,210.0,50.0,1232133,210.0,50.0,1232239,1521784449990,1521784449856
click,270.0,285.5,267.0,295.0,1232882,267.0,295.0,1232988,1521784450737,1521784450608
click,90.0,129.5,45.0,137.0,1233737,45.0,137.0,1233834,1521784451584,1521784451460
click,225.0,259.5,230.0,268.0,1234592,230.0,268.0,1234655,1521784452404,1521784452278
click,90.0,77.5,52.0,111.0,1235233,61.0,91.0,1235338,1521784453091,1521784452968
click,180.0,285.5,138.0,287.0,1236034,138.0,287.0,1236107,1521784453856,1521784453741
click,90.0,233.5,69.0,227.0,1236675,69.0,227.0,1236781,1521784454532,1521784454390
click,315.0,259.5,300.0,263.0,1237391,300.0,263.0,1237497,1521784455247,1521784455132
click,135.0,51.5,135.0,46.0,1239046,135.0,46.0,1239174,1521784456925,1521784456836
click,135.0,103.5,127.0,81.0,1239731,127.0,81.0,1239828,1521784457578,1521784457456
click,135.0,207.5,111.0,226.0,1240477,111.0,226.0,1240584,1521784458334,1521784458215
click,270.0,233.5,266.0,263.0,1241163,266.0,248.0,1241260,1521784459010,1521784458874
click,225.0,207.5,216.0,244.0,1241890,216.0,244.0,1241987,1521784459737,1521784459620
click,180.0,77.5,177.0,58.0,1242681,177.0,58.0,1242786,1521784460536,1521784460421
click,45.0,155.5,43.0,172.0,1244166,43.0,172.0,1244271,1521784462021,1521784461964
click,270.0,129.5,253.0,134.0,1244839,253.0,134.0,1244945,1521784462694,1521784462583
click,270.0,285.5,283.0,288.0,1245629,283.0,288.0,1245747,1521784463498,1521784463363
click,45.0,103.5,51.0,128.0,1247874,51.0,128.0,1248002,1521784465752,1521784465629
click,315.0,103.5,294.0,111.0,1248707,294.0,111.0,1248813,1521784466563,1521784466446
click,180.0,181.5,173.0,188.0,1249562,173.0,188.0,1249668,1521784467418,1521784467313
click,270.0,181.5,269.0,162.0,1251121,269.0,162.0,1251228,1521784468978,1521784468855
click,225.0,207.5,217.0,204.0,1251838,217.0,204.0,1251924,1521784469674,1521784469559
click,135.0,207.5,119.0,218.0,1252511,143.0,230.0,1252638,1521784470395,1521784470305
click,135.0,155.5,90.0,162.0,1254851,90.0,162.0,1254939,1521784472689,1521784472571
click,90.0,77.5,109.0,67.0,1255578,109.0,67.0,1255665,1521784473415,1521784473306
click,225.0,311.5,238.0,310.0,1256551,238.0,310.0,1256657,1521784474406,1521784474295
click,135.0,311.5,85.0,294.0,1257235,99.0,303.0,1257352,1521784475102,1521784474977
click,315.0,207.5,306.0,230.0,1257919,306.0,207.90547,1258024,1521784475774,1521784475654
click,180.0,233.5,162.0,238.0,1259339,162.0,238.0,1259427,1521784477176,1521784477060
click,270.0,285.5,290.0,277.0,1259970,290.0,277.0,1260068,1521784477817,1521784477672
click,180.0,129.5,155.0,135.0,1260793,155.0,135.0,1260899,1521784478648,1521784478512
click,270.0,233.5,290.0,241.0,1261498,290.0,241.0,1261627,1521784479377,1521784479247
