click,0,0,85.0,292.0,2855784,85.0,292.0,2855976,1536806643277,1536806643016
click,270.0,285.5,276.0,294.0,2857221,276.0,294.0,2857298,1536806644596,1536806644289
click,45.0,155.5,40.0,161.0,2858346,40.0,161.0,2858496,1536806645794,1536806645499
click,180.0,285.5,191.0,294.0,2859596,191.0,294.0,2859724,1536806647023,1536806646758
click,225.0,311.5,237.0,312.0,2860792,237.0,312.0,2860898,1536806648196,1536806647911
click,180.0,233.5,177.0,236.0,2861851,177.0,251.0,2861956,1536806649254,1536806648975
click,45.0,259.5,57.0,260.0,2863090,57.0,260.0,2863218,1536806650517,1536806650224
click,135.0,51.5,139.0,46.0,2865187,139.0,46.0,2865316,1536806652615,1536806652311
click,135.0,207.5,140.0,213.0,2866498,140.0,213.0,2866647,1536806653946,1536806653608
click,315.0,259.5,305.0,260.0,2871235,305.0,260.0,2871374,1536806658672,1536806658412
click,225.0,51.5,211.0,45.0,2873422,211.0,45.0,2873555,1536806660853,1536806660571
click,270.0,181.5,282.0,194.0,2874456,282.0,194.0,2874585,1536806661884,1536806661597
click,225.0,259.5,233.0,267.0,2876914,233.0,267.0,2877019,1536806664318,1536806664076
click,90.0,233.5,99.0,245.0,2878335,99.0,245.0,2878453,1536806665751,1536806665455
click,225.0,103.5,243.0,93.0,2879531,243.0,93.0,2879650,1536806666948,1536806666650
click,135.0,155.5,149.0,166.0,2880685,149.0,166.0,2880791,1536806668089,1536806667816
click,90.0,77.5,111.0,70.0,2881882,111.0,70.0,2882021,1536806669319,1536806669027
click,270.0,285.5,280.0,282.0,2883014,280.0,282.0,2883132,1536806670430,1536806670118
click,135.0,259.5,144.0,277.0,2884350,138.0,263.0,2884465,1536806671769,1536806671473
click,45.0,259.5,61.0,258.0,2886732,61.0,258.0,2886861,1536806674159,1536806673894
click,135.0,311.5,134.0,311.0,2887950,134.0,311.0,2888079,1536806675378,1536806675093
click,45.0,207.5,58.0,212.0,2889243,58.0,212.0,2889371,1536806676672,1536806676377
click,180.0,181.5,201.0,201.0,2890461,201.0,201.0,2890567,1536806677865,1536806677567
click,315.0,155.5,314.0,140.0,2891761,314.0,140.0,2891827,1536806679125,1536806678832
click,45.0,103.5,63.0,109.0,2893666,63.0,109.0,2893805,1536806681104,1536806680825
click,90.0,77.5,104.0,85.0,2894743,104.0,85.0,2894874,1536806682172,1536806681868
click,135.0,155.5,152.0,153.0,2895931,152.0,153.0,2896048,1536806683346,1536806683052
click,90.0,181.5,88.0,179.0,2897277,88.0,179.0,2897426,1536806684725,1536806684463
click,225.0,51.5,255.0,60.0,2898289,255.0,60.0,2898463,1536806685761,1536806685470
click,225.0,311.5,226.0,313.0,2899585,226.0,313.0,2899723,1536806687022,1536806686744
click,135.0,103.5,155.0,99.0,2900771,155.0,99.0,2900931,1536806688230,1536806687929
click,270.0,129.5,292.0,130.0,2902085,292.0,130.0,2902213,1536806689512,1536806689220
click,225.0,259.5,248.0,273.0,2903271,248.0,273.0,2903420,1536806690719,1536806690435
click,45.0,155.5,58.0,155.0,2904433,58.0,155.0,2904574,1536806691873,1536806691615
click,90.0,129.5,103.0,131.0,2905632,103.0,115.5,2905772,1536806693070,1536806692749
click,315.0,259.5,302.0,245.0,2921446,302.0,245.0,2921518,1536806708816,1536806708546
click,135.0,103.5,148.0,98.0,2925162,148.0,98.0,2925322,1536806712620,1536806712349
click,90.0,77.5,112.0,74.0,2926914,112.0,74.0,2927073,1536806714372,1536806714061
click,90.0,181.5,100.0,183.0,2928239,100.0,183.0,2928388,1536806715687,1536806715369
click,225.0,259.5,246.0,262.0,2929607,246.0,262.0,2929756,1536806717055,1536806716770
click,315.0,155.5,327.0,165.0,2930917,327.0,165.0,2930962,1536806718260,1536806717948
click,180.0,25.5,197.0,38.0,2933179,197.0,38.0,2933318,1536806720617,1536806720310
click,270.0,77.5,281.0,76.0,2934626,281.0,76.0,2934746,1536806722045,1536806721744
click,90.0,233.5,97.0,248.0,2935846,97.0,248.0,2935995,1536806723294,1536806723005
click,315.0,207.5,320.0,200.0,2940271,335.0,200.0,2940332,1536806727631,1536806727340
click,135.0,311.5,141.0,307.0,2941402,141.0,307.0,2941541,1536806728839,1536806728540
click,225.0,155.5,248.0,149.0,2942598,248.0,149.0,2942714,1536806730012,1536806729700
click,180.0,181.5,177.0,170.0,2943335,177.0,170.0,2943485,1536806730784,1536806730599
click,225.0,155.5,240.0,153.0,2945771,240.0,153.0,2945888,1536806733186,1536806732877
click,225.0,311.5,227.0,311.0,2948126,227.0,311.0,2948238,1536806735536,1536806735231
click,180.0,25.5,190.0,33.0,2949329,190.0,33.0,2949458,1536806736756,1536806736467
click,270.0,233.5,291.0,238.0,2950600,291.0,238.0,2950760,1536806738058,1536806737748
click,90.0,285.5,109.0,291.0,2951701,109.0,291.0,2951851,1536806739149,1536806738866
click,270.0,129.5,297.0,129.0,2952993,297.0,129.0,2953133,1536806740431,1536806740137
click,180.0,285.5,200.0,287.0,2954319,200.0,287.0,2954512,1536806741811,1536806741528
click,315.0,103.5,303.0,102.0,2958229,303.0,102.0,2958260,1536806745558,1536806745282
click,225.0,207.5,251.0,216.0,2959393,227.0,209.0,2959498,1536806746802,1536806746493
click,90.0,181.5,99.0,177.0,2961626,99.0,177.0,2961744,1536806749043,1536806748756
click,270.0,77.5,283.0,78.0,2962983,283.0,78.0,2963089,1536806750387,1536806750113
click,180.0,77.5,199.0,72.0,2964137,199.0,72.0,2964276,1536806751574,1536806751292
click,315.0,207.5,323.0,195.0,2966762,323.0,195.0,2966850,1536806754148,1536806753850
click,225.0,207.5,236.0,217.0,2967930,236.0,217.0,2968090,1536806755390,1536806755107
click,135.0,259.5,142.0,274.0,2969191,142.0,274.0,2969308,1536806756606,1536806756316
click,180.0,77.5,186.0,65.0,2970430,186.0,65.0,2970558,1536806757857,1536806757593
click,225.0,155.5,244.0,153.0,2971626,244.0,153.0,2971744,1536806759043,1536806758746
click,135.0,51.5,138.0,55.0,2973486,138.0,55.0,2973591,1536806760889,1536806760604
click,180.0,285.5,168.0,291.0,2974661,168.0,291.0,2974788,1536806762087,1536806761806
click,90.0,233.5,99.0,234.0,2975953,99.0,234.0,2976072,1536806763370,1536806763083
click,180.0,181.5,196.0,178.0,2977236,196.0,178.0,2977341,1536806764639,1536806764341
click,90.0,285.5,105.0,298.0,2978475,105.0,298.0,2978591,1536806765889,1536806765591
click,270.0,77.5,283.0,70.0,2979736,283.0,70.0,2979864,1536806767164,1536806766862
click,315.0,155.5,325.0,159.0,2980995,325.0,159.0,2981125,1536806768424,1536806768128
click,180.0,77.5,189.0,69.0,2984181,189.0,69.0,2984298,1536806771597,1536806771312
click,180.0,129.5,179.0,122.0,2985399,179.0,122.0,2985537,1536806772836,1536806772543
click,45.0,207.5,40.0,216.0,2986702,40.0,216.0,2986852,1536806774150,1536806773841
click,315.0,103.5,307.0,110.0,2989085,307.0,110.0,2989217,1536806776516,1536806776220
click,135.0,155.5,156.0,162.0,2990367,143.0,155.0,2990591,1536806777890,1536806777579
click,90.0,129.5,99.0,124.0,2991681,99.0,124.0,2991841,1536806779140,1536806778848
click,225.0,207.5,252.0,213.0,2993017,252.0,213.0,2993177,1536806780475,1536806780173
click,270.0,129.5,286.0,127.0,2994246,286.0,127.0,2994372,1536806781670,1536806781385
click,270.0,233.5,290.0,246.0,2995602,290.0,246.0,2995783,1536806783081,1536806782776
click,135.0,259.5,144.0,259.0,2996746,144.0,259.0,2996874,1536806784172,1536806783858
click,45.0,103.5,62.0,113.0,2998145,62.0,113.0,2998294,1536806785593,1536806785290
click,225.0,103.5,242.0,91.0,3000015,242.0,91.0,3000154,1536806787452,1536806787182
click,315.0,259.5,306.0,253.0,3005060,306.0,253.0,3005078,1536806792376,1536806792089
click,90.0,129.5,101.0,128.0,3006127,101.0,128.0,3006266,1536806793564,1536806793273
click,225.0,51.5,240.0,54.0,3007653,240.0,54.0,3007772,1536806795071,1536806794780
click,45.0,155.5,49.0,156.0,3009044,49.0,156.0,3009171,1536806796470,1536806796172
click,315.0,207.5,318.0,216.0,3011091,318.0,216.0,3011126,1536806798424,1536806798153
click,135.0,51.5,149.0,49.0,3012132,149.0,49.0,3012260,1536806799558,1536806799265
click,270.0,181.5,282.0,191.0,3013307,282.0,191.0,3013467,1536806800765,1536806800481
click,45.0,103.5,65.0,111.0,3014407,65.0,111.0,3014621,1536806801920,1536806801631
click,180.0,129.5,196.0,119.0,3015444,196.0,119.0,3015583,1536806802882,1536806802582
click,180.0,233.5,199.0,248.0,3016427,185.0,238.0,3016587,1536806803885,1536806803607
click,135.0,207.5,141.0,213.0,3017473,127.0,197.8964,3017612,1536806804911,1536806804648
click,135.0,103.5,140.0,97.0,3018552,140.0,97.0,3018713,1536806806013,1536806805708
click,180.0,233.5,180.0,252.0,3020796,180.0,252.0,3020894,1536806808192,1536806807884
click,270.0,233.5,295.0,245.0,3022364,295.0,245.0,3022540,1536806809838,1536806809541
click,180.0,25.5,186.0,30.0,3024879,186.0,30.0,3025021,1536806812320,1536806812011
click,45.0,259.5,63.0,262.0,3026032,63.0,262.0,3026074,1536806813373,1536806813069
click,315.0,103.5,65.0,261.0,3026169,65.0,261.0,3026277,1536806813575,1536806813250
click,270.0,285.5,283.0,292.0,3027485,283.0,292.0,3027624,1536806814923,1536806814630
click,45.0,207.5,53.0,199.0,3028500,53.0,199.0,3028618,1536806815917,1536806815632
click,135.0,207.5,138.0,203.0,3029557,138.0,203.0,3029686,1536806816986,1536806816697
click,135.0,311.5,145.0,314.0,3030509,145.0,314.0,3030680,1536806817979,1536806817688
click,180.0,129.5,199.0,124.0,3031653,199.0,124.0,3031802,1536806819101,1536806818777
click,225.0,103.5,242.0,110.0,3032805,242.0,110.0,3032945,1536806820244,1536806819957
click,270.0,181.5,288.0,176.0,3033715,288.0,176.0,3033842,1536806821142,1536806820847
