click,0,0,63.0,189.0,11610568,63.0,189.0,11610638,1536832166904,1536832166845
click,270.0,181.5,293.0,171.0,11612520,293.0,171.0,11612607,1536832168873,1536832168779
click,135.0,311.5,151.0,309.0,11614886,151.0,309.0,11614954,1536832171219,1536832171140
click,315.0,103.5,304.0,120.0,11616612,304.0,120.0,11616718,1536832172984,1536832172878
click,270.0,285.5,267.0,293.0,11618482,267.0,293.0,11618568,1536832174834,1536832174810
click,225.0,51.5,213.0,46.0,11620973,213.0,46.0,11621065,1536832177331,1536832177252
click,90.0,233.5,81.0,249.0,11622816,81.0,249.0,11622889,1536832179155,1536832179068
click,180.0,285.5,174.0,291.0,11624131,174.0,291.0,11624203,1536832180469,1536832180415
click,225.0,311.5,229.0,300.0,11626301,229.0,300.0,11626397,1536832182662,1536832182580
click,180.0,129.5,164.0,138.0,11627464,182.0,138.0,11627550,1536832183817,1536832183734
click,315.0,207.5,313.0,208.0,11629995,313.0,208.0,11630097,1536832186363,1536832186283
click,315.0,155.5,318.0,165.0,11633700,318.0,165.0,11633792,1536832190058,1536832189949
click,225.0,103.5,224.0,99.0,11639623,224.0,99.0,11639710,1536832195975,1536832195879
click,135.0,51.5,133.0,58.0,11641267,133.0,58.0,11641355,1536832197621,1536832197564
click,45.0,207.5,41.0,203.0,11642337,41.0,203.0,11642423,1536832198689,1536832198608
click,90.0,77.5,80.0,79.0,11644173,80.0,79.0,11644279,1536832200546,1536832200443
click,90.0,129.5,77.0,130.0,11646023,77.0,130.0,11646095,1536832202361,1536832202258
click,45.0,259.5,71.0,286.0,11648117,71.0,286.0,11648214,1536832204480,1536832204400
click,90.0,233.5,86.0,254.0,11649762,86.0,254.0,11649849,1536832206114,1536832206021
click,180.0,233.5,196.0,252.0,11651525,196.0,252.0,11651597,1536832207863,1536832207781
click,135.0,103.5,133.0,95.0,11652721,133.0,95.0,11652784,1536832209051,1536832208951
click,270.0,77.5,287.0,63.0,11654025,287.0,63.0,11654097,1536832210363,1536832210268
click,180.0,77.5,174.0,75.0,11655039,174.0,75.0,11655103,1536832211369,1536832211321
click,45.0,155.5,49.0,161.0,11656942,57.0,175.0,11657047,1536832213313,1536832213229
click,315.0,207.5,299.0,230.0,11660007,299.0,230.0,11660105,1536832216370,1536832216286
click,315.0,259.5,302.0,263.0,11663741,302.0,263.0,11663867,1536832220133,1536832220029
click,135.0,311.5,127.0,313.0,11665649,127.0,313.0,11665754,1536832222020,1536832221938
click,45.0,259.5,57.0,251.0,11667380,57.0,251.0,11667485,1536832223751,1536832223665
click,180.0,77.5,185.0,82.0,11669271,185.0,82.0,11669367,1536832225633,1536832225542
click,270.0,285.5,283.0,282.0,11670595,283.0,282.0,11670682,1536832226948,1536832226874
click,225.0,103.5,221.0,89.0,11672455,221.0,89.0,11672541,1536832228807,1536832228757
click,225.0,311.5,232.0,314.0,11673744,232.0,314.0,11673767,1536832230033,1536832229989
click,135.0,207.5,128.0,209.0,11675616,128.0,209.0,11675714,1536832231980,1536832231909
click,45.0,207.5,39.0,202.0,11676910,39.0,202.0,11676982,1536832233248,1536832233177
click,135.0,155.5,107.0,159.0,11678769,107.0,159.0,11678841,1536832235107,1536832235029
click,90.0,233.5,79.0,246.0,11681857,65.0,246.0,11681944,1536832238210,1536832238107
click,90.0,77.5,84.0,77.0,11685426,84.0,77.0,11685524,1536832241789,1536832241731
click,270.0,129.5,281.0,135.0,11687306,281.0,135.0,11687379,1536832243645,1536832243548
click,225.0,259.5,223.0,276.0,11689134,223.0,276.0,11689206,1536832245472,1536832245391
click,135.0,51.5,132.0,52.0,11691002,132.0,52.0,11691101,1536832247366,1536832247270
click,270.0,77.5,262.0,67.0,11692328,262.0,67.0,11692391,1536832248656,1536832248623
click,315.0,259.5,289.0,253.0,11693439,289.0,253.0,11693512,1536832249777,1536832249694
click,180.0,233.5,190.0,212.0,11695508,190.0,212.0,11695561,1536832251827,1536832251741
click,135.0,155.5,122.0,163.0,11698313,122.0,163.0,11698377,1536832254643,1536832254558
click,90.0,285.5,97.0,289.0,11700173,97.0,289.0,11700278,1536832256545,1536832256462
click,135.0,259.5,146.0,256.0,11702585,146.0,256.0,11702659,1536832258925,1536832258850
click,135.0,103.5,126.0,86.0,11704510,126.0,86.0,11704582,1536832260848,1536832260780
click,45.0,103.5,52.0,113.0,11705738,52.0,113.0,11705825,1536832262091,1536832262020
click,315.0,259.5,301.0,261.0,11713896,301.0,261.0,11713991,1536832270257,1536832270186
click,135.0,311.5,115.0,303.0,11714952,115.0,303.0,11715049,1536832271315,1536832271223
click,225.0,51.5,230.0,59.0,11716448,230.0,59.0,11716545,1536832272811,1536832272721
click,225.0,207.5,241.0,194.0,11718328,241.0,194.0,11718425,1536832274691,1536832274605
click,225.0,311.5,248.0,307.0,11719502,248.0,307.0,11719609,1536832275875,1536832275779
click,135.0,207.5,103.0,206.0,11721170,103.0,206.0,11721243,1536832277509,1536832277447
click,315.0,207.5,316.0,215.0,11723579,316.0,215.0,11723671,1536832279937,1536832279888
click,270.0,285.5,278.0,285.0,11724556,278.0,285.0,11724655,1536832280920,1536832280841
click,180.0,181.5,171.0,190.0,11727020,171.0,171.0,11727112,1536832283378,1536832283294
click,270.0,129.5,303.0,145.0,11728736,303.0,145.0,11728822,1536832285088,1536832285003
click,270.0,233.5,280.0,249.0,11730018,280.0,249.0,11730090,1536832286356,1536832286293
click,180.0,285.5,166.0,279.0,11731150,166.0,279.0,11731237,1536832287503,1536832287418
click,225.0,259.5,247.0,288.0,11733308,235.5,266.5,11733405,1536832289676,1536832289587
click,90.0,77.5,229.0,266.0,11734963,229.0,266.0,11735050,1536832291809,1536832291755
click,270.0,77.5,223.0,252.0,11736353,223.0,252.0,11736441,1536832292707,1536832292633
click,225.0,51.5,225.0,48.0,11737518,225.0,48.0,11737605,1536832293871,1536832293784
click,180.0,181.5,174.0,185.0,11739450,174.0,185.0,11739515,1536832295781,1536832295717
click,135.0,51.5,129.0,54.0,11742224,129.0,54.0,11742317,1536832298583,1536832298518
click,270.0,129.5,296.0,142.0,11743320,296.0,142.0,11743417,1536832299683,1536832299607
click,270.0,233.5,280.0,233.0,11744654,280.0,233.0,11744728,1536832300995,1536832300918
click,135.0,259.5,127.0,279.0,11747014,141.0,269.0,11747102,1536832303367,1536832303292
click,225.0,155.5,227.0,136.0,11749622,227.0,136.0,11749701,1536832305967,1536832305888
click,315.0,155.5,319.0,155.0,11750768,319.0,155.0,11750803,1536832307069,1536832306997
click,90.0,129.5,78.0,131.0,11751678,95.0,126.0,11751767,1536832308033,1536832307948
click,180.0,181.5,200.0,193.0,11752812,200.0,193.0,11752898,1536832309164,1536832309079
click,45.0,259.5,59.0,267.0,11754009,59.0,267.0,11754106,1536832310372,1536832310268
click,225.0,103.5,220.0,77.0,11755312,220.0,77.0,11755385,1536832311651,1536832311578
click,180.0,25.5,187.0,47.0,11757433,187.0,47.0,11757525,1536832313791,1536832313784
click,225.0,207.5,229.0,203.0,11759031,229.0,203.0,11759094,1536832315359,1536832315328
click,135.0,207.5,140.0,198.0,11761033,140.0,198.0,11761101,1536832317367,1536832317287
click,45.0,207.5,58.0,209.0,11762728,58.0,209.0,11762814,1536832319080,1536832318982
click,225.0,155.5,236.0,177.0,11764084,236.0,177.0,11764171,1536832320437,1536832320400
click,270.0,233.5,287.0,246.0,11765538,287.0,246.0,11765609,1536832321875,1536832321817
click,180.0,77.5,175.0,67.0,11767899,175.0,67.0,11767964,1536832324229,1536832324153
click,90.0,129.5,78.0,114.0,11769860,78.0,114.0,11769919,1536832326185,1536832326106
click,45.0,155.5,41.0,151.0,11771608,41.0,151.0,11771695,1536832327961,1536832327867
click,90.0,181.5,95.0,176.0,11775201,95.0,176.0,11775253,1536832331519,1536832331438
click,180.0,129.5,180.0,127.0,11776569,180.0,127.0,11776666,1536832332932,1536832332837
click,225.0,259.5,218.0,274.0,11778385,218.0,274.0,11778457,1536832334723,1536832334629
click,315.0,103.5,300.0,94.0,11780430,300.0,94.0,11780512,1536832336778,1536832336704
click,45.0,103.5,53.0,109.0,11781697,53.0,109.0,11781784,1536832338050,1536832337984
click,180.0,25.5,173.0,30.0,11785142,173.0,30.0,11785224,1536832341490,1536832341418
click,135.0,259.5,131.0,274.0,11786132,131.0,274.0,11786204,1536832342470,1536832342381
click,135.0,155.5,133.0,157.0,11788133,133.0,157.0,11788215,1536832344481,1536832344403
click,315.0,155.5,317.0,157.0,11790592,317.0,157.0,11790684,1536832346950,1536832346866
click,270.0,181.5,273.0,187.0,11792589,273.0,187.0,11792657,1536832348923,1536832348853
click,90.0,285.5,90.0,285.0,11794370,90.0,285.0,11794456,1536832350723,1536832350657
click,225.0,155.5,228.0,133.0,11796165,228.0,133.0,11796237,1536832352503,1536832352463
click,90.0,181.5,70.0,191.0,11798280,70.0,191.0,11798353,1536832354618,1536832354527
click,315.0,103.5,293.0,75.0,11800623,293.0,75.0,11800693,1536832356958,1536832356877
click,180.0,25.5,198.0,41.0,11804958,198.0,41.0,11805045,1536832361311,1536832361241
click,180.0,233.5,149.0,219.0,11807208,149.0,219.0,11807287,1536832363553,1536832363483
click,225.0,207.5,236.0,213.0,11808849,236.0,213.0,11808936,1536832365202,1536832365111
click,45.0,103.5,56.0,107.0,11810163,56.0,107.0,11810250,1536832366516,1536832366425
click,135.0,103.5,107.0,104.0,11812066,107.0,104.0,11812138,1536832368404,1536832368323
click,270.0,181.5,285.0,193.0,11814561,285.0,193.0,11814637,1536832370903,1536832370828
click,180.0,285.5,194.0,283.0,11815836,194.0,283.0,11815909,1536832372175,1536832372123
click,90.0,285.5,83.0,286.0,11817728,83.0,286.0,11817825,1536832374091,1536832374051
click,45.0,155.5,45.0,165.0,11819523,45.0,165.0,11819609,1536832375875,1536832375784
click,180.0,129.5,185.0,114.0,11821467,185.0,114.0,11821554,1536832377820,1536832377737
