click,0,0,48.0,173.0,16282589,56.0,159.0,16282750,1536893322128,1536893322571
click,225.0,259.5,241.0,268.0,16283516,241.0,268.0,16283676,1536893323055,1536893323539
click,225.0,155.5,240.0,158.0,16284744,240.0,158.0,16284938,1536893324316,1536893324752
click,315.0,155.5,313.0,167.0,16285599,313.0,167.0,16285823,1536893325201,1536893325650
click,45.0,207.5,80.0,207.0,16286581,80.0,207.0,16286729,1536893326107,1536893326536
click,225.0,103.5,242.0,120.0,16287564,231.0,106.0,16287724,1536893327101,1536893327549
click,45.0,259.5,79.0,266.0,16288491,65.0,265.0,16288726,1536893328108,1536893328550
click,180.0,181.5,180.0,186.0,16289401,180.0,186.0,16289551,1536893328929,1536893329386
click,135.0,103.5,134.0,119.0,16290160,134.0,119.0,16290288,1536893329666,1536893330099
click,90.0,285.5,100.0,276.0,16291089,100.0,276.0,16291283,1536893330662,1536893331112
click,90.0,233.5,91.0,240.0,16292178,91.0,240.0,16292307,1536893331685,1536893332123
click,135.0,155.5,162.0,173.0,16293236,162.0,173.0,16293364,1536893332743,1536893333190
click,270.0,181.5,267.0,183.0,16295628,267.0,183.0,16295768,1536893335147,1536893335567
click,45.0,103.5,75.0,117.0,16296493,75.0,117.0,16296718,1536893336096,1536893336536
click,225.0,155.5,249.0,161.0,16297359,249.0,161.0,16297552,1536893336930,1536893337390
click,45.0,155.5,62.0,176.0,16298224,62.0,176.0,16298373,1536893337751,1536893338191
click,315.0,207.5,315.0,208.0,16299182,315.0,208.0,16299291,1536893338669,1536893339151
click,270.0,129.5,299.0,153.0,16299954,282.61246,153.0,16300103,1536893339480,1536893339936
click,225.0,51.5,225.0,53.0,16301716,235.5,42.0,16301864,1536893341243,1536893341711
click,225.0,103.5,232.0,115.0,16302635,225.0,88.0,16302806,1536893342185,1536893342630
click,180.0,181.5,211.0,214.0,16303458,187.0,200.5,16303584,1536893342962,1536893343426
click,315.0,259.5,306.0,258.0,16305622,306.0,258.0,16305701,1536893345079,1536893345513
click,90.0,285.5,107.0,283.0,16306523,124.0,290.0,16306692,1536893346070,1536893346521
click,45.0,259.5,70.0,270.0,16308734,70.0,270.0,16308873,1536893348251,1536893348714
click,315.0,103.5,307.0,126.0,16311870,324.0,126.0,16311948,1536893351327,1536893351790
click,315.0,207.5,318.0,210.0,16315364,318.0,210.0,16315505,1536893354882,1536893355333
click,315.0,259.5,298.0,263.0,16324083,298.0,263.0,16324180,1536893363557,1536893364029
click,180.0,129.5,209.0,114.0,16325085,209.0,114.0,16325258,1536893364635,1536893365094
click,225.0,259.5,244.0,293.0,16325941,244.0,270.0,16326154,1536893365532,1536893365975
click,270.0,285.5,282.0,285.0,16326764,282.0,285.0,16326988,1536893366366,1536893366818
click,135.0,259.5,153.0,269.0,16327693,153.0,269.0,16327864,1536893367242,1536893367687
click,270.0,233.5,307.0,255.0,16328761,286.99338,232.00995,16329039,1536893368417,1536893368850
click,90.0,233.5,98.0,236.0,16330043,98.0,236.0,16330237,1536893369614,1536893370060
click,225.0,311.5,233.0,311.0,16331116,233.0,311.0,16331292,1536893370670,1536893371108
click,90.0,181.5,102.0,204.0,16332019,90.0,176.0,16332211,1536893371590,1536893372046
click,270.0,129.5,114.0,190.0,16333170,114.0,190.0,16333350,1536893373744,1536893374194
click,270.0,77.5,94.0,191.0,16333961,97.0,172.0,16334156,1536893373857,1536893374302
click,180.0,77.5,109.0,163.0,16334634,109.0,163.0,16334848,1536893374491,1536893374941
click,180.0,285.5,201.0,296.0,16336152,201.0,296.0,16336357,1536893375735,1536893376193
click,270.0,285.5,283.0,265.0,16337039,283.0,265.0,16337285,1536893376662,1536893377121
click,270.0,233.5,292.0,244.0,16338029,292.0,244.0,16338267,1536893377645,1536893378104
click,90.0,77.5,107.0,85.0,16339122,107.0,85.0,16339316,1536893378693,1536893379145
click,90.0,181.5,101.0,171.0,16340060,101.0,171.0,16340240,1536893379618,1536893380079
click,225.0,51.5,243.0,58.0,16341567,243.0,58.0,16341761,1536893381139,1536893381583
click,225.0,207.5,248.0,213.0,16342476,248.0,213.0,16342646,1536893382024,1536893382465
click,180.0,233.5,193.0,241.0,16343373,193.0,241.0,16343553,1536893382930,1536893383376
click,135.0,311.5,167.0,305.0,16344355,167.0,305.0,16344612,1536893383990,1536893384447
click,270.0,129.5,293.0,119.0,16345359,293.0,119.0,16345605,1536893384983,1536893385410
click,180.0,129.5,185.0,136.0,16348851,185.0,136.0,16349022,1536893388399,1536893388857
click,180.0,77.5,200.0,87.0,16349717,200.0,87.0,16349878,1536893389255,1536893389692
click,135.0,51.5,145.0,48.0,16350679,144.40079,37.899944,16350837,1536893390215,1536893390668
click,135.0,155.5,138.0,154.0,16352986,138.0,154.0,16353166,1536893392543,1536893392999
click,270.0,77.5,257.0,65.0,16354524,272.0,74.0,16354759,1536893394138,1536893394584
click,135.0,207.5,137.0,217.0,16355601,137.0,217.0,16355762,1536893395141,1536893395593
click,270.0,285.5,264.0,278.0,16356543,264.0,278.0,16356747,1536893396125,1536893396611
click,180.0,233.5,200.0,233.0,16357493,200.0,233.0,16357643,1536893397021,1536893397469
click,315.0,155.5,320.0,159.0,16358740,320.0,159.0,16358893,1536893398270,1536893398733
click,45.0,207.5,71.0,219.0,16359714,71.0,219.0,16359909,1536893399287,1536893399730
click,135.0,103.5,138.0,109.0,16360559,153.5,109.0,16360762,1536893400139,1536893400597
click,90.0,129.5,97.0,108.0,16362598,97.0,108.0,16362759,1536893402137,1536893402592
click,90.0,77.5,120.0,68.0,16364413,93.0,80.28329,16364680,1536893404058,1536893404591
click,45.0,207.5,100.0,80.0,16365428,100.0,80.0,16365622,1536893406173,1536893406663
click,90.0,129.5,87.0,73.0,16366304,106.0,88.0,16366528,1536893406443,1536893406947
click,180.0,181.5,102.0,70.0,16367233,102.0,70.0,16367437,1536893408408,1536893408860
click,225.0,51.5,130.0,175.0,16368525,130.0,175.0,16368579,1536893408566,1536893409071
click,225.0,103.5,262.0,105.0,16370256,244.0,114.0,16370491,1536893409871,1536893410385
click,45.0,259.5,265.0,96.0,16371281,250.0,102.0,16371334,1536893411967,1536893412504
click,180.0,233.5,248.0,89.0,16371363,248.0,89.0,16371550,1536893412228,1536893412651
click,90.0,285.5,239.0,103.0,16372146,239.0,103.0,16372306,1536893412469,1536893412997
click,270.0,77.5,292.0,85.0,16376944,292.0,85.0,16377138,1536893416517,1536893417032
click,180.0,25.5,191.0,33.0,16377927,180.0,40.0,16378149,1536893417528,1536893417958
click,135.0,207.5,206.0,41.0,16381153,206.0,41.0,16381323,1536893420701,1536893421142
click,45.0,103.5,61.0,123.0,16384836,61.0,103.94447,16385071,1536893424449,1536893424900
click,90.0,129.5,103.0,131.0,16385927,103.0,131.0,16386131,1536893425509,1536893426031
click,225.0,311.5,242.0,307.0,16387166,242.0,307.0,16387380,1536893426757,1536893427208
click,135.0,207.5,158.0,214.0,16388138,158.0,214.0,16388394,1536893427772,1536893428284
click,270.0,181.5,279.0,167.0,16389131,279.0,167.0,16389366,1536893428744,1536893429258
click,315.0,103.5,309.0,109.0,16394912,309.0,109.0,16394995,1536893434373,1536893434927
click,135.0,259.5,130.0,273.0,16396096,130.0,273.0,16396267,1536893435645,1536893436169
click,180.0,129.5,203.0,142.0,16396950,194.0,134.0,16397162,1536893436549,1536893437004
click,315.0,259.5,305.0,253.0,16403091,305.0,253.0,16403178,1536893442556,1536893443021
click,315.0,207.5,318.0,218.0,16404264,318.0,218.0,16404397,1536893443775,1536893444239
click,180.0,25.5,195.0,36.0,16405249,195.0,36.0,16405473,1536893444851,1536893445361
click,135.0,51.5,139.0,54.0,16406158,139.0,54.0,16406361,1536893445739,1536893446179
click,180.0,25.5,182.0,33.0,16408569,182.0,33.0,16408646,1536893448023,1536893448502
click,90.0,181.5,112.0,193.0,16409458,112.0,193.0,16409531,1536893448908,1536893449353
click,270.0,233.5,100.0,170.0,16409553,100.0,170.0,16409723,1536893449105,1536893449537
click,225.0,207.5,266.0,202.0,16410537,259.0,202.0,16410716,1536893450094,1536893450538
click,225.0,311.5,227.0,310.0,16412748,227.0,310.0,16412993,1536893452371,1536893452881
click,90.0,77.5,110.0,70.0,16413879,110.0,70.0,16414094,1536893453472,1536893453917
click,225.0,259.5,239.0,260.0,16414873,239.0,260.0,16415045,1536893454423,1536893454884
click,135.0,259.5,154.0,256.0,16415792,154.0,256.0,16415972,1536893455350,1536893455800
click,90.0,233.5,89.0,244.0,16416657,89.0,244.0,16416818,1536893456195,1536893456648
click,180.0,285.5,194.0,295.0,16417565,194.0,295.0,16417801,1536893457178,1536893457635
click,135.0,311.5,160.0,307.0,16418632,160.0,307.0,16418868,1536893458247,1536893458740
click,315.0,103.5,310.0,125.0,16420222,310.0,125.0,16420277,1536893459655,1536893460121
click,225.0,155.5,228.0,166.0,16422255,228.0,166.0,16422415,1536893461793,1536893462322
click,180.0,285.5,195.0,272.0,16423216,195.0,272.0,16423410,1536893462788,1536893463230
click,45.0,103.5,62.0,91.0,16424316,62.0,91.0,16424476,1536893463855,1536893464301
click,135.0,311.5,157.0,299.0,16425362,157.0,299.0,16425568,1536893464945,1536893465400
click,315.0,155.5,317.0,137.0,16426513,317.0,137.0,16426601,1536893465978,1536893466497
click,270.0,181.5,262.0,190.0,16427275,283.0,176.0,16427467,1536893466846,1536893467312
click,135.0,51.5,157.0,68.0,16429068,157.0,68.0,16429219,1536893468597,1536893469042
click,45.0,155.5,65.0,153.0,16429967,65.0,153.0,16430159,1536893469538,1536893470067
click,135.0,103.5,148.0,85.0,16430907,148.0,85.0,16431035,1536893470414,1536893470848
click,135.0,155.5,154.0,144.0,16431762,154.0,144.0,16431975,1536893471353,1536893471817
click,180.0,77.5,208.0,71.0,16432615,208.0,71.0,16432787,1536893472165,1536893472611
click,225.0,207.5,241.0,213.0,16433510,241.0,213.0,16433661,1536893473039,1536893473490
click,225.0,207.5,232.0,214.0,16440123,232.0,214.0,16440260,1536893479638,1536893480084
