click,0,0,60.0,257.0,19106711,60.0,257.0,19106809,1536909490699,1536909491120
click,135.0,155.5,137.0,147.0,19108003,137.0,147.0,19108110,1536909492000,1536909492426
click,90.0,181.5,106.0,204.0,19108913,106.0,204.0,19109018,1536909492907,1536909493322
click,180.0,77.5,200.0,110.0,19109746,191.0,93.68903,19109852,1536909493741,1536909494136
click,225.0,311.5,231.0,301.0,19110665,231.0,301.0,19110752,1536909494641,1536909495048
click,45.0,155.5,51.0,145.0,19111616,51.0,145.0,19111703,1536909495592,1536909495986
click,45.0,103.5,71.0,88.0,19112546,71.0,88.0,19112642,1536909496531,1536909496927
click,225.0,51.5,244.0,72.0,19113411,244.0,72.0,19113498,1536909497387,1536909497777
click,270.0,77.5,289.0,79.0,19114287,289.0,79.0,19114374,1536909498263,1536909498667
click,90.0,129.5,102.0,114.0,19115196,102.0,114.0,19115293,1536909499182,1536909499578
click,135.0,103.5,139.0,116.0,19116007,139.0,116.0,19116105,1536909499994,1536909500376
click,270.0,285.5,272.0,282.0,19116820,272.0,282.0,19116892,1536909500781,1536909501192
click,45.0,207.5,50.0,217.0,19118626,50.0,217.0,19118723,1536909502612,1536909503025
click,315.0,259.5,307.0,251.0,19121843,307.0,251.0,19121896,1536909505785,1536909506178
click,45.0,155.5,57.0,185.0,19122835,57.0,185.0,19122933,1536909506822,1536909507218
click,270.0,285.5,270.0,294.0,19123614,285.0,294.0,19123742,1536909507633,1536909508040
click,45.0,103.5,60.0,119.0,19125592,60.0,119.0,19125689,1536909509578,1536909510013
click,315.0,207.5,314.0,225.0,19126703,314.0,225.0,19126842,1536909510732,1536909511128
click,270.0,233.5,292.0,251.0,19127537,292.0,251.0,19127665,1536909511555,1536909511953
click,225.0,51.5,253.0,74.0,19128402,253.0,74.0,19128489,1536909512378,1536909512776
click,180.0,25.5,196.0,37.0,19129148,196.0,37.0,19129248,1536909513137,1536909513539
click,225.0,103.5,232.0,97.0,19129919,232.0,97.0,19130035,1536909513925,1536909514316
click,180.0,129.5,204.0,114.0,19130742,204.0,114.0,19130848,1536909514737,1536909515139
click,315.0,155.5,317.0,149.0,19131575,317.0,149.0,19131681,1536909515570,1536909515969
click,315.0,259.5,293.0,273.0,19135636,311.0,262.0,19135886,1536909519776,1536909520180
click,135.0,207.5,157.0,235.0,19138542,157.0,235.0,19138648,1536909522537,1536909522916
click,90.0,129.5,103.0,104.0,19139301,103.0,104.0,19139407,1536909523296,1536909523679
click,180.0,233.5,190.0,218.0,19140049,190.0,218.0,19140155,1536909524043,1536909524456
click,135.0,311.5,134.0,306.0,19140786,134.0,306.0,19140904,1536909524794,1536909525178
click,135.0,103.5,133.0,133.0,19141555,138.0,118.0,19141627,1536909525516,1536909525937
click,180.0,285.5,183.0,286.0,19142229,183.0,286.0,19142334,1536909526223,1536909526622
click,225.0,155.5,241.0,155.0,19143019,241.0,155.0,19143106,1536909526995,1536909527420
click,270.0,233.5,282.0,257.0,19143778,282.0,257.0,19143896,1536909527785,1536909528171
click,45.0,207.5,66.0,220.0,19144558,66.0,220.0,19144686,1536909528576,1536909529000
click,315.0,207.5,317.0,200.0,19146710,317.0,200.0,19146803,1536909530692,1536909531097
click,225.0,51.5,203.0,83.0,19147454,214.11908,64.830345,19147559,1536909531449,1536909531856
click,315.0,155.5,260.0,72.0,19147848,260.0,72.0,19147935,1536909531824,1536909532225
click,315.0,207.5,309.0,194.0,19149238,323.0,194.0,19149409,1536909533298,1536909533718
click,225.0,259.5,230.0,273.0,19150168,230.0,273.0,19150296,1536909534185,1536909534576
click,180.0,129.5,185.0,137.0,19150980,185.0,137.0,19151119,1536909535008,1536909535399
click,180.0,25.5,184.0,38.0,19151778,184.0,38.0,19151855,1536909535744,1536909536149
click,135.0,207.5,153.0,217.0,19152475,153.0,217.0,19152625,1536909536514,1536909536897
click,270.0,129.5,284.0,115.0,19153608,284.0,115.0,19153747,1536909537637,1536909538046
click,270.0,233.5,289.0,254.0,19154335,289.0,254.0,19154483,1536909538372,1536909538774
click,90.0,77.5,125.0,71.0,19155178,125.0,71.0,19155337,1536909539226,1536909539616
click,225.0,103.5,253.0,86.0,19155937,253.0,86.0,19156066,1536909539955,1536909540353
click,180.0,233.5,202.0,254.0,19156664,202.0,254.0,19156781,1536909540671,1536909541111
click,225.0,207.5,265.0,206.0,19157326,265.0,206.0,19157444,1536909541334,1536909541717
click,45.0,259.5,65.0,269.0,19159035,65.0,269.0,19159153,1536909543043,1536909543429
click,315.0,103.5,306.0,108.0,19160681,306.0,108.0,19160820,1536909544710,1536909545087
click,270.0,181.5,288.0,188.0,19161321,291.0,172.0,19161450,1536909545340,1536909545742
click,225.0,259.5,236.0,256.0,19161964,236.0,256.0,19162092,1536909545982,1536909546392
click,270.0,77.5,288.0,95.0,19162637,293.65237,76.76071,19162764,1536909546654,1536909547058
click,90.0,285.5,77.0,274.0,19163481,77.0,274.0,19163620,1536909547510,1536909547899
click,270.0,129.5,282.0,155.0,19164378,282.0,155.0,19164484,1536909548373,1536909548780
click,135.0,259.5,151.0,257.0,19165169,151.0,257.0,19165285,1536909549174,1536909549557
click,225.0,311.5,226.0,306.0,19166462,226.0,306.0,19166568,1536909550457,1536909550865
click,90.0,129.5,96.0,124.0,19167210,96.0,124.0,19167326,1536909551215,1536909551611
click,180.0,181.5,187.0,190.0,19167980,187.0,190.0,19168095,1536909551985,1536909552418
click,180.0,285.5,197.0,305.0,19168685,197.0,305.0,19168824,1536909552713,1536909553108
click,45.0,259.5,73.0,254.0,19170393,73.0,254.0,19170512,1536909554401,1536909554809
click,315.0,155.5,314.0,133.0,19171313,314.0,133.0,19171410,1536909555299,1536909555691
click,90.0,233.5,91.0,201.0,19172050,91.0,201.0,19172156,1536909556045,1536909556428
click,180.0,181.5,205.0,196.0,19172691,205.0,196.0,19172788,1536909556677,1536909557070
click,90.0,285.5,91.0,283.0,19173450,91.0,283.0,19173548,1536909557437,1536909557858
click,180.0,25.5,182.0,54.0,19174187,192.5,34.0,19174314,1536909558204,1536909558615
click,90.0,181.5,109.0,181.0,19174936,114.0,166.0,19175063,1536909558952,1536909559357
click,225.0,259.5,224.0,287.0,19175609,224.0,287.0,19175706,1536909559595,1536909559999
click,45.0,103.5,78.0,132.0,19176313,78.0,132.0,19176419,1536909560308,1536909560718
click,270.0,285.5,297.0,277.0,19177446,297.0,277.0,19177533,1536909561422,1536909561781
click,45.0,155.5,283.0,279.0,19177820,283.0,279.0,19177918,1536909561807,1536909562202
click,270.0,77.5,61.0,142.0,19178248,61.0,142.0,19178345,1536909562234,1536909562629
click,135.0,259.5,110.0,258.0,19187309,110.0,258.0,19187414,1536909571304,1536909571698
click,315.0,103.5,301.0,110.0,19188078,301.0,110.0,19188176,1536909572065,1536909572467
click,135.0,51.5,138.0,59.0,19188773,138.0,59.0,19188891,1536909572780,1536909573177
click,270.0,181.5,298.0,193.0,19189435,298.0,193.0,19189564,1536909573453,1536909573858
click,315.0,259.5,302.0,256.0,19190116,302.0,256.0,19190193,1536909574082,1536909574479
click,180.0,285.5,188.0,293.0,19190792,188.0,293.0,19190921,1536909574810,1536909575232
click,135.0,311.5,143.0,311.0,19191497,143.0,311.0,19191626,1536909575515,1536909575880
click,45.0,207.5,53.0,178.0,19192299,53.0,178.0,19192405,1536909576294,1536909576677
click,225.0,155.5,228.0,163.0,19193090,228.0,163.0,19193195,1536909577084,1536909577487
click,90.0,233.5,96.0,231.0,19193795,118.0,246.0,19193934,1536909577823,1536909578211
click,90.0,285.5,93.0,284.0,19194521,93.0,284.0,19194638,1536909578528,1536909578929
click,180.0,181.5,230.0,175.0,19195184,214.0,175.0,19195299,1536909579189,1536909579578
click,135.0,51.5,137.0,44.0,19197352,137.0,44.0,19197440,1536909581329,1536909581749
click,225.0,155.5,239.0,139.0,19198015,239.0,139.0,19198113,1536909582002,1536909582379
click,225.0,207.5,233.0,228.0,19198689,233.0,228.0,19198805,1536909582694,1536909583112
click,90.0,77.5,113.0,72.0,19199373,113.0,72.0,19199512,1536909583401,1536909583800
click,180.0,233.5,215.0,234.0,19200056,215.0,234.0,19200161,1536909584050,1536909584442
click,90.0,233.5,89.0,227.0,19201390,89.0,227.0,19201529,1536909585419,1536909585821
click,180.0,77.5,177.0,105.0,19202247,204.0,89.0,19202373,1536909586266,1536909586677
click,135.0,311.5,142.0,306.0,19203989,142.0,306.0,19204105,1536909587994,1536909588379
click,90.0,181.5,92.0,156.0,19204693,92.0,156.0,19204800,1536909588689,1536909589077
click,135.0,207.5,145.0,234.0,19205325,145.0,234.0,19205422,1536909589311,1536909589706
click,135.0,103.5,139.0,89.0,19205976,139.0,89.0,19206094,1536909589984,1536909590396
click,135.0,155.5,155.0,158.0,19206660,155.0,158.0,19206789,1536909590678,1536909591117
click,135.0,259.5,164.0,280.0,19208273,147.0,269.43713,19208411,1536909592300,1536909592700
click,270.0,181.5,153.0,299.0,19208998,153.0,299.0,19209127,1536909594458,1536909594863
click,315.0,103.5,150.0,256.0,19209490,165.0,256.0,19209618,1536909594569,1536909594955
click,225.0,207.5,147.0,284.0,19210067,144.0,284.0,19210195,1536909594662,1536909595064
click,225.0,103.5,166.0,261.0,19210655,155.0,261.0,19210815,1536909594751,1536909595105
click,135.0,155.5,147.0,280.0,19211426,133.0,267.0,19211620,1536909595509,1536909595906
click,270.0,129.5,281.0,159.0,19212484,281.0,159.0,19212602,1536909596491,1536909596899
click,180.0,77.5,201.0,67.0,19213211,201.0,67.0,19213328,1536909597217,1536909597636
click,225.0,311.5,236.0,310.0,19214055,236.0,310.0,19214204,1536909598094,1536909598505
click,135.0,51.5,152.0,70.0,19214942,152.0,70.0,19215070,1536909598961,1536909599395
click,180.0,129.5,190.0,113.0,19215903,190.0,113.0,19216020,1536909599910,1536909600293
click,90.0,77.5,109.0,80.0,19216726,109.0,80.0,19216875,1536909600764,1536909601158
