click,0,0,137.0,134.0,6925259,137.0,134.0,6925336,1536990423639,1536990423332
click,315.0,207.5,322.0,199.0,6927156,322.0,199.0,6927227,1536990425529,1536990425224
click,90.0,129.5,90.0,111.0,6927955,90.0,111.0,6928126,1536990426429,1536990426121
click,225.0,207.5,243.0,211.0,6928756,243.0,211.0,6928906,1536990427209,1536990426922
click,90.0,233.5,101.0,232.0,6929568,101.0,232.0,6929739,1536990428042,1536990427743
click,225.0,259.5,238.0,257.0,6930401,238.0,257.0,6930561,1536990428864,1536990428546
click,180.0,129.5,172.0,106.0,6931203,172.0,106.0,6931362,1536990429665,1536990429364
click,45.0,207.5,37.0,209.0,6932058,37.0,209.0,6932208,1536990430512,1536990430194
click,315.0,259.5,301.0,245.0,6934181,301.0,245.0,6934280,1536990432583,1536990432264
click,135.0,259.5,124.0,255.0,6934976,124.0,255.0,6935147,1536990433450,1536990433144
click,45.0,103.5,56.0,96.0,6935895,73.0,92.0,6936096,1536990434399,1536990434123
click,180.0,285.5,190.0,292.0,6936825,185.0,292.0,6936995,1536990435298,1536990434987
click,180.0,181.5,172.0,166.0,6939250,172.0,166.0,6939339,1536990437641,1536990437339
click,180.0,285.5,173.0,281.0,6939977,173.0,281.0,6940097,1536990438400,1536990438098
click,135.0,51.5,119.0,47.0,6940800,119.0,47.0,6940950,1536990439253,1536990438936
click,90.0,285.5,65.0,278.0,6941623,65.0,278.0,6941771,1536990440074,1536990439795
click,270.0,129.5,283.0,112.0,6942413,283.0,112.0,6942564,1536990440868,1536990440559
click,90.0,233.5,70.0,247.0,6943204,70.0,247.0,6943354,1536990441657,1536990441333
click,45.0,259.5,48.0,231.0,6944038,48.0,231.0,6944198,1536990442502,1536990442204
click,45.0,207.5,29.0,185.0,6944904,29.0,185.0,6945043,1536990443346,1536990443059
click,45.0,103.5,54.0,98.0,6945793,54.0,98.0,6945865,1536990444167,1536990443871
click,135.0,103.5,148.0,88.0,6946528,148.0,88.0,6946667,1536990444970,1536990444656
click,90.0,77.5,77.0,84.0,6947350,77.0,84.0,6947490,1536990445793,1536990445480
click,135.0,155.5,135.0,151.0,6948142,135.0,151.0,6948261,1536990446564,1536990446262
click,180.0,285.5,166.0,282.0,6950408,166.0,282.0,6950496,1536990448799,1536990448498
click,180.0,25.5,195.0,42.0,6952011,195.0,28.0,6952192,1536990450495,1536990450174
click,270.0,77.5,160.0,39.0,6952577,160.0,39.0,6952651,1536990450953,1536990450652
click,135.0,207.5,248.0,82.0,6953026,248.0,82.0,6953133,1536990451436,1536990451139
click,135.0,311.5,134.0,310.0,6953922,134.0,310.0,6954063,1536990452366,1536990452063
click,315.0,259.5,301.0,263.0,6955024,301.0,263.0,6955174,1536990453477,1536990453172
click,90.0,77.5,69.0,75.0,6955868,69.0,75.0,6955978,1536990454281,1536990453966
click,270.0,129.5,276.0,113.0,6956616,276.0,113.0,6956737,1536990455039,1536990454742
click,90.0,233.5,65.0,243.0,6957376,65.0,243.0,6957493,1536990455796,1536990455493
click,45.0,259.5,48.0,238.0,6958209,48.0,238.0,6958368,1536990456671,1536990456362
click,270.0,233.5,281.0,228.0,6959385,281.0,228.0,6959524,1536990457828,1536990457508
click,45.0,155.5,37.0,153.0,6960239,37.0,153.0,6960347,1536990458651,1536990458388
click,90.0,77.5,74.0,76.0,6963423,74.0,76.0,6963512,1536990461815,1536990461510
click,180.0,77.5,173.0,65.0,6964120,173.0,65.0,6964207,1536990462510,1536990462213
click,180.0,25.5,177.0,29.0,6964867,177.0,29.0,6964951,1536990463254,1536990462969
click,270.0,285.5,282.0,282.0,6965637,282.0,282.0,6965721,1536990464023,1536990463740
click,225.0,103.5,230.0,76.0,6966374,230.0,76.0,6966458,1536990464761,1536990464452
click,270.0,233.5,280.0,235.0,6967111,280.0,235.0,6967199,1536990465502,1536990465189
click,225.0,51.5,203.0,40.0,6967849,203.0,40.0,6967933,1536990466236,1536990465940
click,135.0,103.5,117.0,98.0,6968618,117.0,98.0,6968702,1536990467005,1536990466705
click,180.0,233.5,192.0,245.0,6969387,192.0,245.0,6969472,1536990467775,1536990467470
click,45.0,259.5,52.0,248.0,6971151,52.0,248.0,6971332,1536990469635,1536990469334
click,225.0,311.5,246.0,304.0,6971994,232.0,304.0,6972134,1536990470437,1536990470125
click,90.0,181.5,75.0,163.0,6972839,75.0,163.0,6972947,1536990471250,1536990470938
click,270.0,181.5,274.0,182.0,6975212,274.0,182.0,6975296,1536990473599,1536990473292
click,135.0,311.5,121.0,291.0,6975949,121.0,291.0,6976057,1536990474360,1536990474088
click,225.0,259.5,226.0,246.0,6976686,226.0,246.0,6976771,1536990475074,1536990474781
click,225.0,51.5,219.0,45.0,6977467,219.0,45.0,6977555,1536990475858,1536990475556
click,270.0,233.5,283.0,241.0,6978236,283.0,241.0,6978325,1536990476627,1536990476300
click,270.0,77.5,278.0,69.0,6978983,278.0,69.0,6979092,1536990477395,1536990477094
click,180.0,25.5,175.0,44.0,6980727,189.0,36.0,6980876,1536990479179,1536990478859
click,135.0,259.5,132.0,233.0,6981635,132.0,233.0,6981774,1536990480077,1536990479795
click,180.0,233.5,186.0,248.0,6982415,186.0,248.0,6982503,1536990480806,1536990480510
click,90.0,129.5,65.0,119.0,6983281,65.0,119.0,6983388,1536990481691,1536990481391
click,315.0,103.5,305.0,118.0,6984253,305.0,118.0,6984342,1536990482644,1536990482348
click,225.0,103.5,216.0,109.0,6985033,216.0,109.0,6985118,1536990483421,1536990483112
click,90.0,181.5,54.0,180.0,6987289,54.0,180.0,6987362,1536990485665,1536990485360
click,225.0,51.5,224.0,50.0,6988122,224.0,50.0,6988210,1536990486513,1536990486248
click,270.0,181.5,266.0,178.0,6988891,266.0,178.0,6988976,1536990487278,1536990486981
click,180.0,233.5,159.0,239.0,6989672,159.0,220.0,6989780,1536990488083,1536990487770
click,135.0,51.5,137.0,61.0,6990484,137.0,61.0,6990592,1536990488894,1536990488604
click,180.0,129.5,188.0,139.0,6991232,188.0,139.0,6991320,1536990489623,1536990489326
click,45.0,207.5,34.0,197.0,6992108,34.0,197.0,6992197,1536990490499,1536990490188
click,225.0,259.5,232.0,273.0,6992846,232.0,273.0,6992934,1536990491237,1536990490924
click,180.0,181.5,180.0,180.0,6993551,180.0,180.0,6993636,1536990491938,1536990491645
click,90.0,285.5,87.0,271.0,6994299,87.0,271.0,6994387,1536990492689,1536990492366
click,270.0,285.5,279.0,278.0,6995037,279.0,278.0,6995144,1536990493447,1536990493140
click,135.0,155.5,127.0,146.0,6995721,127.0,146.0,6995805,1536990494108,1536990493804
click,135.0,51.5,130.0,49.0,6999622,130.0,49.0,6999695,1536990497998,1536990497685
click,270.0,77.5,258.0,64.0,7000284,258.0,64.0,7000358,1536990498661,1536990498390
click,135.0,311.5,119.0,294.0,7001054,119.0,294.0,7001138,1536990499441,1536990499150
click,90.0,285.5,68.0,258.0,7001781,68.0,258.0,7001844,1536990500146,1536990499859
click,225.0,155.5,217.0,147.0,7002935,217.0,147.0,7002998,1536990501300,1536990500993
click,45.0,155.5,39.0,159.0,7003725,39.0,159.0,7003814,1536990502116,1536990501800
click,270.0,181.5,287.0,181.0,7004420,287.0,181.0,7004494,1536990502797,1536990502492
click,135.0,207.5,125.0,212.0,7005114,125.0,212.0,7005199,1536990503501,1536990503195
click,270.0,129.5,285.0,123.0,7005810,285.0,123.0,7005883,1536990504186,1536990503931
click,315.0,103.5,304.0,110.0,7006526,304.0,110.0,7006610,1536990504913,1536990504614
click,315.0,155.5,307.0,164.0,7007242,307.0,164.0,7007305,1536990505607,1536990505286
click,180.0,181.5,153.0,181.0,7007936,153.0,181.0,7008010,1536990506313,1536990506014
click,225.0,207.5,206.0,222.0,7009935,206.0,222.0,7010009,1536990508311,1536990508002
click,225.0,311.5,220.0,299.0,7010608,220.0,299.0,7010682,1536990508985,1536990508673
click,90.0,181.5,71.0,168.0,7011303,71.0,168.0,7011388,1536990509690,1536990509379
click,270.0,285.5,285.0,261.0,7012030,285.0,261.0,7012114,1536990510417,1536990510115
click,315.0,207.5,312.0,209.0,7013205,312.0,209.0,7013290,1536990511593,1536990511317
click,315.0,259.5,300.0,266.0,7013911,300.0,266.0,7013995,1536990512298,1536990512015
click,180.0,77.5,176.0,71.0,7014606,176.0,71.0,7014669,1536990512971,1536990512683
click,135.0,207.5,111.0,212.0,7015279,111.0,212.0,7015363,1536990513667,1536990513395
click,225.0,155.5,213.0,159.0,7015931,213.0,159.0,7015994,1536990514296,1536990513984
click,45.0,155.5,50.0,148.0,7016646,50.0,148.0,7016730,1536990515033,1536990514738
click,315.0,155.5,306.0,145.0,7017331,306.0,145.0,7017405,1536990515707,1536990515396
click,180.0,129.5,169.0,127.0,7017939,169.0,127.0,7018013,1536990516316,1536990515995
click,225.0,155.5,222.0,149.0,7019778,222.0,149.0,7019841,1536990518144,1536990517831
click,315.0,155.5,327.0,168.0,7020484,327.0,168.0,7020558,1536990518860,1536990518515
click,180.0,77.5,174.0,67.0,7021232,174.0,67.0,7021306,1536990519608,1536990519325
click,225.0,103.5,236.0,94.0,7021905,236.0,94.0,7021990,1536990520292,1536990519996
click,315.0,103.5,298.0,117.0,7022546,298.0,117.0,7022620,1536990520923,1536990520626
click,135.0,103.5,111.0,90.0,7023198,111.0,90.0,7023283,1536990521586,1536990521277
click,315.0,207.5,316.0,216.0,7023840,316.0,216.0,7023914,1536990522216,1536990521910
click,225.0,207.5,171.0,181.0,7024417,171.0,181.0,7024480,1536990522783,1536990522476
click,225.0,311.5,229.0,307.0,7025112,229.0,307.0,7025185,1536990523488,1536990523198
click,90.0,129.5,71.0,136.0,7025753,71.0,136.0,7025837,1536990524140,1536990523842
click,135.0,259.5,131.0,273.0,7026416,131.0,273.0,7026489,1536990524792,1536990524503
click,45.0,103.5,58.0,112.0,7027121,58.0,112.0,7027195,1536990525497,1536990525198
