click,0,0,134.0,132.0,7405508,140.0,138.0,7405687,1536991075703,1536991075394
click,315.0,259.5,301.0,264.0,7406522,301.0,264.0,7406619,1536991076634,1536991076296
click,180.0,25.5,171.0,30.0,7407490,171.0,30.0,7407524,1536991077539,1536991077241
click,270.0,181.5,299.0,209.0,7408135,291.0,190.5,7408305,1536991078322,1536991077996
click,270.0,77.5,280.0,71.0,7408841,278.5,86.0,7409035,1536991079050,1536991078740
click,135.0,207.5,108.0,215.0,7409632,120.0,196.0,7409792,1536991079808,1536991079515
click,225.0,51.5,224.0,50.0,7410348,224.0,50.0,7410528,1536991080545,1536991080241
click,90.0,77.5,64.0,111.0,7411117,81.0,84.0,7411287,1536991081303,1536991080986
click,315.0,155.5,322.0,160.0,7411896,322.0,160.0,7412077,1536991082092,1536991081795
click,180.0,129.5,175.0,117.0,7412634,172.95767,126.659615,7412812,1536991082834,1536991082525
click,135.0,155.5,140.0,160.0,7413380,136.0,160.0,7413552,1536991083567,1536991083251
click,90.0,233.5,94.0,188.0,7415156,78.5,188.0,7415326,1536991085341,1536991085059
click,315.0,207.5,307.0,208.0,7418009,307.0,208.0,7418169,1536991088184,1536991087899
click,315.0,103.5,300.0,94.0,7418789,300.0,94.0,7418969,1536991088984,1536991088675
click,225.0,207.5,218.0,226.0,7419740,232.0,207.0,7419899,1536991089916,1536991089664
click,135.0,155.5,120.0,145.0,7420445,104.57573,154.0,7420614,1536991090630,1536991090357
click,225.0,259.5,234.0,257.0,7422561,234.0,257.0,7422678,1536991092693,1536991092401
click,225.0,155.5,247.0,160.0,7423180,233.0,160.0,7423308,1536991093323,1536991093022
click,135.0,103.5,130.0,84.0,7423906,116.0,84.0,7424066,1536991094081,1536991093804
click,90.0,77.5,107.0,52.0,7424612,107.0,52.0,7424762,1536991094777,1536991094464
click,180.0,285.5,170.0,263.0,7425392,170.0,263.0,7425542,1536991095557,1536991095256
click,135.0,207.5,135.0,194.0,7426140,127.0,207.0,7426290,1536991096306,1536991096000
click,135.0,311.5,112.0,295.0,7427006,112.0,295.0,7427145,1536991097160,1536991096857
click,225.0,51.5,213.0,86.0,7427711,238.5,64.0,7427838,1536991097854,1536991097539
click,225.0,155.5,226.0,163.0,7430649,226.0,163.0,7430747,1536991100761,1536991100495
click,270.0,129.5,292.0,109.0,7431323,280.0,110.0,7431449,1536991101468,1536991101164
click,135.0,207.5,287.0,108.0,7432122,286.0,108.0,7432261,1536991103582,1536991103278
click,90.0,77.5,298.0,116.0,7432742,273.0,127.0,7432913,1536991103693,1536991103344
click,315.0,155.5,282.0,122.0,7433308,282.0,122.0,7433458,1536991103780,1536991103454
click,315.0,103.5,288.0,107.0,7433746,273.0,118.0,7433960,1536991104328,1536991104034
click,180.0,25.5,298.0,110.0,7434249,291.281,111.573,7434473,1536991106523,1536991106236
click,135.0,311.5,294.0,97.0,7434697,294.0,97.0,7434857,1536991106626,1536991106298
click,45.0,259.5,300.0,111.0,7435280,300.0,111.0,7435434,1536991106754,1536991106435
click,225.0,259.5,303.0,114.0,7435859,303.0,114.0,7435958,1536991106933,1536991106598
click,180.0,77.5,277.0,110.0,7436182,300.0,95.0,7436418,1536991107023,1536991106694
click,135.0,155.5,307.0,109.0,7436631,300.0,109.0,7436802,1536991107111,1536991106803
click,225.0,207.5,300.0,112.0,7436877,300.0,112.0,7437026,1536991107198,1536991106866
click,45.0,259.5,300.0,101.0,7437080,300.0,101.0,7437197,1536991107316,1536991107022
click,45.0,103.5,71.0,112.0,7438053,71.0,112.0,7438192,1536991108207,1536991107918
click,45.0,207.5,46.0,199.0,7438781,46.0,199.0,7438909,1536991108925,1536991108631
click,225.0,259.5,235.0,258.0,7439486,235.0,258.0,7439614,1536991109629,1536991109336
click,90.0,285.5,86.0,277.0,7440223,86.0,277.0,7440373,1536991110389,1536991110078
click,315.0,103.5,287.0,106.0,7441388,287.0,106.0,7441503,1536991111518,1536991111221
click,90.0,129.5,66.0,125.0,7442146,66.0,125.0,7442233,1536991112248,1536991111937
click,135.0,259.5,127.0,267.0,7442894,127.0,267.0,7443000,1536991113015,1536991112720
click,180.0,285.5,169.0,287.0,7443621,169.0,287.0,7443749,1536991113764,1536991113440
click,315.0,207.5,306.0,230.0,7444305,322.0,209.0,7444422,1536991114438,1536991114152
click,270.0,129.5,275.0,123.0,7444935,275.0,123.0,7445041,1536991115056,1536991114748
click,180.0,181.5,161.0,198.0,7450513,157.0,179.0,7450619,1536991120635,1536991120315
click,270.0,181.5,284.0,161.0,7451164,284.0,161.0,7451270,1536991121285,1536991120976
click,90.0,129.5,84.0,102.0,7451849,84.0,102.0,7451998,1536991122013,1536991121723
click,45.0,103.5,57.0,100.0,7452543,57.0,100.0,7452660,1536991122675,1536991122384
click,315.0,259.5,299.0,237.0,7453313,299.0,237.0,7453441,1536991123456,1536991123167
click,45.0,155.5,52.0,151.0,7454039,43.0,151.0,7454176,1536991124192,1536991123874
click,225.0,103.5,223.0,89.0,7456059,223.0,89.0,7456156,1536991126171,1536991125871
click,45.0,207.5,38.0,205.0,7456860,38.0,205.0,7456966,1536991126981,1536991126693
click,225.0,311.5,210.0,304.0,7457640,210.0,304.0,7457790,1536991127805,1536991127512
click,90.0,285.5,66.0,259.0,7458463,66.0,259.0,7458602,1536991128617,1536991128313
click,90.0,181.5,90.0,184.0,7459146,73.66519,192.0,7459244,1536991129264,1536991128943
click,90.0,233.5,66.0,224.0,7461028,66.0,224.0,7461125,1536991131140,1536991130842
click,180.0,129.5,181.0,98.0,7462865,160.5,98.0,7462971,1536991132986,1536991132656
click,315.0,207.5,192.0,128.0,7463547,170.0,139.0,7463654,1536991135096,1536991134770
click,90.0,181.5,190.0,129.0,7464327,183.0,120.0,7464466,1536991135192,1536991134870
click,90.0,129.5,180.0,129.0,7465001,180.0,129.0,7465161,1536991135343,1536991135037
click,45.0,103.5,65.0,117.0,7466263,65.0,117.0,7466392,1536991136407,1536991136113
click,225.0,103.5,245.0,109.0,7467022,245.0,109.0,7467140,1536991137155,1536991136840
click,270.0,181.5,259.0,190.0,7467781,259.0,190.0,7467920,1536991137935,1536991137643
click,225.0,51.5,193.0,54.0,7468550,193.0,54.0,7468689,1536991138704,1536991138430
click,135.0,259.5,125.0,249.0,7470087,125.0,249.0,7470217,1536991140232,1536991139925
click,270.0,285.5,290.0,277.0,7470921,282.0,290.0,7471081,1536991141097,1536991140793
click,90.0,233.5,272.0,270.0,7471850,283.0,251.0,7471999,1536991143187,1536991142874
click,135.0,51.5,291.0,273.0,7473161,291.0,273.0,7473283,1536991143937,1536991143615
click,90.0,181.5,268.0,273.0,7473624,268.0,280.0,7473818,1536991144033,1536991143710
click,225.0,155.5,235.0,163.0,7474662,235.0,163.0,7474779,1536991144795,1536991144485
click,180.0,233.5,184.0,243.0,7475367,184.0,243.0,7475484,1536991145499,1536991145194
click,45.0,155.5,40.0,159.0,7476116,40.0,159.0,7476253,1536991146269,1536991145970
click,180.0,77.5,205.0,56.0,7476841,179.68854,66.0,7476968,1536991146983,1536991146691
click,270.0,285.5,275.0,286.0,7477879,275.0,286.0,7478007,1536991148022,1536991147721
click,135.0,51.5,134.0,57.0,7479480,134.0,57.0,7479587,1536991149603,1536991149272
click,225.0,103.5,237.0,105.0,7480165,237.0,105.0,7480291,1536991150306,1536991150033
click,270.0,233.5,278.0,251.0,7480860,278.0,251.0,7480976,1536991150990,1536991150689
click,180.0,181.5,182.0,198.0,7481501,159.0,188.0,7481606,1536991151625,1536991151331
click,135.0,311.5,120.0,286.0,7482248,141.0,273.0,7482409,1536991152425,1536991152115
click,225.0,311.5,227.0,297.0,7483082,220.0,297.0,7483220,1536991153235,1536991152985
click,180.0,233.5,213.0,239.0,7485188,213.0,239.0,7485260,1536991155275,1536991155013
click,270.0,77.5,296.0,86.0,7485903,289.0,86.0,7486031,1536991156047,1536991155734
click,270.0,285.5,257.0,278.0,7486758,257.0,278.0,7486874,1536991156889,1536991156578
click,135.0,259.5,118.0,257.0,7487485,118.0,257.0,7487591,1536991157605,1536991157295
click,315.0,155.5,316.0,141.0,7488581,316.0,141.0,7488627,1536991158642,1536991158319
click,45.0,259.5,44.0,227.0,7489312,44.0,227.0,7489441,1536991159456,1536991159161
click,135.0,51.5,123.0,65.0,7490007,123.0,65.0,7490112,1536991160126,1536991159821
click,180.0,129.5,168.0,142.0,7490701,168.0,142.0,7490773,1536991160789,1536991160479
click,180.0,77.5,150.0,62.0,7491342,150.0,62.0,7491429,1536991161444,1536991161124
click,270.0,233.5,275.0,230.0,7492058,275.0,230.0,7492156,1536991162170,1536991161858
click,270.0,129.5,271.0,119.0,7492967,271.0,119.0,7493072,1536991163087,1536991162801
click,180.0,25.5,180.0,34.0,7493651,180.0,34.0,7493748,1536991163763,1536991163443
click,225.0,207.5,231.0,221.0,7495456,231.0,221.0,7495529,1536991165543,1536991165251
click,180.0,233.5,188.0,250.0,7496066,188.0,250.0,7496152,1536991166167,1536991165863
click,45.0,155.5,41.0,156.0,7496771,41.0,156.0,7496876,1536991166891,1536991166582
click,315.0,259.5,306.0,245.0,7497551,306.0,245.0,7497656,1536991167672,1536991167384
click,225.0,311.5,246.0,292.0,7498341,246.0,292.0,7498468,1536991168483,1536991168162
click,270.0,233.5,283.0,238.0,7499047,287.0,221.0,7499175,1536991169190,1536991168882
click,45.0,207.5,48.0,191.0,7500746,48.0,191.0,7500864,1536991170880,1536991170593
click,180.0,285.5,180.0,277.0,7501483,180.0,277.0,7501589,1536991171603,1536991171292
click,90.0,285.5,84.0,271.0,7502199,84.0,271.0,7502315,1536991172329,1536991172025
click,270.0,77.5,290.0,77.0,7503161,290.0,77.0,7503289,1536991173304,1536991172982
click,180.0,181.5,198.0,193.0,7503898,198.0,193.0,7504004,1536991174018,1536991173704
click,135.0,103.5,123.0,98.0,7504828,123.0,98.0,7504933,1536991174948,1536991174643
