click,0,0,289.0,275.0,6632013,289.0,252.0,6632161,1536989965808,1536989965524
click,135.0,207.5,127.0,196.0,6632970,127.0,196.0,6633109,1536989966757,1536989966449
click,45.0,103.5,73.0,95.0,6635379,66.0,104.0,6635561,1536989969207,1536989968892
click,225.0,103.5,217.0,95.0,6636442,217.0,95.0,6636614,1536989970260,1536989969959
click,270.0,233.5,232.0,240.0,6637737,256.0,224.5,6637896,1536989971542,1536989971256
click,90.0,285.5,63.0,289.0,6639125,63.0,289.0,6639286,1536989972932,1536989972633
click,45.0,207.5,49.0,208.0,6639916,49.0,208.0,6640077,1536989973725,1536989973394
click,180.0,233.5,180.0,266.0,6640857,165.0,266.0,6641006,1536989974652,1536989974348
click,45.0,259.5,52.0,258.0,6641798,52.0,258.0,6641861,1536989975506,1536989975224
click,225.0,51.5,200.0,54.0,6642908,223.0,61.0,6643067,1536989976713,1536989976425
click,180.0,77.5,165.0,75.0,6643667,137.0,68.0,6643816,1536989977462,1536989977175
click,135.0,259.5,117.0,278.0,6644969,117.0,278.0,6645130,1536989978776,1536989978463
click,135.0,259.5,139.0,261.0,6649326,139.0,261.0,6649466,1536989983112,1536989982800
click,180.0,129.5,183.0,133.0,6650095,183.0,133.0,6650246,1536989983894,1536989983574
click,270.0,129.5,281.0,145.0,6650876,281.0,121.5,6651015,1536989984661,1536989984363
click,45.0,155.5,35.0,166.0,6651966,35.0,166.0,6652116,1536989985762,1536989985463
click,180.0,181.5,192.0,187.0,6652725,175.0,187.0,6652873,1536989986519,1536989986256
click,45.0,259.5,54.0,244.0,6657224,54.0,244.0,6657397,1536989991043,1536989990756
click,315.0,207.5,325.0,199.0,6658731,325.0,185.0,6658923,1536989992569,1536989992260
click,270.0,181.5,262.0,215.0,6659938,262.0,189.0,6660077,1536989993724,1536989993488
click,180.0,77.5,161.0,58.0,6660739,161.0,58.0,6660890,1536989994536,1536989994226
click,225.0,155.5,224.0,167.0,6661777,214.0,150.0,6661927,1536989995573,1536989995283
click,180.0,233.5,178.0,247.0,6662747,175.83482,242.0,6662920,1536989996566,1536989996248
click,270.0,233.5,267.0,235.0,6665813,267.0,221.0,6665934,1536989999580,1536989999268
click,180.0,25.5,188.0,34.0,6668047,166.5,41.0,6668185,1536990001832,1536990001531
click,315.0,155.5,165.0,36.0,6668825,169.0,28.0,6669007,1536990003974,1536990003671
click,225.0,311.5,187.0,35.0,6669680,187.0,35.0,6669830,1536990004064,1536990003762
click,225.0,103.5,208.0,102.0,6671712,212.0,83.0,6671864,1536990005510,1536990005209
click,225.0,207.5,227.0,206.0,6672984,227.0,206.0,6673134,1536990006781,1536990006471
click,225.0,51.5,221.0,40.0,6673886,221.0,40.0,6673967,1536990007612,1536990007303
click,45.0,207.5,42.0,190.0,6675100,42.0,190.0,6675261,1536990008907,1536990008608
click,135.0,155.5,100.0,154.0,6676169,117.5,130.0,6676289,1536990009935,1536990009610
click,270.0,129.5,285.0,132.0,6676863,285.0,132.0,6677001,1536990010647,1536990010352
click,135.0,259.5,97.0,241.0,6677772,97.0,241.0,6677933,1536990011579,1536990011283
click,180.0,129.5,137.0,151.0,6678712,137.0,134.5,6678852,1536990012498,1536990012184
click,180.0,233.5,203.0,233.0,6679481,180.0,233.0,6679630,1536990013277,1536990012968
click,270.0,181.5,175.0,237.0,6680495,175.0,237.0,6680666,1536990015369,1536990015085
click,135.0,155.5,182.0,241.0,6681906,170.0,226.0,6682057,1536990016112,1536990015808
click,180.0,25.5,178.0,45.0,6683136,178.0,45.0,6683287,1536990016933,1536990016640
click,225.0,207.5,247.0,219.0,6684066,230.0,202.5,6684226,1536990017872,1536990017568
click,315.0,155.5,314.0,136.0,6684846,314.0,136.0,6684986,1536990018632,1536990018326
click,180.0,285.5,206.0,256.0,6686139,191.0,256.0,6686310,1536990019956,1536990019647
click,90.0,233.5,79.0,247.0,6686898,79.0,247.0,6687059,1536990020705,1536990020383
click,90.0,129.5,80.0,116.0,6687593,80.0,116.0,6687743,1536990021389,1536990021078
click,135.0,103.5,119.0,117.0,6688533,119.0,91.0,6688672,1536990022318,1536990022020
click,270.0,77.5,283.0,88.0,6690403,283.0,88.0,6690555,1536990024201,1536990023885
click,135.0,311.5,110.0,263.0,6691483,110.0,263.0,6691634,1536990025280,1536990024977
click,180.0,181.5,197.0,152.0,6692915,197.0,152.0,6693065,1536990026711,1536990026396
click,315.0,103.5,301.0,102.0,6695073,277.0,95.0,6695223,1536990028869,1536990028575
click,270.0,77.5,292.0,95.0,6698556,292.0,95.0,6698697,1536990032345,1536990032045
click,270.0,285.5,269.0,283.0,6699572,269.0,283.0,6699766,1536990033412,1536990033095
click,225.0,207.5,214.0,190.0,6700353,214.0,190.0,6700502,1536990034148,1536990033862
click,225.0,103.5,216.0,102.0,6702148,216.0,102.0,6702288,1536990035934,1536990035630
click,225.0,259.5,212.0,265.0,6703002,212.0,265.0,6703152,1536990036798,1536990036528
click,135.0,311.5,109.0,295.0,6703868,109.0,295.0,6704061,1536990037710,1536990037415
click,225.0,311.5,222.0,310.0,6704863,222.0,310.0,6705024,1536990038671,1536990038379
click,90.0,129.5,66.0,139.0,6705675,66.0,139.0,6705814,1536990039461,1536990039222
click,90.0,181.5,72.0,200.0,6706829,54.0,193.0,6707001,1536990040648,1536990040343
click,135.0,103.5,106.0,113.0,6709020,106.0,113.0,6709140,1536990042786,1536990042489
click,315.0,155.5,331.0,180.0,6710057,312.70746,169.02487,6710217,1536990043863,1536990043565
click,180.0,285.5,186.0,294.0,6714160,186.0,294.0,6714301,1536990047947,1536990047649
click,90.0,181.5,85.0,204.0,6714898,70.0,191.5,6715036,1536990048683,1536990048392
click,225.0,155.5,50.0,191.0,6716382,50.0,191.0,6716532,1536990050813,1536990050509
click,315.0,103.5,69.0,191.0,6717173,69.0,191.0,6717294,1536990051541,1536990051240
click,180.0,77.5,64.0,193.0,6718006,72.0,176.0,6718148,1536990051794,1536990051494
click,90.0,77.5,100.0,92.0,6718927,90.0,81.0,6719087,1536990052733,1536990052426
click,45.0,155.5,118.0,119.0,6719695,108.0,91.0,6719816,1536990054876,1536990054566
click,270.0,233.5,107.0,73.0,6720849,88.0,82.0,6721011,1536990054975,1536990054631
click,225.0,259.5,82.0,97.0,6721630,88.0,102.0,6721824,1536990055615,1536990055308
click,135.0,311.5,129.0,307.0,6722689,115.0,296.9646,6722916,1536990056563,1536990056289
click,315.0,207.5,292.0,196.0,6723662,292.0,180.67505,6723868,1536990057514,1536990057216
click,45.0,103.5,55.0,121.0,6724709,55.0,121.0,6724902,1536990058548,1536990058311
click,90.0,77.5,86.0,68.0,6728684,86.0,68.0,6728824,1536990062470,1536990062168
click,225.0,259.5,206.0,263.0,6729764,206.0,263.0,6729925,1536990063571,1536990063266
click,315.0,207.5,312.0,224.0,6730611,312.0,224.0,6730673,1536990064318,1536990064005
click,45.0,155.5,34.0,181.0,6731570,34.0,181.0,6731721,1536990065367,1536990065060
click,180.0,129.5,195.0,147.0,6732735,173.42886,156.0,6732874,1536990066520,1536990066228
click,225.0,311.5,240.0,307.0,6733664,233.90758,307.0,6733835,1536990067489,1536990067182
click,225.0,155.5,243.0,161.0,6735803,237.0,136.0,6735952,1536990069598,1536990069318
click,315.0,103.5,307.0,115.0,6736638,307.0,115.0,6736742,1536990070388,1536990070089
click,270.0,285.5,256.0,277.0,6737628,256.0,262.0,6737812,1536990071459,1536990071135
click,90.0,181.5,94.0,145.0,6739447,65.0,170.5,6739629,1536990073275,1536990072958
click,270.0,129.5,281.0,119.0,6740484,281.0,119.0,6740655,1536990074302,1536990073998
click,135.0,51.5,108.0,58.0,6742536,108.0,58.0,6742691,1536990076337,1536990076036
click,180.0,285.5,156.0,303.0,6744822,156.0,303.0,6744973,1536990078619,1536990078330
click,90.0,285.5,80.0,262.0,6745581,80.0,262.0,6745742,1536990079388,1536990079077
click,135.0,51.5,137.0,47.0,6746714,122.0,57.0,6746865,1536990080511,1536990080211
click,90.0,233.5,86.0,249.0,6748157,79.0,229.0,6748308,1536990081954,1536990081705
click,180.0,25.5,183.0,29.0,6748958,183.0,29.0,6749119,1536990082765,1536990082468
click,315.0,259.5,302.0,259.0,6751261,302.0,259.0,6751408,1536990085055,1536990084745
click,90.0,77.5,75.0,86.0,6752443,75.0,86.0,6752583,1536990086229,1536990085908
click,135.0,155.5,143.0,168.0,6753393,124.0,158.0,6753533,1536990087179,1536990086879
click,45.0,103.5,67.0,96.0,6755243,67.0,110.0,6755362,1536990089009,1536990088723
click,135.0,207.5,115.0,233.0,6756290,115.0,233.0,6756411,1536990090057,1536990089744
click,225.0,51.5,246.0,54.0,6757038,219.0,54.0,6757187,1536990090833,1536990090533
click,45.0,207.5,45.0,210.0,6759315,45.0,210.0,6759435,1536990093081,1536990092782
click,270.0,181.5,280.0,178.0,6761239,280.0,178.0,6761379,1536990095025,1536990094712
click,90.0,129.5,70.0,111.0,6762008,70.0,96.0,6762148,1536990095795,1536990095497
click,135.0,51.5,111.0,65.0,6763162,116.0,41.0,6763313,1536990096959,1536990096637
click,180.0,181.5,188.0,204.0,6764316,188.0,204.0,6764455,1536990098101,1536990097810
click,270.0,77.5,261.0,61.0,6765041,261.0,61.0,6765204,1536990098850,1536990098556
click,135.0,103.5,102.0,101.0,6765802,102.0,101.0,6765952,1536990099598,1536990099272
click,90.0,233.5,76.0,230.0,6766934,76.0,230.0,6767096,1536990100744,1536990100438
click,135.0,207.5,146.0,216.0,6767906,146.0,216.0,6768057,1536990101705,1536990101393
click,270.0,285.5,286.0,288.0,6768720,286.0,288.0,6768881,1536990102527,1536990102216
click,45.0,259.5,66.0,258.0,6773705,66.0,258.0,6773876,1536990107522,1536990107229
click,315.0,259.5,299.0,249.0,6774609,299.0,249.0,6774802,1536990108448,1536990108146
click,90.0,285.5,298.0,256.0,6775184,298.0,256.0,6775228,1536990108874,1536990108563
click,90.0,285.5,70.0,256.0,6775440,70.0,256.0,6775644,1536990109290,1536990110148
