click,0,0,289.0,118.0,10307077,289.0,118.0,10307114,1536997275552,1536997275676
click,270.0,233.5,262.0,75.0,10307134,262.0,75.0,10307295,1536997275734,1536997275894
click,225.0,259.5,216.0,267.0,10307927,216.0,267.0,10308076,1536997276515,1536997276685
click,270.0,285.5,285.0,274.0,10308728,285.0,274.0,10308867,1536997277306,1536997277458
click,90.0,181.5,85.0,170.0,10309744,85.0,170.0,10309894,1536997278332,1536997278517
click,225.0,155.5,240.0,191.0,10310652,240.0,191.0,10310801,1536997279240,1536997279399
click,45.0,103.5,78.0,105.0,10311400,78.0,105.0,10311441,1536997279880,1536997280032
click,45.0,259.5,64.0,92.0,10311515,64.0,92.0,10311634,1536997280072,1536997280214
click,315.0,103.5,301.0,112.0,10313100,301.0,112.0,10313226,1536997281667,1536997281835
click,315.0,259.5,308.0,245.0,10327668,308.0,245.0,10327805,1536997296245,1536997296407
click,180.0,25.5,208.0,46.0,10328657,208.0,46.0,10328796,1536997297235,1536997297395
click,225.0,51.5,194.0,37.0,10329127,194.0,37.0,10329210,1536997297648,1536997297811
click,270.0,233.5,297.0,232.0,10331286,297.0,232.0,10331434,1536997299873,1536997300029
click,90.0,181.5,94.0,125.0,10332129,94.0,125.0,10332269,1536997300708,1536997300908
click,225.0,311.5,84.0,177.0,10332589,84.0,177.0,10332705,1536997301144,1536997301295
click,180.0,77.5,214.0,97.0,10333476,199.0,94.0,10333613,1536997302053,1536997302220
click,135.0,51.5,153.0,53.0,10335932,153.0,53.0,10336062,1536997304501,1536997304672
click,225.0,51.5,237.0,62.0,10336607,237.0,62.0,10336789,1536997305227,1536997305382
click,90.0,285.5,107.0,301.0,10337558,107.0,301.0,10337708,1536997306146,1536997306324
click,315.0,207.5,309.0,236.0,10339711,309.0,236.0,10339813,1536997308252,1536997308431
click,135.0,311.5,171.0,299.0,10340668,171.0,299.0,10340807,1536997309245,1536997309418
click,135.0,155.5,139.0,150.0,10341373,139.0,150.0,10341490,1536997309929,1536997310104
click,90.0,77.5,109.0,72.0,10342057,109.0,72.0,10342174,1536997310613,1536997310785
click,225.0,207.5,235.0,180.0,10342741,235.0,180.0,10342869,1536997311308,1536997311471
click,270.0,181.5,281.0,191.0,10346650,281.0,191.0,10346759,1536997315198,1536997315362
click,45.0,259.5,48.0,241.0,10347581,48.0,241.0,10347742,1536997316182,1536997316345
click,225.0,311.5,69.0,273.0,10348179,69.0,273.0,10348211,1536997316649,1536997316819
click,45.0,155.5,80.0,126.0,10348885,80.0,126.0,10349003,1536997317441,1536997317652
click,180.0,77.5,207.0,70.0,10349590,207.0,70.0,10349706,1536997318144,1536997318315
click,225.0,103.5,242.0,99.0,10350242,242.0,99.0,10350370,1536997318809,1536997318956
click,270.0,77.5,269.0,75.0,10350915,269.0,75.0,10351022,1536997319461,1536997319611
click,225.0,155.5,250.0,170.0,10351577,250.0,170.0,10351706,1536997320145,1536997320334
click,90.0,233.5,90.0,205.0,10352315,90.0,205.0,10352433,1536997320871,1536997321052
click,180.0,181.5,183.0,191.0,10352934,183.0,191.0,10353063,1536997321502,1536997321660
click,90.0,181.5,115.0,197.0,10353596,115.0,197.0,10353736,1536997322175,1536997322361
click,180.0,285.5,187.0,294.0,10354302,187.0,294.0,10354452,1536997322891,1536997323050
click,315.0,155.5,326.0,166.0,10358042,326.0,166.0,10358181,1536997326620,1536997326788
click,180.0,129.5,184.0,142.0,10358724,184.0,142.0,10358844,1536997327282,1536997327459
click,135.0,51.5,166.0,40.0,10359365,166.0,40.0,10359474,1536997327913,1536997328066
click,180.0,181.5,177.0,188.0,10360019,177.0,188.0,10360147,1536997328586,1536997328723
click,135.0,311.5,128.0,312.0,10360756,128.0,312.0,10360895,1536997329334,1536997329482
click,135.0,207.5,127.0,239.0,10361578,127.0,221.97787,10361767,1536997330206,1536997330370
click,180.0,77.5,212.0,61.0,10362305,212.0,61.0,10362445,1536997330883,1536997331049
click,270.0,181.5,287.0,190.0,10362990,302.0,174.0,10363105,1536997331543,1536997331701
click,135.0,103.5,129.0,91.0,10363673,129.0,91.0,10363781,1536997332220,1536997332398
click,90.0,129.5,95.0,118.0,10364347,95.0,118.0,10364506,1536997332945,1536997333105
click,45.0,155.5,60.0,153.0,10365050,60.0,153.0,10365211,1536997333650,1536997333812
click,225.0,103.5,215.0,94.0,10365778,230.0,94.0,10365915,1536997334355,1536997334541
click,135.0,207.5,147.0,211.0,10368941,133.0,211.0,10369091,1536997337531,1536997337697
click,315.0,259.5,309.0,246.0,10371176,309.0,246.0,10371227,1536997339665,1536997339829
click,90.0,129.5,70.0,141.0,10371933,70.0,141.0,10372051,1536997340490,1536997340651
click,270.0,129.5,243.0,102.0,10373002,243.0,102.0,10373110,1536997341548,1536997341713
click,135.0,103.5,300.0,146.0,10373398,300.0,146.0,10373505,1536997341943,1536997342118
click,315.0,103.5,191.0,113.0,10373889,191.0,113.0,10373930,1536997342369,1536997342536
click,90.0,233.5,102.0,223.0,10374583,102.0,223.0,10374701,1536997343140,1536997343300
click,180.0,129.5,174.0,126.0,10375235,174.0,126.0,10375343,1536997343781,1536997343945
click,270.0,285.5,290.0,284.0,10376956,290.0,284.0,10377105,1536997345544,1536997345698
click,45.0,155.5,260.0,286.0,10377457,260.0,286.0,10377597,1536997346036,1536997346205
click,180.0,25.5,69.0,142.0,10377981,69.0,142.0,10378045,1536997346483,1536997346644
click,135.0,259.5,161.0,253.0,10378847,161.0,253.0,10378975,1536997347415,1536997347583
click,135.0,103.5,114.0,83.0,10381335,114.0,83.0,10381454,1536997349893,1536997350091
click,180.0,25.5,181.0,50.0,10383282,181.0,50.0,10383390,1536997351829,1536997352009
click,225.0,51.5,203.0,41.0,10383697,203.0,41.0,10383796,1536997352234,1536997352405
click,180.0,233.5,205.0,253.0,10384553,205.0,253.0,10384672,1536997353110,1536997353268
click,135.0,311.5,162.0,318.0,10385291,162.0,318.0,10385408,1536997353847,1536997354009
click,315.0,155.5,125.0,307.0,10385718,125.0,307.0,10385815,1536997354253,1536997354417
click,135.0,207.5,159.0,176.0,10386508,159.0,176.0,10386625,1536997355063,1536997355237
click,270.0,129.5,294.0,125.0,10387171,294.0,125.0,10387300,1536997355739,1536997355918
click,135.0,259.5,127.0,284.0,10387993,127.0,284.0,10388144,1536997356583,1536997356741
click,225.0,259.5,237.0,273.0,10388764,237.0,273.0,10388891,1536997357330,1536997357492
click,315.0,103.5,310.0,119.0,10390206,310.0,119.0,10390304,1536997358742,1536997358910
click,315.0,207.5,307.0,205.0,10393074,322.0,205.0,10393178,1536997361617,1536997361839
click,315.0,207.5,322.0,204.0,10393697,322.0,204.0,10393753,1536997362191,1536997362368
click,225.0,207.5,224.0,206.0,10394363,224.0,206.0,10394502,1536997362941,1536997363092
click,180.0,233.5,192.0,238.0,10395015,207.0,238.0,10395132,1536997363571,1536997363725
click,90.0,77.5,107.0,79.0,10395709,107.0,79.0,10395847,1536997364286,1536997364448
click,180.0,285.5,190.0,294.0,10396468,190.0,294.0,10396605,1536997365044,1536997365205
click,90.0,285.5,111.0,295.0,10397141,111.0,295.0,10397238,1536997365677,1536997365826
click,270.0,129.5,281.0,106.0,10397857,281.0,106.0,10397986,1536997366424,1536997366567
click,135.0,155.5,136.0,168.0,10398594,136.0,168.0,10398692,1536997367130,1536997367284
click,135.0,259.5,146.0,238.0,10399289,146.0,238.0,10399428,1536997367867,1536997368048
click,90.0,233.5,85.0,198.0,10399994,85.0,198.0,10400121,1536997368562,1536997368746
click,45.0,207.5,60.0,205.0,10400646,60.0,205.0,10400763,1536997369203,1536997369365
click,225.0,311.5,247.0,309.0,10401351,247.0,309.0,10401468,1536997369907,1536997370110
click,45.0,207.5,58.0,211.0,10403113,58.0,211.0,10403211,1536997371650,1536997371813
click,270.0,77.5,295.0,95.0,10403937,295.0,95.0,10404045,1536997372483,1536997372628
click,180.0,181.5,199.0,188.0,10404589,199.0,188.0,10404718,1536997373156,1536997373336
click,45.0,259.5,63.0,271.0,10405316,63.0,271.0,10405444,1536997373883,1536997374041
click,180.0,285.5,200.0,305.0,10406021,214.0,305.0,10406139,1536997374578,1536997374742
click,315.0,155.5,321.0,160.0,10408088,321.0,160.0,10408200,1536997376638,1536997376846
click,225.0,103.5,213.0,86.0,10408821,227.0,96.0,10408938,1536997377377,1536997377548
click,45.0,103.5,61.0,87.0,10409601,61.0,87.0,10409718,1536997378157,1536997378327
click,225.0,155.5,272.0,185.0,10410434,272.0,185.0,10410531,1536997378970,1536997379126
click,180.0,233.5,199.0,229.0,10411097,220.0,234.0,10411214,1536997379654,1536997379806
click,270.0,181.5,303.0,149.0,10412719,303.0,149.0,10412838,1536997381276,1536997381428
click,225.0,259.5,206.0,259.0,10413383,206.0,259.0,10413523,1536997381961,1536997382117
click,315.0,259.5,290.0,242.0,10415007,304.0,242.0,10415124,1536997383563,1536997383748
click,270.0,285.5,280.0,284.0,10415692,280.0,284.0,10415820,1536997384261,1536997384444
click,135.0,155.5,155.0,199.0,10416418,163.0,171.0,10416567,1536997385007,1536997385142
click,90.0,129.5,93.0,137.0,10417091,93.0,137.0,10417209,1536997385648,1536997385809
click,180.0,129.5,188.0,103.0,10417807,188.0,103.0,10417904,1536997386342,1536997386509
click,45.0,103.5,67.0,93.0,10418534,67.0,93.0,10418652,1536997387091,1536997387270
click,90.0,77.5,114.0,76.0,10419197,114.0,76.0,10419325,1536997387764,1536997387953
click,270.0,233.5,295.0,263.0,10419848,295.0,263.0,10419987,1536997388426,1536997388600
click,135.0,51.5,145.0,42.0,10420618,145.0,42.0,10420726,1536997389164,1536997389310
click,225.0,207.5,263.0,222.0,10421216,263.0,222.0,10421344,1536997389785,1536997389948
click,45.0,207.5,53.0,229.0,10421921,53.0,229.0,10422040,1536997390478,1536997390639
click,90.0,285.5,114.0,267.0,10422573,114.0,267.0,10422711,1536997391151,1536997391314
