click,0,0,152.0,89.0,12199122,152.0,89.0,12199198,1537000914923,1537000915097
click,225.0,155.5,249.0,136.0,12199755,249.0,136.0,12199828,1537000915553,1537000915693
click,180.0,233.5,196.0,212.0,12200461,196.0,212.0,12200533,1537000916258,1537000916418
click,270.0,181.5,270.0,152.0,12201027,270.0,152.0,12201124,1537000916849,1537000917002
click,135.0,155.5,155.0,135.0,12201636,155.0,150.0,12201708,1537000917433,1537000917581
click,135.0,311.5,153.0,283.0,12202298,139.0,283.0,12202385,1537000918110,1537000918268
click,45.0,155.5,49.0,185.0,12202918,49.0,185.0,12203016,1537000918740,1537000918908
click,225.0,259.5,209.0,272.0,12203612,209.0,272.0,12203676,1537000919401,1537000919574
click,225.0,103.5,230.0,134.0,12204316,250.0,147.0,12204423,1537000920148,1537000920317
click,45.0,207.5,45.0,208.0,12204959,45.0,208.0,12205045,1537000920770,1537000920929
click,315.0,155.5,305.0,128.0,12205610,305.0,128.0,12205683,1537000921408,1537000921592
click,90.0,129.5,114.0,70.0,12206295,114.0,70.0,12206358,1537000922083,1537000922222
click,90.0,233.5,123.0,235.0,12207887,106.0,242.0,12207950,1537000923675,1537000923807
click,180.0,25.5,168.0,48.0,12209265,168.0,48.0,12209338,1537000925063,1537000925204
click,90.0,181.5,81.0,197.0,12209938,81.0,211.0,12210001,1537000925726,1537000925893
click,180.0,77.5,211.0,93.0,12210526,211.0,93.0,12210599,1537000926323,1537000926600
click,135.0,311.5,125.0,308.0,12213213,125.0,308.0,12213295,1537000929020,1537000929171
click,135.0,259.5,157.0,267.0,12213881,157.0,267.0,12213954,1537000929679,1537000929831
click,90.0,77.5,110.0,71.0,12214522,110.0,71.0,12214595,1537000930320,1537000930478
click,135.0,155.5,153.0,148.0,12215121,153.0,148.0,12215173,1537000930898,1537000931055
click,45.0,155.5,85.0,157.0,12215730,89.0,179.0,12215802,1537000931527,1537000931673
click,270.0,129.5,250.0,152.0,12216403,250.0,152.0,12216466,1537000932191,1537000932309
click,45.0,259.5,253.0,198.0,12217054,253.0,198.0,12217118,1537000932843,1537000932989
click,180.0,129.5,167.0,111.0,12217749,167.0,111.0,12217802,1537000933526,1537000933695
click,180.0,181.5,231.0,193.0,12219192,231.0,193.0,12219255,1537000934980,1537000935138
click,225.0,155.5,166.0,226.0,12219832,166.0,226.0,12219874,1537000935599,1537000935744
click,90.0,181.5,229.0,164.0,12220410,229.0,164.0,12220462,1537000936187,1537000936336
click,45.0,259.5,161.0,233.0,12221071,161.0,233.0,12221124,1537000936849,1537000937007
click,90.0,233.5,118.0,233.0,12221766,118.0,233.0,12221839,1537000937564,1537000937712
click,135.0,311.5,139.0,298.0,12223273,139.0,298.0,12223371,1537000939096,1537000939259
click,45.0,155.5,47.0,184.0,12223957,47.0,184.0,12224044,1537000939769,1537000939921
click,180.0,25.5,206.0,46.0,12224598,182.0,63.0,12224695,1537000940424,1537000940567
click,90.0,77.5,192.0,45.0,12225312,192.0,45.0,12225400,1537000942632,1537000942792
click,270.0,129.5,181.0,58.0,12226049,181.0,58.0,12226188,1537000942786,1537000942924
click,135.0,207.5,197.0,50.0,12226659,197.0,50.0,12226809,1537000942874,1537000942991
click,315.0,259.5,193.0,53.0,12227247,176.0,53.0,12227375,1537000943379,1537000943523
click,270.0,129.5,202.0,58.0,12227727,186.0,48.0,12227855,1537000945466,1537000945632
click,90.0,233.5,305.0,260.0,12228464,305.0,260.0,12228582,1537000945571,1537000945710
click,90.0,285.5,303.0,263.0,12229148,303.0,263.0,12229266,1537000945659,1537000945783
click,315.0,259.5,296.0,273.0,12232196,296.0,273.0,12232268,1537000947993,1537000948191
click,225.0,207.5,232.0,244.0,12232964,232.0,244.0,12233070,1537000948795,1537000948958
click,135.0,259.5,138.0,284.0,12233595,138.0,284.0,12233682,1537000949407,1537000949557
click,225.0,311.5,244.0,305.0,12234225,244.0,305.0,12234312,1537000950037,1537000950182
click,45.0,103.5,66.0,123.0,12234920,66.0,123.0,12235007,1537000950732,1537000950875
click,315.0,103.5,291.0,75.0,12235721,291.0,75.0,12235827,1537000951552,1537000951731
click,225.0,51.5,234.0,52.0,12236459,249.0,69.0,12236556,1537000952281,1537000952432
click,315.0,207.5,309.0,190.0,12237078,309.0,190.0,12237165,1537000952890,1537000953041
click,270.0,233.5,260.0,257.0,12237687,260.0,257.0,12237785,1537000953510,1537000953676
click,270.0,181.5,255.0,166.0,12239846,255.0,166.0,12239909,1537000955634,1537000955812
click,135.0,103.5,123.0,89.0,12240423,123.0,89.0,12240495,1537000956220,1537000956374
click,225.0,155.5,240.0,160.0,12240999,240.0,160.0,12241063,1537000956788,1537000956940
click,90.0,285.5,88.0,270.0,12241684,88.0,270.0,12241781,1537000957506,1537000957652
click,45.0,103.5,51.0,130.0,12242378,51.0,130.0,12242475,1537000958200,1537000958337
click,135.0,207.5,179.0,243.0,12243009,179.0,228.0,12243095,1537000958821,1537000958958
click,315.0,103.5,278.0,127.0,12243671,301.0,115.0,12243787,1537000959519,1537000959652
click,225.0,103.5,247.0,125.0,12245220,247.0,125.0,12245273,1537000960997,1537000961133
click,135.0,51.5,163.0,48.0,12245797,163.0,48.0,12245860,1537000961585,1537000961754
click,45.0,207.5,61.0,199.0,12246503,61.0,199.0,12246544,1537000962269,1537000962414
click,270.0,233.5,255.0,208.0,12247069,255.0,208.0,12247141,1537000962866,1537000963033
click,225.0,51.5,231.0,56.0,12247667,243.0,71.0,12247739,1537000963464,1537000963682
click,45.0,207.5,51.0,210.0,12248993,51.0,210.0,12249055,1537000964780,1537000964934
click,135.0,103.5,140.0,116.0,12250114,140.0,116.0,12250178,1537000965904,1537000966049
click,135.0,259.5,106.0,217.0,12250723,106.0,217.0,12250775,1537000966500,1537000967118
click,225.0,311.5,247.0,296.0,12251300,247.0,296.0,12251373,1537000967097,1537000967668
click,225.0,103.5,254.0,70.0,12251877,254.0,70.0,12251940,1537000967665,1537000967851
click,270.0,285.5,292.0,268.0,12252550,292.0,268.0,12252648,1537000968373,1537000968534
click,90.0,285.5,73.0,260.0,12253245,73.0,280.98987,12253350,1537000969076,1537000969227
click,315.0,207.5,321.0,199.0,12253896,321.0,199.0,12253983,1537000969708,1537000969842
click,180.0,233.5,133.0,204.0,12254527,133.0,204.0,12254613,1537000970339,1537000970476
click,90.0,129.5,133.0,113.0,12255136,133.0,113.0,12255223,1537000970948,1537000971084
click,225.0,207.5,221.0,166.0,12255735,221.0,166.0,12255807,1537000971532,1537000971684
click,225.0,259.5,248.0,216.0,12256365,248.0,216.0,12256452,1537000972177,1537000972315
click,270.0,77.5,273.0,62.0,12258809,273.0,62.0,12258831,1537000974556,1537000974700
click,270.0,285.5,288.0,286.0,12259396,288.0,286.0,12259444,1537000975168,1537000975329
click,180.0,129.5,177.0,116.0,12259977,177.0,116.0,12260049,1537000975774,1537000975916
click,180.0,77.5,171.0,75.0,12260554,171.0,75.0,12260606,1537000976331,1537000976510
click,180.0,285.5,208.0,275.0,12261237,194.0,275.0,12261335,1537000977060,1537000977185
click,45.0,259.5,59.0,268.0,12261996,59.0,268.0,12262083,1537000977808,1537000977954
click,90.0,181.5,125.0,199.0,12262594,110.0,209.5,12262681,1537000978410,1537000978568
click,135.0,207.5,141.0,250.0,12263214,141.0,250.0,12263301,1537000979026,1537000979166
click,135.0,51.5,139.0,86.0,12263855,139.0,86.0,12263907,1537000979633,1537000979818
click,180.0,25.5,187.0,42.0,12264422,187.0,42.0,12264494,1537000980219,1537000980367
click,90.0,77.5,89.0,93.0,12265052,89.0,93.0,12265125,1537000980849,1537000981000
click,180.0,181.5,190.0,201.0,12265640,190.0,201.0,12265727,1537000981451,1537000981603
click,225.0,311.5,230.0,314.0,12267467,230.0,314.0,12267539,1537000983264,1537000983404
click,225.0,207.5,221.0,222.0,12268044,221.0,222.0,12268116,1537000983841,1537000984000
click,90.0,129.5,97.0,131.0,12268631,107.5,154.0,12268704,1537000984429,1537000984589
click,315.0,259.5,304.0,248.0,12269337,304.0,248.0,12269409,1537000985134,1537000985278
click,315.0,155.5,289.0,156.0,12269957,289.0,156.0,12270043,1537000985768,1537000985921
click,180.0,233.5,169.0,186.0,12270598,169.0,186.0,12270650,1537000986375,1537000986558
click,225.0,259.5,230.0,255.0,12271143,230.0,255.0,12271240,1537000986965,1537000987113
click,180.0,285.5,172.0,258.0,12271741,172.0,258.0,12271838,1537000987563,1537000987694
click,270.0,285.5,285.0,234.0,12272318,285.0,234.0,12272415,1537000988140,1537000988297
click,270.0,77.5,294.0,89.0,12272906,294.0,89.0,12272991,1537000988716,1537000988843
click,315.0,207.5,320.0,206.0,12273524,305.0,198.0,12273612,1537000989337,1537000989479
click,180.0,181.5,213.0,151.0,12274113,235.5,166.0,12274210,1537000989941,1537000990073
click,270.0,233.5,295.0,237.0,12276409,295.0,222.0,12276496,1537000992221,1537000992370
click,270.0,77.5,295.0,141.0,12276998,295.0,141.0,12277061,1537000992786,1537000992952
click,45.0,103.5,49.0,133.0,12277725,49.0,133.0,12277777,1537000993502,1537000993712
click,315.0,155.5,302.0,151.0,12278408,302.0,151.0,12278481,1537000994207,1537000994345
click,135.0,51.5,133.0,61.0,12278975,133.0,61.0,12279038,1537000994763,1537000994931
click,315.0,103.5,302.0,105.0,12279520,302.0,105.0,12279583,1537000995308,1537000995463
click,135.0,155.5,156.0,151.0,12280075,156.0,169.0,12280148,1537000995873,1537000996029
click,180.0,77.5,232.0,62.0,12280642,232.0,62.0,12280714,1537000996439,1537000996621
click,270.0,181.5,313.0,188.0,12281219,313.0,188.0,12281291,1537000997016,1537000997174
click,225.0,51.5,209.0,70.0,12281933,209.0,70.0,12281998,1537000997722,1537000997863
click,180.0,129.5,160.0,102.0,12282469,160.0,102.0,12282532,1537000998257,1537000998405
click,180.0,285.5,215.0,180.0,12283067,215.0,180.0,12283140,1537000998865,1537000999033
click,180.0,285.5,173.0,281.0,12284841,173.0,281.0,12284904,1537001000629,1537001000758
