click,0,0,127.0,44.0,8536713,127.0,44.0,8536813,1537088368149,1537088367321
click,225.0,155.5,251.0,173.0,8537507,251.0,173.0,8537615,1537088368950,1537088368098
click,180.0,25.5,180.0,44.0,8538436,180.0,44.0,8538510,1537088369846,1537088368999
click,90.0,77.5,101.0,101.0,8539195,101.0,101.0,8539280,1537088370616,1537088369759
click,270.0,181.5,273.0,212.0,8539869,273.0,212.0,8539953,1537088371288,1537088370453
click,315.0,259.5,301.0,257.0,8549874,301.0,257.0,8550014,1537088381351,1537088380511
click,45.0,207.5,63.0,205.0,8550952,63.0,205.0,8551040,1537088382375,1537088381528
click,180.0,181.5,185.0,212.0,8551604,185.0,212.0,8551712,1537088383047,1537088382218
click,225.0,311.5,243.0,308.0,8552299,243.0,308.0,8552438,1537088383773,1537088382912
click,135.0,259.5,111.0,289.0,8553069,125.0,277.0,8553177,1537088384512,1537088383689
click,315.0,207.5,320.0,211.0,8556087,320.0,211.0,8556247,1537088387583,1537088386772
click,90.0,285.5,95.0,291.0,8557301,95.0,291.0,8557421,1537088388757,1537088387953
click,90.0,77.5,84.0,89.0,8559363,84.0,89.0,8559473,1537088390808,1537088389954
click,135.0,207.5,165.0,238.0,8560102,165.0,238.0,8560221,1537088391557,1537088390726
click,135.0,103.5,153.0,121.0,8560956,153.0,121.0,8561106,1537088392441,1537088391594
click,270.0,181.5,297.0,200.0,8561715,297.0,200.0,8561865,1537088393203,1537088392375
click,270.0,129.5,282.0,148.0,8562442,282.0,148.0,8562530,1537088393865,1537088392991
click,225.0,259.5,258.0,268.0,8563126,258.0,268.0,8563265,1537088394601,1537088393773
click,315.0,103.5,304.0,117.0,8567588,304.0,117.0,8567734,1537088399070,1537088398228
click,315.0,259.5,310.0,114.0,8568000,310.0,114.0,8568139,1537088399475,1537088398634
click,180.0,25.5,184.0,44.0,8569005,184.0,44.0,8569093,1537088400428,1537088399590
click,315.0,207.5,317.0,198.0,8577888,331.0,198.0,8578040,1537088409378,1537088408593
click,45.0,207.5,53.0,204.0,8579042,53.0,204.0,8579180,1537088410515,1537088409659
click,180.0,129.5,182.0,105.0,8579864,201.0,105.0,8580012,1537088411348,1537088410554
click,270.0,77.5,289.0,77.0,8584632,289.0,77.0,8584752,1537088416087,1537088415247
click,90.0,77.5,110.0,83.0,8585390,110.0,83.0,8585530,1537088416865,1537088416032
click,45.0,103.5,71.0,113.0,8586148,71.0,113.0,8586321,1537088417657,1537088416813
click,225.0,259.5,266.0,274.0,8587079,266.0,274.0,8587187,1537088418522,1537088417692
click,180.0,181.5,170.0,181.0,8587944,185.0,181.0,8588064,1537088419399,1537088418574
click,180.0,129.5,192.0,104.0,8590820,192.0,104.0,8590894,1537088422229,1537088421393
click,135.0,51.5,124.0,71.0,8591483,124.0,71.0,8591591,1537088422926,1537088422082
click,225.0,51.5,225.0,51.0,8592659,225.0,51.0,8592747,1537088424082,1537088423239
click,90.0,233.5,89.0,242.0,8593450,89.0,242.0,8593538,1537088424873,1537088424017
click,270.0,129.5,296.0,114.0,8594155,296.0,114.0,8594275,1537088425611,1537088424759
click,135.0,259.5,119.0,272.0,8594936,119.0,272.0,8595043,1537088426378,1537088425547
click,90.0,181.5,102.0,161.0,8595705,102.0,161.0,8595844,1537088427179,1537088426346
click,315.0,103.5,308.0,119.0,8607264,308.0,119.0,8607414,1537088438749,1537088437921
click,180.0,233.5,213.0,241.0,8608211,213.0,241.0,8608331,1537088439666,1537088438821
click,270.0,233.5,287.0,255.0,8608979,287.0,237.0,8609089,1537088440424,1537088439577
click,180.0,129.5,217.0,135.0,8609772,217.0,135.0,8609921,1537088441257,1537088440450
click,45.0,155.5,50.0,179.0,8610680,50.0,179.0,8610800,1537088442135,1537088441271
click,270.0,129.5,271.0,140.0,8611759,271.0,140.0,8611919,1537088443257,1537088442417
click,225.0,51.5,258.0,62.0,8613084,258.0,62.0,8613224,1537088444559,1537088443701
click,135.0,207.5,165.0,210.0,8613897,165.0,210.0,8614037,1537088445372,1537088444556
click,135.0,103.5,161.0,111.0,8614720,161.0,111.0,8614860,1537088446195,1537088445347
click,45.0,103.5,73.0,117.0,8615447,73.0,117.0,8615566,1537088446901,1537088446037
click,225.0,103.5,224.0,122.0,8616174,224.0,122.0,8616263,1537088447598,1537088446746
click,225.0,259.5,251.0,252.0,8616912,251.0,252.0,8617083,1537088448418,1537088447577
click,270.0,77.5,283.0,100.0,8618697,283.0,100.0,8618817,1537088450152,1537088449312
click,225.0,207.5,243.0,227.0,8619595,243.0,227.0,8619713,1537088451049,1537088450196
click,225.0,155.5,237.0,181.0,8621113,237.0,181.0,8621232,1537088452568,1537088451724
click,180.0,285.5,196.0,298.0,8621893,196.0,298.0,8622012,1537088453349,1537088452504
click,90.0,233.5,97.0,259.0,8622651,97.0,259.0,8622740,1537088454075,1537088453250
click,180.0,233.5,204.0,236.0,8623410,204.0,236.0,8623519,1537088454854,1537088454033
click,45.0,259.5,68.0,273.0,8624243,68.0,273.0,8624364,1537088455700,1537088454859
click,225.0,103.5,236.0,100.0,8625300,236.0,100.0,8625442,1537088456777,1537088455929
click,90.0,129.5,108.0,140.0,8626083,108.0,140.0,8626191,1537088457526,1537088456690
click,90.0,181.5,113.0,176.0,8626735,113.0,176.0,8626874,1537088458209,1537088457376
click,180.0,77.5,218.0,90.0,8627515,218.0,90.0,8627696,1537088459033,1537088458223
click,135.0,51.5,173.0,54.0,8628358,173.0,54.0,8628497,1537088459835,1537088458985
click,90.0,285.5,89.0,294.0,8630272,89.0,294.0,8630380,1537088461716,1537088460877
click,180.0,25.5,205.0,42.0,8631010,205.0,42.0,8631149,1537088462484,1537088461654
click,180.0,233.5,209.0,253.0,8631779,209.0,253.0,8631888,1537088463223,1537088462382
click,180.0,285.5,186.0,304.0,8632464,186.0,304.0,8632572,1537088463907,1537088463056
click,225.0,103.5,260.0,127.0,8633297,260.0,127.0,8633436,1537088464772,1537088463908
click,225.0,155.5,248.0,150.0,8634002,248.0,150.0,8634111,1537088465446,1537088464618
click,315.0,103.5,308.0,108.0,8636733,308.0,108.0,8636878,1537088468214,1537088467476
click,225.0,207.5,235.0,219.0,8637573,235.0,219.0,8637692,1537088469027,1537088468210
click,270.0,233.5,297.0,255.0,8638246,297.0,255.0,8638385,1537088469721,1537088468899
click,45.0,259.5,67.0,267.0,8639112,67.0,267.0,8639249,1537088470585,1537088469730
click,270.0,181.5,301.0,185.0,8639935,301.0,185.0,8640055,1537088471390,1537088470571
click,90.0,129.5,92.0,138.0,8640822,92.0,138.0,8640961,1537088472297,1537088471479
click,270.0,77.5,287.0,81.0,8645129,287.0,81.0,8645236,1537088476572,1537088475726
click,270.0,285.5,276.0,290.0,8645888,276.0,290.0,8645996,1537088477331,1537088476481
click,180.0,77.5,213.0,75.0,8646572,199.0,75.0,8646722,1537088478058,1537088477223
click,90.0,129.5,102.0,129.0,8647406,102.0,129.0,8647494,1537088478829,1537088477946
click,135.0,311.5,144.0,315.0,8648293,144.0,315.0,8648413,1537088479749,1537088478938
click,45.0,259.5,58.0,263.0,8649084,58.0,263.0,8649172,1537088480508,1537088479674
click,135.0,155.5,172.0,155.0,8649683,172.0,155.0,8649802,1537088481139,1537088480283
click,225.0,207.5,283.0,213.0,8650377,283.0,213.0,8650486,1537088481821,1537088480987
click,90.0,181.5,101.0,182.0,8651083,101.0,182.0,8651167,1537088482503,1537088481636
click,180.0,285.5,197.0,303.0,8651778,197.0,303.0,8651886,1537088483221,1537088482375
click,90.0,233.5,112.0,257.0,8652483,112.0,257.0,8652622,1537088483958,1537088483108
click,315.0,155.5,324.0,162.0,8655411,324.0,162.0,8655520,1537088486856,1537088486020
click,90.0,285.5,91.0,294.0,8657132,91.0,294.0,8657252,1537088488587,1537088487774
click,225.0,311.5,248.0,308.0,8657849,248.0,308.0,8657988,1537088489323,1537088488471
click,270.0,233.5,307.0,233.0,8658564,307.0,233.0,8658685,1537088490022,1537088489186
click,135.0,259.5,155.0,273.0,8659302,155.0,273.0,8659410,1537088490746,1537088489913
click,225.0,51.5,252.0,69.0,8659997,252.0,69.0,8660135,1537088491472,1537088490688
click,180.0,181.5,193.0,198.0,8660735,193.0,198.0,8660842,1537088492177,1537088491348
click,135.0,311.5,143.0,317.0,8661536,143.0,317.0,8661656,1537088492992,1537088492148
click,315.0,155.5,316.0,148.0,8662391,316.0,148.0,8662512,1537088493847,1537088493043
click,270.0,285.5,275.0,274.0,8663129,275.0,274.0,8663217,1537088494552,1537088493754
click,45.0,155.5,44.0,167.0,8663941,44.0,167.0,8664030,1537088495365,1537088494516
click,45.0,103.5,68.0,121.0,8664657,68.0,121.0,8664797,1537088496132,1537088495281
click,135.0,155.5,145.0,189.0,8665406,145.0,189.0,8665523,1537088496858,1537088496018
click,135.0,207.5,101.0,239.0,8667179,101.0,239.0,8667288,1537088498623,1537088497786
click,315.0,207.5,320.0,210.0,8670402,320.0,210.0,8670540,1537088501877,1537088501029
click,135.0,155.5,133.0,150.0,8671188,133.0,150.0,8671276,1537088502612,1537088501748
click,225.0,311.5,207.0,314.0,8671958,207.0,314.0,8672076,1537088503411,1537088502573
click,45.0,207.5,57.0,197.0,8672727,57.0,197.0,8672847,1537088504183,1537088503339
click,45.0,155.5,62.0,154.0,8673411,62.0,154.0,8673519,1537088504855,1537088504011
click,315.0,155.5,319.0,146.0,8674215,319.0,146.0,8674298,1537088505633,1537088504776
click,135.0,311.5,155.0,306.0,8674929,155.0,306.0,8675078,1537088506414,1537088505572
click,135.0,103.5,149.0,121.0,8675645,149.0,121.0,8675734,1537088507069,1537088506211
click,180.0,77.5,197.0,82.0,8676307,197.0,82.0,8676428,1537088507763,1537088506909
click,315.0,259.5,305.0,253.0,8677056,319.0,253.0,8677193,1537088508528,1537088507710
click,270.0,285.5,293.0,277.0,8679145,293.0,277.0,8679261,1537088510597,1537088509783
click,270.0,285.5,287.0,289.0,8681731,287.0,289.0,8681801,1537088513136,1537088512313
