click,0,0,236.0,259.0,7602240,236.0,240.72232,7602395,1537087052637,1537087051808
click,135.0,51.5,146.0,59.0,7603248,146.0,59.0,7603398,1537087053639,1537087052837
click,225.0,103.5,256.0,91.0,7604103,274.0,102.0,7604251,1537087054492,1537087053690
click,270.0,285.5,269.0,294.0,7606133,269.0,294.0,7606285,1537087056527,1537087055671
click,180.0,233.5,194.0,269.0,7606924,194.0,269.0,7607062,1537087057305,1537087056450
click,45.0,207.5,73.0,253.0,7607874,58.0,241.0,7607993,1537087058241,1537087057417
click,90.0,129.5,71.0,122.0,7608623,71.0,122.0,7608743,1537087058985,1537087058145
click,225.0,155.5,272.0,182.0,7609402,272.0,182.0,7609552,1537087059794,1537087058943
click,90.0,77.5,68.0,124.0,7610343,68.0,124.0,7610431,1537087060672,1537087059828
click,135.0,103.5,104.0,151.0,7611048,124.0,138.0,7611155,1537087061397,1537087060561
click,45.0,155.5,44.0,153.0,7611807,44.0,153.0,7611895,1537087062136,1537087061290
click,135.0,311.5,124.0,300.0,7612587,124.0,300.0,7612726,1537087062968,1537087062129
click,270.0,285.5,290.0,291.0,7618015,290.0,291.0,7618154,1537087068395,1537087067565
click,135.0,51.5,134.0,78.0,7618860,116.0,64.0,7619008,1537087069250,1537087068405
click,135.0,155.5,89.0,149.0,7621061,89.0,149.0,7621169,1537087071410,1537087070594
click,135.0,311.5,103.0,307.0,7621884,103.0,307.0,7622002,1537087072244,1537087071403
click,270.0,129.5,300.0,119.0,7622642,318.0,128.0,7622761,1537087073004,1537087072193
click,270.0,77.5,265.0,90.0,7627709,286.0,90.0,7627797,1537087078039,1537087077210
click,45.0,259.5,57.0,270.0,7630637,57.0,270.0,7630777,1537087081019,1537087080151
click,180.0,25.5,217.0,46.0,7631471,217.0,46.0,7631610,1537087081851,1537087081041
click,225.0,155.5,262.0,159.0,7632325,270.55212,177.0,7632464,1537087082707,1537087081853
click,315.0,259.5,303.0,243.0,7639083,303.0,243.0,7639232,1537087089473,1537087088644
click,180.0,181.5,223.0,172.0,7640070,223.0,172.0,7640192,1537087090433,1537087089615
click,90.0,181.5,94.0,181.0,7641226,94.0,181.0,7641375,1537087091617,1537087090783
click,270.0,77.5,257.0,78.0,7643342,257.0,78.0,7643481,1537087093723,1537087092888
click,90.0,77.5,73.0,122.0,7644250,73.0,122.0,7644370,1537087094612,1537087093783
click,180.0,25.5,201.0,44.0,7644976,201.0,44.0,7645096,1537087095338,1537087094498
click,45.0,207.5,52.0,233.0,7646590,52.0,233.0,7646729,1537087096970,1537087096118
click,315.0,259.5,297.0,266.0,7651592,297.0,266.0,7651740,1537087101982,1537087101134
click,180.0,77.5,170.0,95.0,7652585,170.0,95.0,7652724,1537087102966,1537087102182
click,180.0,181.5,193.0,200.0,7653557,193.0,200.0,7653696,1537087103937,1537087103095
click,270.0,181.5,315.0,192.0,7654422,315.0,209.5,7654572,1537087104813,1537087103979
click,90.0,285.5,73.0,269.0,7655384,73.0,269.0,7655523,1537087105765,1537087104954
click,90.0,129.5,115.0,146.0,7656282,115.0,146.0,7656421,1537087106662,1537087105833
click,90.0,181.5,54.0,248.0,7657254,54.0,248.0,7657374,1537087107616,1537087106782
click,135.0,259.5,149.0,253.0,7657917,149.0,268.5,7658066,1537087108308,1537087107497
click,225.0,51.5,224.0,48.0,7661956,242.17755,48.0,7662074,1537087112316,1537087111483
click,315.0,103.5,313.0,183.0,7662843,313.0,165.0,7662991,1537087113233,1537087112378
click,315.0,207.5,304.0,242.0,7664371,318.0,242.0,7664510,1537087114751,1537087113899
click,135.0,155.5,137.0,161.0,7665205,137.0,161.0,7665344,1537087115585,1537087114741
click,90.0,285.5,78.0,271.0,7665889,100.0,271.0,7666026,1537087116267,1537087115437
click,180.0,77.5,177.0,103.0,7666764,197.0,103.0,7666872,1537087117127,1537087116269
click,180.0,181.5,172.0,176.0,7667609,186.0,176.0,7667717,1537087117958,1537087117123
click,270.0,233.5,284.0,273.0,7668453,284.0,273.0,7668592,1537087118834,1537087117974
click,45.0,259.5,59.0,263.0,7669394,59.0,263.0,7669541,1537087119783,1537087118930
click,45.0,103.5,58.0,119.0,7670227,58.0,119.0,7670377,1537087120618,1537087119785
click,315.0,259.5,304.0,252.0,7671018,304.0,252.0,7671157,1537087121399,1537087120565
click,90.0,181.5,91.0,219.0,7671809,91.0,219.0,7671928,1537087122170,1537087121324
click,180.0,77.5,198.0,97.0,7673850,198.0,97.0,7673934,1537087124176,1537087123348
click,90.0,77.5,90.0,124.0,7674523,90.0,124.0,7674643,1537087124884,1537087124056
click,225.0,103.5,273.0,119.0,7675260,273.0,119.0,7675381,1537087125623,1537087124773
click,225.0,259.5,248.0,257.0,7676233,248.0,257.0,7676353,1537087126594,1537087125752
click,180.0,285.5,200.0,304.0,7676959,200.0,304.0,7677078,1537087127320,1537087126467
click,225.0,207.5,236.0,225.0,7677697,236.0,225.0,7677817,1537087128058,1537087127219
click,315.0,103.5,309.0,120.0,7682473,309.0,120.0,7682627,1537087132869,1537087132018
click,225.0,51.5,247.0,52.0,7683371,247.0,52.0,7683520,1537087133762,1537087132915
click,45.0,155.5,38.0,169.0,7684388,38.0,169.0,7684449,1537087134690,1537087133869
click,45.0,103.5,54.0,142.0,7685326,54.0,142.0,7685446,1537087135688,1537087134843
click,180.0,129.5,182.0,136.0,7686171,182.0,136.0,7686279,1537087136520,1537087135698
click,90.0,233.5,93.0,247.0,7686972,93.0,247.0,7687111,1537087137353,1537087136533
click,135.0,311.5,122.0,290.0,7688906,139.0,299.0,7689015,1537087139261,1537087138444
click,315.0,103.5,303.0,154.0,7692251,319.0,154.0,7692370,1537087142613,1537087141770
click,315.0,207.5,286.0,242.0,7696044,286.0,242.0,7696184,1537087146425,1537087145589
click,90.0,233.5,72.0,252.0,7697412,72.0,252.0,7697552,1537087147793,1537087146986
click,180.0,285.5,159.0,302.0,7698299,159.0,302.0,7698418,1537087148660,1537087147857
click,45.0,259.5,62.0,251.0,7699283,62.0,251.0,7699454,1537087149695,1537087148873
click,225.0,259.5,243.0,267.0,7700361,243.0,267.0,7700512,1537087150753,1537087149906
click,225.0,103.5,227.0,134.0,7701408,227.0,134.0,7701548,1537087151790,1537087150942
click,45.0,103.5,44.0,136.0,7702360,44.0,136.0,7702499,1537087152741,1537087151899
click,270.0,285.5,293.0,264.0,7703343,293.0,264.0,7703492,1537087153735,1537087152939
click,135.0,103.5,153.0,120.0,7704433,153.0,120.0,7704583,1537087154825,1537087153994
click,270.0,233.5,289.0,240.0,7705480,289.0,240.0,7705620,1537087155862,1537087155008
click,90.0,233.5,93.0,198.0,7710952,82.5,216.5,7711060,1537087161301,1537087160464
click,315.0,155.5,313.0,175.0,7711712,313.0,175.0,7711831,1537087162073,1537087161210
click,135.0,259.5,130.0,256.0,7712523,130.0,256.0,7712662,1537087162904,1537087162058
click,180.0,129.5,172.0,129.0,7713378,172.0,129.0,7713528,1537087163769,1537087162987
click,135.0,207.5,135.0,196.0,7714757,135.0,196.0,7714845,1537087165086,1537087164260
click,225.0,259.5,249.0,265.0,7715398,249.0,265.0,7715505,1537087165746,1537087164889
click,270.0,77.5,265.0,86.0,7716125,265.0,86.0,7716232,1537087166473,1537087165658
click,180.0,285.5,170.0,301.0,7717107,170.0,301.0,7717192,1537087167434,1537087166596
click,180.0,25.5,203.0,40.0,7717888,203.0,40.0,7718038,1537087168279,1537087167464
click,270.0,129.5,281.0,104.0,7718668,300.0,116.0,7718755,1537087168999,1537087168169
click,270.0,181.5,306.0,182.0,7719363,306.0,182.0,7719471,1537087169712,1537087168878
click,225.0,311.5,197.0,310.0,7720335,197.0,310.0,7720424,1537087170665,1537087169829
click,90.0,129.5,70.0,117.0,7722120,70.0,117.0,7722228,1537087172470,1537087171634
click,135.0,259.5,154.0,294.0,7722921,154.0,294.0,7723010,1537087173251,1537087172410
click,135.0,103.5,171.0,78.0,7723712,171.0,78.0,7723820,1537087174061,1537087173234
click,270.0,181.5,289.0,168.0,7724503,289.0,182.0,7724622,1537087174864,1537087174021
click,45.0,207.5,66.0,201.0,7725261,66.0,201.0,7725401,1537087175642,1537087174792
click,135.0,207.5,98.0,249.0,7726085,98.0,249.0,7726173,1537087176414,1537087175573
click,90.0,285.5,86.0,262.0,7726779,86.0,262.0,7726887,1537087177128,1537087176757
click,270.0,233.5,315.0,222.0,7727558,315.0,222.0,7727668,1537087177909,1537087177114
click,180.0,233.5,195.0,243.0,7728317,195.0,243.0,7728407,1537087178648,1537087177794
click,315.0,207.5,309.0,236.0,7728991,309.0,236.0,7729100,1537087179341,1537087178529
click,315.0,155.5,323.0,152.0,7729707,323.0,152.0,7729827,1537087180069,1537087179214
click,225.0,311.5,231.0,307.0,7730647,231.0,307.0,7730768,1537087181010,1537087180168
click,135.0,155.5,127.0,188.0,7732582,127.0,188.0,7732670,1537087182912,1537087182073
click,135.0,51.5,129.0,54.0,7733480,129.0,54.0,7733588,1537087183829,1537087182972
click,225.0,311.5,241.0,308.0,7734623,241.0,308.0,7734731,1537087184972,1537087184142
click,180.0,233.5,182.0,237.0,7735371,182.0,237.0,7735460,1537087185701,1537087184882
click,225.0,155.5,212.0,145.0,7736194,212.0,145.0,7736283,1537087186524,1537087185680
click,225.0,207.5,292.0,206.0,7736932,292.0,206.0,7737020,1537087187261,1537087186447
click,135.0,207.5,142.0,216.0,7737573,142.0,216.0,7737681,1537087187922,1537087187091
click,270.0,129.5,238.0,124.0,7738310,238.0,124.0,7738418,1537087188659,1537087187842
click,180.0,129.5,185.0,129.0,7739144,185.0,129.0,7739252,1537087189493,1537087188657
click,45.0,155.5,55.0,163.0,7739860,55.0,163.0,7739948,1537087190189,1537087189364
click,315.0,155.5,327.0,166.0,7740575,327.0,166.0,7740726,1537087190968,1537087190152
click,225.0,51.5,230.0,58.0,7741429,230.0,58.0,7741550,1537087191791,1537087190932
