click,0,0,72.0,107.0,6743357,72.0,107.0,6743434,1537084070457,1537084069777
click,315.0,155.5,325.0,158.0,6745469,325.0,158.0,6745583,1537084072605,1537084071875
click,180.0,77.5,218.0,84.0,6746212,218.0,84.0,6746301,1537084073323,1537084072484
click,135.0,51.5,144.0,43.0,6746875,144.0,43.0,6746960,1537084073982,1537084073254
click,135.0,155.5,134.0,165.0,6747549,134.0,165.0,6747633,1537084074655,1537084073947
click,225.0,259.5,228.0,270.0,6748542,228.0,270.0,6748627,1537084075649,1537084074985
click,315.0,207.5,312.0,206.0,6749204,312.0,206.0,6749344,1537084076366,1537084075523
click,45.0,207.5,47.0,209.0,6750742,47.0,209.0,6750851,1537084077873,1537084077174
click,180.0,129.5,179.0,150.0,6751449,179.0,150.0,6751588,1537084078610,1537084077757
click,90.0,129.5,94.0,120.0,6752186,94.0,120.0,6752271,1537084079293,1537084078588
click,225.0,51.5,219.0,55.0,6752881,219.0,55.0,6752999,1537084080022,1537084079186
click,270.0,77.5,278.0,71.0,6753574,278.0,71.0,6753660,1537084080682,1537084079942
click,225.0,51.5,237.0,47.0,6755456,237.0,47.0,6755575,1537084082599,1537084081747
click,90.0,181.5,86.0,194.0,6756193,86.0,194.0,6756281,1537084083303,1537084082526
click,135.0,311.5,143.0,311.0,6756920,143.0,311.0,6757028,1537084084050,1537084083326
click,315.0,259.5,307.0,251.0,6766541,307.0,251.0,6766611,1537084093633,1537084092909
click,180.0,233.5,169.0,224.0,6767327,169.0,224.0,6767412,1537084094434,1537084093592
click,270.0,77.5,254.0,74.0,6768043,254.0,74.0,6768132,1537084095154,1537084094394
click,135.0,155.5,136.0,167.0,6768706,136.0,167.0,6768824,1537084095846,1537084095132
click,180.0,129.5,182.0,134.0,6769400,182.0,134.0,6769508,1537084096532,1537084095703
click,135.0,103.5,111.0,95.0,6770084,111.0,95.0,6770192,1537084097214,1537084096535
click,90.0,285.5,88.0,299.0,6770843,88.0,299.0,6770963,1537084097985,1537084097151
click,135.0,207.5,147.0,210.0,6771601,147.0,210.0,6771741,1537084098764,1537084098052
click,45.0,155.5,41.0,152.0,6772446,41.0,152.0,6772553,1537084099575,1537084098738
click,180.0,25.5,171.0,36.0,6774807,171.0,36.0,6774916,1537084101938,1537084101271
click,135.0,155.5,127.0,179.0,6775555,127.0,179.0,6775640,1537084102662,1537084101829
click,180.0,77.5,186.0,73.0,6776239,186.0,73.0,6776347,1537084103370,1537084102645
click,90.0,181.5,77.0,185.0,6776945,77.0,185.0,6777029,1537084104051,1537084103350
click,90.0,233.5,93.0,248.0,6777628,93.0,248.0,6777702,1537084104724,1537084103958
click,45.0,155.5,48.0,148.0,6778312,48.0,148.0,6778400,1537084105422,1537084104588
click,315.0,103.5,305.0,109.0,6780900,305.0,109.0,6781016,1537084108038,1537084107293
click,225.0,311.5,245.0,304.0,6781934,245.0,304.0,6782042,1537084109064,1537084108358
click,225.0,259.5,232.0,267.0,6782586,232.0,267.0,6782675,1537084109697,1537084109004
click,270.0,285.5,279.0,289.0,6783602,279.0,289.0,6783709,1537084110732,1537084110012
click,270.0,129.5,280.0,116.0,6784349,280.0,116.0,6784470,1537084111493,1537084110667
click,135.0,259.5,140.0,259.0,6785053,140.0,259.0,6785139,1537084112161,1537084111422
click,90.0,233.5,60.0,224.0,6787555,60.0,224.0,6787629,1537084114651,1537084113934
click,225.0,207.5,231.0,219.0,6788356,231.0,219.0,6788441,1537084115463,1537084114630
click,180.0,181.5,178.0,191.0,6788976,178.0,191.0,6789050,1537084116073,1537084115333
click,90.0,181.5,84.0,185.0,6789607,84.0,185.0,6789681,1537084116703,1537084115862
click,180.0,25.5,183.0,31.0,6791642,183.0,31.0,6791775,1537084118799,1537084118045
click,225.0,103.5,237.0,91.0,6792353,237.0,91.0,6792441,1537084119463,1537084118622
click,45.0,259.5,48.0,240.0,6793656,48.0,240.0,6793745,1537084120767,1537084120055
click,270.0,181.5,282.0,159.0,6794585,282.0,159.0,6794671,1537084121693,1537084120947
click,315.0,259.5,308.0,247.0,6796542,308.0,247.0,6796626,1537084123648,1537084122965
click,270.0,233.5,271.0,229.0,6797257,271.0,229.0,6797346,1537084124368,1537084123538
click,180.0,233.5,189.0,245.0,6797899,189.0,245.0,6798007,1537084125029,1537084124258
click,180.0,285.5,203.0,283.0,6798572,203.0,283.0,6798660,1537084125683,1537084124842
click,45.0,103.5,55.0,101.0,6800762,55.0,101.0,6800883,1537084127905,1537084127193
click,225.0,155.5,236.0,168.0,6801703,236.0,168.0,6801787,1537084128809,1537084127980
click,270.0,233.5,277.0,230.0,6802451,277.0,230.0,6802535,1537084129557,1537084128813
click,225.0,311.5,237.0,311.0,6803851,237.0,311.0,6803959,1537084130981,1537084130228
click,225.0,207.5,215.0,211.0,6804556,215.0,211.0,6804644,1537084131666,1537084130838
click,315.0,103.5,300.0,109.0,6805261,300.0,109.0,6805349,1537084132371,1537084131542
click,45.0,259.5,57.0,256.0,6805977,57.0,256.0,6806115,1537084133139,1537084132419
click,180.0,77.5,168.0,68.0,6806811,168.0,68.0,6806899,1537084133921,1537084133095
click,90.0,233.5,87.0,249.0,6807557,87.0,249.0,6807643,1537084134665,1537084133945
click,270.0,181.5,277.0,184.0,6808178,277.0,184.0,6808286,1537084135309,1537084134478
click,180.0,181.5,189.0,204.0,6808819,189.0,204.0,6808904,1537084135926,1537084135252
click,180.0,25.5,181.0,30.0,6809653,181.0,30.0,6809741,1537084136763,1537084135930
click,45.0,259.5,63.0,257.0,6811865,63.0,257.0,6811907,1537084138929,1537084138248
click,180.0,233.5,167.0,258.0,6812453,167.0,258.0,6812516,1537084139539,1537084138700
click,135.0,103.5,130.0,85.0,6813168,130.0,85.0,6813253,1537084140275,1537084139566
click,270.0,181.5,280.0,184.0,6814131,280.0,184.0,6814239,1537084141261,1537084140433
click,270.0,233.5,296.0,253.0,6814771,296.0,253.0,6814845,1537084141867,1537084141043
click,225.0,103.5,219.0,81.0,6815456,219.0,81.0,6815595,1537084142617,1537084141893
click,90.0,129.5,101.0,127.0,6816300,101.0,127.0,6816408,1537084143430,1537084142675
click,90.0,77.5,101.0,80.0,6816994,101.0,80.0,6817114,1537084144137,1537084143306
click,225.0,155.5,238.0,151.0,6817988,238.0,151.0,6818077,1537084145099,1537084144375
click,90.0,285.5,96.0,292.0,6818726,96.0,292.0,6818833,1537084145855,1537084145015
click,315.0,155.5,328.0,169.0,6819527,328.0,169.0,6819601,1537084146623,1537084145883
click,180.0,129.5,178.0,126.0,6820200,178.0,126.0,6820320,1537084147342,1537084146504
click,45.0,155.5,191.0,198.0,6821557,216.0,189.0,6821621,1537084148644,1537084147815
click,270.0,129.5,257.0,171.0,6824676,257.0,171.0,6824719,1537084152909,1537084152137
click,270.0,285.5,274.0,133.0,6825317,274.0,133.0,6825392,1537084153184,1537084152335
click,135.0,259.5,280.0,126.0,6826043,280.0,126.0,6826118,1537084153419,1537084152572
click,135.0,207.5,274.0,130.0,6826749,274.0,130.0,6826868,1537084155262,1537084154482
click,225.0,155.5,290.0,121.0,6827315,290.0,121.0,6827435,1537084155388,1537084154724
click,315.0,103.5,296.0,146.0,6827871,296.0,146.0,6827980,1537084155491,1537084154753
click,90.0,285.5,295.0,135.0,6828352,295.0,135.0,6828441,1537084155577,1537084154769
click,135.0,311.5,133.0,306.0,6831057,133.0,306.0,6831177,1537084158201,1537084157473
click,90.0,77.5,96.0,69.0,6831923,96.0,69.0,6832011,1537084159033,1537084158178
click,135.0,103.5,140.0,110.0,6832606,140.0,110.0,6832694,1537084159717,1537084158955
click,225.0,311.5,230.0,307.0,6834199,230.0,307.0,6834307,1537084161329,1537084160613
click,270.0,285.5,292.0,285.0,6836667,292.0,285.0,6836755,1537084163778,1537084162942
click,135.0,259.5,138.0,272.0,6837330,138.0,272.0,6837438,1537084164460,1537084163742
click,90.0,129.5,87.0,126.0,6838056,87.0,126.0,6838141,1537084165164,1537084164445
click,45.0,207.5,38.0,212.0,6838783,38.0,212.0,6838867,1537084165889,1537084165171
click,270.0,129.5,274.0,132.0,6839499,274.0,132.0,6839618,1537084166641,1537084165792
click,135.0,51.5,129.0,61.0,6840247,129.0,61.0,6840332,1537084167354,1537084166585
click,180.0,285.5,169.0,294.0,6840962,169.0,294.0,6841047,1537084168070,1537084167235
click,225.0,103.5,226.0,92.0,6841636,226.0,92.0,6841744,1537084168767,1537084168066
click,90.0,77.5,92.0,75.0,6842352,92.0,75.0,6842440,1537084169462,1537084168696
click,315.0,155.5,299.0,143.0,6843250,299.0,143.0,6843313,1537084170335,1537084169510
click,225.0,259.5,244.0,263.0,6843859,244.0,263.0,6843943,1537084170965,1537084170205
click,315.0,207.5,320.0,212.0,6844511,320.0,212.0,6844552,1537084171574,1537084170752
click,225.0,51.5,220.0,47.0,6845910,220.0,47.0,6845994,1537084173016,1537084172178
click,270.0,77.5,271.0,76.0,6846605,271.0,76.0,6846693,1537084173716,1537084173001
click,45.0,207.5,45.0,174.0,6847374,45.0,174.0,6847448,1537084174470,1537084173633
click,135.0,207.5,136.0,218.0,6848251,136.0,218.0,6848325,1537084175347,1537084174634
click,135.0,311.5,129.0,313.0,6848881,129.0,313.0,6848965,1537084175988,1537084175137
click,225.0,207.5,224.0,229.0,6849521,224.0,229.0,6849630,1537084176652,1537084175935
click,315.0,259.5,304.0,262.0,6852226,304.0,262.0,6852334,1537084179356,1537084178644
click,315.0,207.5,321.0,202.0,6853626,321.0,202.0,6853714,1537084180736,1537084180029
click,45.0,103.5,47.0,117.0,6854449,47.0,117.0,6854568,1537084181590,1537084180842
click,135.0,51.5,135.0,44.0,6855132,135.0,44.0,6855221,1537084182243,1537084181411
click,180.0,285.5,192.0,291.0,6855870,192.0,291.0,6856008,1537084183031,1537084182274
click,180.0,181.5,174.0,185.0,6856596,174.0,185.0,6856685,1537084183707,1537084182980
