click,0,0,209.0,314.0,2956931,209.0,314.0,2957015,1537076201545,1537076200773
click,270.0,285.5,295.0,290.0,2957686,295.0,290.0,2957774,1537076202303,1537076201532
click,180.0,129.5,179.0,130.0,2958657,179.0,130.0,2958746,1537076203276,1537076202488
click,135.0,207.5,129.0,217.0,2959469,129.0,217.0,2959554,1537076204084,1537076203308
click,315.0,155.5,315.0,139.0,2960314,315.0,139.0,2960398,1537076204928,1537076204139
click,135.0,259.5,145.0,278.0,2961148,145.0,278.0,2961232,1537076205762,1537076204989
click,315.0,103.5,306.0,116.0,2961917,306.0,116.0,2962001,1537076206531,1537076205763
click,135.0,103.5,144.0,104.0,2962814,144.0,104.0,2962934,1537076207464,1537076206676
click,180.0,25.5,199.0,35.0,2963626,199.0,35.0,2963744,1537076208273,1537076207521
click,45.0,155.5,55.0,168.0,2964545,55.0,168.0,2964630,1537076209159,1537076208378
click,315.0,207.5,292.0,201.0,2969465,292.0,201.0,2969534,1537076214063,1537076213334
click,315.0,259.5,296.0,251.0,2972699,296.0,251.0,2972786,1537076217315,1537076216540
click,90.0,181.5,91.0,192.0,2975165,91.0,192.0,2975250,1537076219781,1537076218999
click,315.0,155.5,321.0,149.0,2977927,321.0,149.0,2978007,1537076222536,1537076221754
click,135.0,103.5,153.0,89.0,2979108,153.0,89.0,2979216,1537076223746,1537076222952
click,180.0,285.5,197.0,296.0,2980080,197.0,296.0,2980165,1537076224694,1537076223916
click,90.0,233.5,102.0,239.0,2980944,102.0,239.0,2981034,1537076225564,1537076224796
click,225.0,103.5,241.0,98.0,2981736,241.0,98.0,2981825,1537076226354,1537076225596
click,180.0,181.5,204.0,201.0,2982527,204.0,201.0,2982615,1537076227145,1537076226379
click,225.0,207.5,263.0,210.0,2983243,263.0,210.0,2983317,1537076227846,1537076227077
click,135.0,259.5,141.0,268.0,2984001,141.0,268.0,2984086,1537076228616,1537076227802
click,45.0,207.5,65.0,206.0,2984803,65.0,206.0,2984891,1537076229421,1537076228633
click,270.0,77.5,281.0,82.0,2985519,281.0,82.0,2985582,1537076230112,1537076229328
click,135.0,51.5,149.0,49.0,2986352,149.0,49.0,2986426,1537076230955,1537076230177
click,90.0,129.5,100.0,126.0,2988467,100.0,126.0,2988575,1537076233105,1537076232328
click,270.0,129.5,288.0,127.0,2989386,288.0,127.0,2989474,1537076234004,1537076233226
click,180.0,181.5,200.0,179.0,2990124,200.0,179.0,2990208,1537076234738,1537076234031
click,90.0,285.5,107.0,299.0,2990903,107.0,299.0,2990992,1537076235521,1537076234732
click,180.0,233.5,192.0,238.0,2991597,192.0,238.0,2991683,1537076236212,1537076235423
click,315.0,259.5,208.0,182.0,2994409,208.0,182.0,2994471,1537076239002,1537076238203
click,225.0,51.5,228.0,45.0,2995209,228.0,45.0,2995298,1537076239827,1537076239077
click,225.0,207.5,240.0,220.0,2996030,240.0,220.0,2996120,1537076240650,1537076239884
click,270.0,285.5,291.0,283.0,2996737,291.0,283.0,2996844,1537076241374,1537076240608
click,225.0,155.5,238.0,153.0,2997539,238.0,153.0,2997623,1537076242153,1537076241392
click,180.0,129.5,194.0,114.0,2998287,194.0,114.0,2998371,1537076242901,1537076242134
click,135.0,103.5,152.0,99.0,2999002,152.0,99.0,2999091,1537076243620,1537076242844
click,270.0,181.5,298.0,184.0,3003789,298.0,184.0,3003897,1537076248427,1537076247636
click,225.0,259.5,248.0,257.0,3004548,248.0,257.0,3004656,1537076249185,1537076248396
click,225.0,155.5,241.0,152.0,3005274,241.0,152.0,3005348,1537076249878,1537076249113
click,90.0,233.5,91.0,240.0,3006065,91.0,240.0,3006153,1537076250683,1537076249911
click,90.0,285.5,93.0,293.0,3006792,93.0,293.0,3006876,1537076251406,1537076250623
click,90.0,129.5,103.0,132.0,3007507,103.0,132.0,3007596,1537076252125,1537076251352
click,180.0,285.5,199.0,287.0,3008254,199.0,287.0,3008362,1537076252892,1537076252144
click,135.0,155.5,144.0,156.0,3008960,144.0,156.0,3009068,1537076253598,1537076252821
click,135.0,311.5,146.0,311.0,3009697,146.0,311.0,3009786,1537076254315,1537076253535
click,270.0,77.5,271.0,78.0,3010488,271.0,78.0,3010638,1537076255168,1537076254387
click,90.0,181.5,107.0,193.0,3011343,107.0,193.0,3011431,1537076255961,1537076255192
click,135.0,51.5,162.0,53.0,3012027,162.0,53.0,3012112,1537076256641,1537076255860
click,315.0,103.5,302.0,125.0,3015083,302.0,125.0,3015157,1537076259686,1537076258894
click,180.0,77.5,194.0,78.0,3015830,194.0,78.0,3015905,1537076260434,1537076259643
click,45.0,155.5,51.0,159.0,3016643,51.0,159.0,3016751,1537076261280,1537076260513
click,180.0,233.5,203.0,242.0,3017390,203.0,242.0,3017479,1537076262008,1537076261236
click,90.0,77.5,102.0,75.0,3018117,102.0,75.0,3018202,1537076262731,1537076261942
click,135.0,207.5,140.0,220.0,3018812,140.0,220.0,3018899,1537076263429,1537076262634
click,225.0,155.5,240.0,161.0,3019453,240.0,161.0,3019527,1537076264056,1537076263273
click,180.0,129.5,199.0,135.0,3020147,199.0,135.0,3020236,1537076264765,1537076264014
click,45.0,103.5,66.0,95.0,3020989,66.0,95.0,3021076,1537076265605,1537076264816
click,270.0,285.5,288.0,284.0,3021824,288.0,284.0,3021913,1537076266443,1537076265655
click,180.0,25.5,185.0,33.0,3022551,185.0,33.0,3022636,1537076267165,1537076266380
click,270.0,233.5,298.0,250.0,3023257,298.0,250.0,3023364,1537076267894,1537076267104
click,135.0,51.5,148.0,50.0,3025104,148.0,50.0,3025190,1537076269719,1537076268935
click,270.0,77.5,286.0,72.0,3025800,286.0,72.0,3025874,1537076270403,1537076269623
click,135.0,155.5,138.0,159.0,3026494,138.0,159.0,3026578,1537076271108,1537076270322
click,135.0,311.5,150.0,308.0,3027221,150.0,308.0,3027329,1537076271858,1537076271077
click,270.0,233.5,288.0,223.0,3027862,288.0,223.0,3027936,1537076272465,1537076271680
click,315.0,207.5,325.0,197.0,3029102,325.0,197.0,3029175,1537076273705,1537076272954
click,135.0,207.5,136.0,205.0,3029839,136.0,205.0,3029912,1537076274442,1537076273656
click,180.0,25.5,188.0,32.0,3031324,188.0,32.0,3031387,1537076275917,1537076275145
click,45.0,103.5,68.0,98.0,3032050,68.0,98.0,3032139,1537076276668,1537076275885
click,180.0,77.5,194.0,72.0,3032734,194.0,72.0,3032808,1537076277338,1537076276582
click,315.0,155.5,317.0,147.0,3034647,317.0,147.0,3034710,1537076279239,1537076278449
click,180.0,285.5,323.0,155.0,3035063,323.0,155.0,3035105,1537076279635,1537076278858
click,270.0,233.5,279.0,242.0,3038525,279.0,242.0,3038610,1537076283140,1537076282376
click,270.0,129.5,273.0,116.0,3039220,273.0,116.0,3039305,1537076283834,1537076283041
click,225.0,103.5,240.0,103.0,3039850,240.0,103.0,3039935,1537076284464,1537076283699
click,180.0,233.5,193.0,240.0,3040545,193.0,240.0,3040630,1537076285159,1537076284439
click,90.0,77.5,91.0,72.0,3041357,91.0,72.0,3041445,1537076285975,1537076285202
click,180.0,181.5,199.0,191.0,3042190,199.0,191.0,3042279,1537076286809,1537076286071
click,45.0,207.5,50.0,209.0,3043056,50.0,209.0,3043144,1537076287674,1537076286927
click,225.0,51.5,247.0,55.0,3044392,247.0,55.0,3044530,1537076289061,1537076288282
click,225.0,207.5,257.0,219.0,3045289,257.0,219.0,3045449,1537076289979,1537076289183
click,45.0,103.5,64.0,100.0,3046283,64.0,100.0,3046403,1537076290933,1537076290132
click,45.0,259.5,67.0,265.0,3047234,67.0,265.0,3047354,1537076291884,1537076291110
click,180.0,77.5,203.0,75.0,3048173,203.0,75.0,3048313,1537076292843,1537076292058
click,225.0,51.5,247.0,59.0,3050514,247.0,59.0,3050602,1537076295132,1537076294338
click,315.0,259.5,198.0,161.0,3053399,198.0,161.0,3053484,1537076298013,1537076297226
click,135.0,311.5,147.0,310.0,3054318,147.0,310.0,3054406,1537076298936,1537076298158
click,90.0,285.5,117.0,284.0,3055162,117.0,284.0,3055282,1537076299812,1537076299024
click,225.0,259.5,249.0,264.0,3056530,249.0,264.0,3056638,1537076301167,1537076300388
click,135.0,155.5,143.0,152.0,3057459,143.0,152.0,3057567,1537076302097,1537076301313
click,45.0,259.5,74.0,264.0,3058282,74.0,264.0,3058370,1537076302900,1537076302126
click,315.0,207.5,320.0,206.0,3062774,320.0,206.0,3062844,1537076307373,1537076306611
click,270.0,181.5,292.0,171.0,3063774,292.0,171.0,3063837,1537076308367,1537076307582
click,270.0,129.5,296.0,121.0,3064597,296.0,121.0,3064704,1537076309235,1537076308476
click,90.0,129.5,109.0,126.0,3065751,109.0,126.0,3065890,1537076310420,1537076309633
click,225.0,311.5,247.0,306.0,3066819,247.0,306.0,3066893,1537076311423,1537076310640
click,225.0,259.5,244.0,264.0,3069010,244.0,264.0,3069130,1537076313660,1537076312852
click,315.0,103.5,306.0,101.0,3069961,306.0,101.0,3070034,1537076314564,1537076313799
click,45.0,207.5,64.0,213.0,3070901,64.0,213.0,3071039,1537076315570,1537076314817
click,90.0,181.5,105.0,182.0,3071862,105.0,182.0,3071947,1537076316477,1537076315687
click,225.0,103.5,248.0,103.0,3072642,248.0,103.0,3072731,1537076317260,1537076316483
click,225.0,311.5,245.0,310.0,3073540,245.0,310.0,3073648,1537076318178,1537076317408
click,90.0,233.5,95.0,233.0,3074437,95.0,233.0,3074526,1537076319055,1537076318317
click,135.0,259.5,150.0,269.0,3075271,150.0,269.0,3075355,1537076319886,1537076319103
click,90.0,77.5,108.0,68.0,3076082,108.0,68.0,3076171,1537076320701,1537076319928
click,45.0,155.5,61.0,163.0,3076842,61.0,163.0,3076926,1537076321456,1537076320668
click,270.0,181.5,294.0,180.0,3077675,294.0,180.0,3077759,1537076322289,1537076321531
click,45.0,259.5,59.0,260.0,3078540,59.0,260.0,3078614,1537076323144,1537076322381
