click,0,0,76.0,172.0,6169724,76.0,172.0,6169793,1537083259436,1537083258653
click,180.0,233.5,170.0,253.0,6170541,170.0,253.0,6170615,1537083260258,1537083259446
click,180.0,25.5,172.0,48.0,6171236,172.0,48.0,6171299,1537083260942,1537083260127
click,315.0,259.5,302.0,253.0,6173213,302.0,253.0,6173301,1537083262944,1537083262130
click,315.0,207.5,317.0,198.0,6174463,317.0,198.0,6174551,1537083264194,1537083263360
click,135.0,259.5,96.0,254.0,6175190,96.0,254.0,6175297,1537083264940,1537083264095
click,45.0,103.5,59.0,79.0,6176003,59.0,103.0,6176088,1537083265731,1537083264870
click,180.0,77.5,207.0,91.0,6176664,207.0,91.0,6176738,1537083266381,1537083265564
click,135.0,155.5,168.0,177.0,6177316,168.0,177.0,6177358,1537083267000,1537083266168
click,225.0,155.5,233.0,142.0,6177946,233.0,142.0,6178035,1537083267677,1537083266860
click,45.0,207.5,45.0,180.0,6178716,45.0,180.0,6178836,1537083268479,1537083267641
click,225.0,51.5,235.0,67.0,6179419,221.0,67.0,6179529,1537083269173,1537083268364
click,90.0,129.5,88.0,98.0,6181248,88.0,98.0,6181335,1537083270978,1537083270163
click,180.0,233.5,191.0,214.0,6181899,191.0,214.0,6181988,1537083271631,1537083270791
click,225.0,155.5,231.0,167.0,6182552,231.0,167.0,6182640,1537083272283,1537083271468
click,270.0,181.5,308.0,186.0,6183150,308.0,186.0,6183269,1537083272913,1537083272101
click,135.0,311.5,155.0,287.0,6184336,129.5,294.5,6184454,1537083274099,1537083273281
click,315.0,103.5,297.0,128.0,6186057,297.0,128.0,6186130,1537083275773,1537083274959
click,180.0,77.5,174.0,91.0,6186740,174.0,91.0,6186848,1537083276491,1537083275680
click,90.0,233.5,58.0,260.0,6187456,58.0,246.0,6187564,1537083277206,1537083276386
click,270.0,77.5,279.0,72.0,6188161,279.0,72.0,6188281,1537083277924,1537083277084
click,225.0,207.5,246.0,215.0,6188835,237.88214,240.06078,6188923,1537083278565,1537083277742
click,90.0,77.5,81.0,71.0,6189668,81.0,71.0,6189788,1537083279432,1537083278603
click,270.0,129.5,266.0,121.0,6190448,266.0,121.0,6190537,1537083280179,1537083279345
click,270.0,77.5,261.0,75.0,6192061,261.0,75.0,6192149,1537083281792,1537083280950
click,315.0,259.5,306.0,258.0,6208885,306.0,258.0,6208969,1537083298612,1537083297791
click,135.0,51.5,109.0,78.0,6210099,109.0,78.0,6210183,1537083299826,1537083299028
click,225.0,207.5,236.0,226.0,6210963,236.0,226.0,6211048,1537083300691,1537083299873
click,45.0,103.5,51.0,107.0,6211690,51.0,107.0,6211799,1537083301443,1537083300628
click,180.0,25.5,178.0,29.0,6215674,178.0,29.0,6215796,1537083305439,1537083304609
click,315.0,155.5,329.0,170.0,6216466,329.0,170.0,6216586,1537083306231,1537083305429
click,225.0,259.5,243.0,265.0,6217204,243.0,265.0,6217278,1537083306920,1537083306096
click,225.0,155.5,209.0,111.0,6220962,209.0,111.0,6221066,1537083310709,1537083309894
click,315.0,103.5,303.0,116.0,6222401,303.0,116.0,6222520,1537083312163,1537083311341
click,180.0,233.5,186.0,235.0,6223127,186.0,235.0,6223216,1537083312858,1537083312034
click,225.0,311.5,223.0,309.0,6224570,223.0,309.0,6224678,1537083314321,1537083313541
click,315.0,103.5,293.0,77.0,6227156,293.0,77.0,6227243,1537083316886,1537083316069
click,225.0,311.5,305.0,108.0,6227604,305.0,108.0,6227689,1537083317332,1537083316546
click,225.0,207.5,223.0,182.0,6228299,223.0,182.0,6228418,1537083318061,1537083317223
click,135.0,207.5,139.0,230.0,6228951,139.0,230.0,6229059,1537083318702,1537083317869
click,180.0,181.5,178.0,165.0,6229581,178.0,165.0,6229689,1537083319333,1537083318497
click,90.0,285.5,94.0,299.0,6230276,94.0,299.0,6230364,1537083320008,1537083319229
click,90.0,233.5,80.0,212.0,6230970,80.0,212.0,6231088,1537083320731,1537083319906
click,135.0,103.5,114.0,62.0,6231697,114.0,62.0,6231782,1537083321424,1537083320610
click,45.0,259.5,130.0,112.0,6232231,130.0,112.0,6232295,1537083321937,1537083321109
click,90.0,129.5,72.0,122.0,6232926,72.0,122.0,6233046,1537083322689,1537083321848
click,225.0,103.5,227.0,83.0,6233579,227.0,83.0,6233696,1537083323339,1537083322508
click,135.0,311.5,154.0,303.0,6235170,154.0,303.0,6235330,1537083324974,1537083324169
click,180.0,129.5,186.0,124.0,6236709,186.0,124.0,6236829,1537083326473,1537083325640
click,135.0,103.5,125.0,112.0,6237413,125.0,112.0,6237553,1537083327196,1537083326386
click,90.0,181.5,62.0,174.0,6238098,62.0,174.0,6238206,1537083327849,1537083326999
click,225.0,259.5,220.0,274.0,6238878,220.0,274.0,6238986,1537083328629,1537083327798
click,225.0,51.5,234.0,69.0,6239614,234.0,69.0,6239765,1537083329408,1537083328593
click,225.0,103.5,222.0,128.0,6240299,222.0,128.0,6240407,1537083330050,1537083329220
click,45.0,103.5,246.0,115.0,6240790,246.0,115.0,6240843,1537083330486,1537083329650
click,180.0,25.5,59.0,127.0,6241196,59.0,127.0,6241281,1537083330924,1537083330107
click,315.0,155.5,305.0,160.0,6241880,324.0,160.0,6241999,1537083331642,1537083330841
click,180.0,285.5,157.0,255.0,6243772,157.0,255.0,6243856,1537083333499,1537083332664
click,270.0,233.5,295.0,259.0,6244424,295.0,259.0,6244544,1537083334189,1537083333348
click,180.0,181.5,170.0,171.0,6245161,170.0,171.0,6245269,1537083334912,1537083334084
click,135.0,155.5,101.0,162.0,6249382,121.0,162.0,6249499,1537083339146,1537083338356
click,270.0,285.5,281.0,294.0,6251999,281.0,294.0,6252109,1537083341753,1537083340931
click,180.0,129.5,186.0,156.0,6252897,186.0,156.0,6252982,1537083342624,1537083341794
click,90.0,181.5,89.0,187.0,6253656,106.0,179.0,6253793,1537083343437,1537083342601
click,90.0,129.5,66.0,89.0,6256113,66.0,89.0,6256198,1537083345841,1537083344988
click,45.0,207.5,43.0,220.0,6256872,43.0,220.0,6256956,1537083346598,1537083345784
click,225.0,103.5,233.0,82.0,6257545,233.0,82.0,6257665,1537083347308,1537083346520
click,270.0,129.5,282.0,144.0,6258218,282.0,144.0,6258368,1537083348011,1537083347185
click,270.0,233.5,295.0,257.0,6258924,295.0,257.0,6259044,1537083348687,1537083347867
click,90.0,285.5,110.0,309.0,6260313,110.0,309.0,6260397,1537083350040,1537083349218
click,90.0,77.5,91.0,66.0,6261038,91.0,66.0,6261159,1537083350803,1537083349970
click,135.0,103.5,88.0,92.0,6261873,88.0,92.0,6262011,1537083351655,1537083350830
click,270.0,181.5,282.0,153.0,6264341,282.0,153.0,6264415,1537083354058,1537083353242
click,45.0,155.5,43.0,129.0,6265025,43.0,129.0,6265132,1537083354775,1537083353951
click,270.0,285.5,283.0,292.0,6267273,283.0,292.0,6267389,1537083357032,1537083356193
click,270.0,77.5,284.0,74.0,6268070,284.0,74.0,6268220,1537083357863,1537083357057
click,180.0,129.5,185.0,90.0,6268829,185.0,90.0,6268937,1537083358580,1537083357756
click,180.0,285.5,204.0,303.0,6269588,204.0,303.0,6269706,1537083359348,1537083358523
click,90.0,77.5,80.0,70.0,6270346,80.0,70.0,6270454,1537083360097,1537083359286
click,270.0,233.5,277.0,264.0,6271041,277.0,264.0,6271149,1537083360792,1537083359966
click,135.0,51.5,107.0,57.0,6271757,128.0,49.0,6271894,1537083361537,1537083360692
click,270.0,129.5,282.0,138.0,6272644,282.0,138.0,6272728,1537083362371,1537083361644
click,225.0,259.5,208.0,300.0,6273371,224.0,294.0,6273458,1537083363101,1537083362258
click,315.0,155.5,325.0,199.0,6274107,335.5,175.0,6274227,1537083363871,1537083363053
click,135.0,155.5,124.0,145.0,6275679,124.0,145.0,6275763,1537083365406,1537083364590
click,225.0,311.5,217.0,315.0,6277141,217.0,315.0,6277262,1537083366906,1537083366085
click,45.0,259.5,59.0,268.0,6277868,59.0,268.0,6278008,1537083367651,1537083366817
click,315.0,207.5,297.0,195.0,6280063,297.0,195.0,6280144,1537083369787,1537083368967
click,315.0,259.5,304.0,250.0,6285159,320.0,246.0,6285264,1537083374907,1537083374089
click,270.0,285.5,275.0,295.0,6287476,275.0,295.0,6287583,1537083377226,1537083376399
click,45.0,155.5,46.0,147.0,6288940,46.0,147.0,6289089,1537083378732,1537083377903
click,45.0,207.5,65.0,227.0,6289677,45.0,227.0,6289825,1537083379471,1537083378667
click,135.0,207.5,163.0,225.0,6291162,140.0,211.0,6291300,1537083380944,1537083380146
click,135.0,259.5,124.0,231.0,6292667,124.0,231.0,6292788,1537083382431,1537083381600
click,90.0,285.5,83.0,282.0,6293404,83.0,282.0,6293513,1537083383156,1537083382326
click,135.0,51.5,116.0,71.0,6294218,116.0,71.0,6294368,1537083384011,1537083383186
click,90.0,233.5,60.0,246.0,6295650,60.0,246.0,6295789,1537083385432,1537083384600
click,45.0,259.5,69.0,293.0,6296495,69.0,267.0,6296644,1537083386287,1537083385456
click,270.0,181.5,288.0,168.0,6297339,288.0,168.0,6297447,1537083387089,1537083386275
click,135.0,259.5,102.0,238.0,6298076,102.0,238.0,6298164,1537083387807,1537083386982
click,225.0,51.5,203.0,48.0,6300096,203.0,48.0,6300203,1537083389847,1537083389045
click,180.0,77.5,182.0,78.0,6300801,168.0,71.0,6300940,1537083390583,1537083389748
click,135.0,311.5,152.0,308.0,6301624,152.0,308.0,6301732,1537083391374,1537083390555
click,180.0,285.5,173.0,297.0,6302340,173.0,297.0,6302447,1537083392090,1537083391261
click,45.0,155.5,46.0,132.0,6303216,60.0,141.0,6303355,1537083392998,1537083392164
click,315.0,207.5,318.0,220.0,6304017,318.0,220.0,6304091,1537083393734,1537083392917
click,180.0,181.5,195.0,196.0,6304680,195.0,196.0,6304743,1537083394386,1537083393567
click,135.0,207.5,129.0,226.0,6305310,129.0,226.0,6305418,1537083395061,1537083394255
