click,0,0,292.0,76.0,5927583,292.0,76.0,5927696,1521621615142,1521621614990
click,225.0,311.5,235.0,301.0,5928563,235.0,301.0,5928714,1521621616159,1521621616002
click,225.0,207.5,205.0,192.0,5929214,205.0,192.0,5929353,1521621616798,1521621616638
click,270.0,129.5,235.0,84.0,5929888,255.13013,94.0,5929993,1521621617449,1521621617280
click,225.0,51.5,212.0,84.0,5930572,212.0,84.0,5930669,1521621618115,1521621617942
click,225.0,103.5,228.0,139.0,5931202,220.0,125.0,5931307,1521621618754,1521621618583
click,90.0,181.5,121.0,173.0,5931854,121.0,173.0,5931993,1521621619439,1521621619288
click,180.0,233.5,143.0,218.0,5932666,162.0,243.0,5932805,1521621620252,1521621620119
click,225.0,155.5,242.0,211.0,5933350,242.0,211.0,5933478,1521621620925,1521621620771
click,270.0,181.5,246.0,153.0,5934012,246.0,153.0,5934140,1521621621585,1521621621437
click,180.0,25.5,207.0,38.0,5934759,186.0,30.5,5934886,1521621622336,1521621622160
click,45.0,207.5,46.0,225.0,5935519,46.0,225.0,5935678,1521621623124,1521621622958
click,270.0,181.5,276.0,179.0,5937656,258.0,162.0,5937805,1521621625252,1521621625072
click,315.0,103.5,271.0,107.0,5938519,271.0,128.41176,5938659,1521621626105,1521621625940
click,225.0,311.5,199.0,304.0,5939727,199.0,304.0,5939908,1521621627354,1521621627189
click,270.0,77.5,264.0,61.0,5940754,245.0,61.0,5940892,1521621628338,1521621628211
click,135.0,207.5,122.0,177.0,5942507,121.0,177.5,5942645,1521621630091,1521621629914
click,90.0,285.5,67.0,279.0,5943240,57.0,262.0,5943337,1521621630782,1521621630623
click,135.0,311.5,111.0,270.0,5943917,111.0,270.0,5944055,1521621631501,1521621631305
click,180.0,233.5,173.0,232.0,5944707,173.0,232.0,5944813,1521621632258,1521621632112
click,180.0,285.5,162.0,256.0,5945541,162.0,270.0,5945668,1521621633114,1521621632930
click,135.0,103.5,142.0,84.0,5946236,142.0,84.0,5946353,1521621633799,1521621633640
click,180.0,25.5,106.0,103.0,5946823,96.528496,82.0,5946993,1521621634439,1521621634261
click,180.0,129.5,186.0,94.0,5947550,174.5,87.0,5947677,1521621635123,1521621634960
click,45.0,155.5,63.0,154.0,5949172,63.0,154.0,5949300,1521621636746,1521621636652
click,90.0,233.5,69.0,187.0,5949973,69.0,187.0,5950123,1521621637569,1521621637448
click,270.0,233.5,270.0,232.0,5950871,281.5,258.0,5951031,1521621638476,1521621638318
click,135.0,103.5,130.0,142.0,5951661,141.5,158.0,5951760,1521621639205,1521621639045
click,180.0,181.5,151.0,195.0,5952549,154.49614,192.82433,5952679,1521621640124,1521621639965
click,90.0,129.5,54.0,160.0,5953330,58.0,148.0,5953456,1521621640903,1521621640740
click,135.0,207.5,80.0,92.0,5954012,80.0,92.0,5954140,1521621643093,1521621642911
click,45.0,207.5,71.0,130.0,5954685,71.0,130.0,5954813,1521621643206,1521621643017
click,225.0,207.5,118.0,124.0,5955348,118.0,124.0,5955436,1521621643292,1521621643098
click,315.0,207.5,67.0,124.0,5956021,63.0,126.0,5956160,1521621643836,1521621643653
click,270.0,285.5,102.0,129.0,5956576,102.0,129.0,5956739,1521621644184,1521621644013
click,225.0,259.5,211.0,236.0,5957134,211.0,236.0,5957272,1521621644718,1521621644551
click,315.0,103.5,290.0,103.0,5959762,290.0,103.0,5959901,1521621647348,1521621647174
click,135.0,103.5,113.0,119.0,5960478,99.0,109.08069,5960583,1521621648029,1521621647861
click,45.0,155.5,76.0,171.0,5961119,59.5,161.5,5961278,1521621648728,1521621648581
click,135.0,311.5,146.0,283.0,5962017,146.0,283.0,5962166,1521621649612,1521621649435
click,135.0,207.5,100.0,184.0,5962743,109.0,162.18575,5962872,1521621650318,1521621650148
click,45.0,259.5,50.0,228.0,5963427,35.75033,222.02524,5963586,1521621651033,1521621650870
click,225.0,259.5,187.0,229.0,5964153,187.0,229.0,5964292,1521621651738,1521621651558
click,315.0,259.5,286.0,236.0,5964816,286.0,236.0,5964966,1521621652411,1521621652244
click,180.0,129.5,131.0,186.0,5966224,140.0,172.50764,5966374,1521621653821,1521621653663
click,315.0,155.5,139.0,118.0,5966791,139.0,118.0,5966920,1521621654366,1521621654191
click,135.0,259.5,131.0,237.0,5967562,131.0,237.0,5967701,1521621655147,1521621654981
click,135.0,155.5,121.0,161.0,5968299,108.0,144.0,5968415,1521621655861,1521621655731
click,45.0,259.5,47.0,242.0,5970062,47.0,242.0,5970211,1521621657657,1521621657506
click,135.0,259.5,109.0,286.0,5970767,109.0,286.0,5970896,1521621658341,1521621658167
click,45.0,155.5,137.0,255.0,5971323,137.0,255.0,5971462,1521621658908,1521621658742
click,315.0,155.5,309.0,182.0,5972028,309.0,182.0,5972167,1521621659612,1521621659452
click,270.0,129.5,276.0,96.0,5972699,276.0,96.0,5972840,1521621660286,1521621660103
click,225.0,155.5,210.0,136.0,5973384,210.0,136.0,5973491,1521621660936,1521621660793
click,90.0,233.5,63.0,240.0,5974037,63.0,240.0,5974165,1521621661610,1521621661442
click,90.0,129.5,108.0,142.0,5974796,108.0,142.0,5974901,1521621662346,1521621662180
click,315.0,259.5,277.0,275.0,5975640,277.0,275.0,5975766,1521621663211,1521621663050
click,225.0,103.5,247.0,125.0,5976345,247.0,125.0,5976450,1521621663895,1521621663739
click,90.0,77.5,93.0,68.0,5977082,93.0,68.0,5977169,1521621664614,1521621664468
click,135.0,51.5,157.0,58.0,5977937,157.0,58.0,5978076,1521621665521,1521621665350
click,180.0,25.5,176.0,63.0,5979625,161.5,42.5,5979773,1521621667218,1521621667023
click,225.0,51.5,201.0,45.0,5980352,201.0,45.0,5980470,1521621667915,1521621667796
click,315.0,155.5,321.0,167.0,5982200,321.0,167.0,5982360,1521621669806,1521621669619
click,270.0,77.5,280.0,65.0,5982991,280.0,65.0,5983119,1521621670565,1521621670380
click,270.0,181.5,275.0,163.0,5983664,262.5,165.5,5983813,1521621671259,1521621671084
click,90.0,77.5,129.0,49.0,5985362,129.0,49.0,5985502,1521621672947,1521621672813
click,135.0,51.5,127.0,77.0,5986174,127.0,77.0,5986280,1521621673725,1521621673562
click,180.0,77.5,206.0,91.0,5987659,185.29727,69.88109,5987808,1521621675254,1521621675075
click,315.0,103.5,190.0,61.0,5988374,167.0,61.0,5988491,1521621677366,1521621677216
click,135.0,155.5,149.0,110.0,5989004,149.0,110.0,5989133,1521621677639,1521621677484
click,315.0,259.5,135.0,60.0,5990885,135.0,60.0,5990983,1521621679649,1521621679471
click,90.0,181.5,93.0,163.0,5993438,72.42947,172.0,5993589,1521621681034,1521621680873
click,315.0,207.5,79.0,197.0,5994283,71.0,177.0,5994411,1521621683131,1521621682971
click,135.0,51.5,43.0,207.0,5994913,43.0,207.0,5995031,1521621683241,1521621683046
click,90.0,77.5,89.0,183.0,5995437,91.0,190.0,5995565,1521621683327,1521621683124
click,180.0,181.5,83.0,190.0,5995982,68.0,173.0,5996089,1521621683869,1521621683682
click,90.0,129.5,118.0,123.0,5997138,108.96351,122.72471,5997275,1521621684721,1521621684553
click,45.0,103.5,67.0,141.0,5998120,67.0,141.0,5998226,1521621685672,1521621685520
click,90.0,233.5,80.0,222.0,5998825,80.0,222.0,5998975,1521621686422,1521621686263
click,90.0,285.5,84.0,296.0,5999616,84.0,296.0,5999745,1521621687191,1521621687021
click,180.0,77.5,185.0,106.0,6000428,185.0,83.0,6000545,1521621687992,1521621687824
click,180.0,285.5,164.0,241.0,6001187,164.0,241.0,6001326,1521621688772,1521621688600
click,270.0,285.5,250.0,295.0,6001892,241.0,280.0,6002061,1521621689507,1521621689320
click,270.0,233.5,253.0,211.0,6002715,253.0,211.0,6002854,1521621690299,1521621690128
click,135.0,155.5,141.0,157.0,6005021,141.0,157.0,6005120,1521621692566,1521621692385
click,315.0,207.5,289.0,235.0,6005696,289.0,235.0,6005824,1521621693270,1521621693077
click,180.0,77.5,215.0,91.0,6006412,215.0,91.0,6006509,1521621693955,1521621693814
click,270.0,285.5,254.0,286.0,6007224,254.0,286.0,6007374,1521621694819,1521621694659
click,180.0,181.5,182.0,178.0,6007993,153.0,163.0,6008109,1521621695560,1521621695384
click,225.0,207.5,213.0,225.0,6009552,207.0,225.0,6009691,1521621697136,1521621696954
click,225.0,51.5,240.0,112.0,6010290,246.0,91.0,6010418,1521621697865,1521621697697
click,45.0,103.5,69.0,98.0,6011017,69.0,98.0,6011122,1521621698568,1521621698412
click,45.0,207.5,49.0,187.0,6011701,53.0,204.0,6011829,1521621699275,1521621699098
click,90.0,181.5,73.0,162.0,6012406,69.0,169.0,6012534,1521621699980,1521621699839
click,270.0,233.5,261.0,240.0,6013047,286.0,215.5,6013227,1521621700673,1521621700492
click,225.0,259.5,210.0,244.0,6013742,210.0,244.0,6013847,1521621701293,1521621701132
click,180.0,285.5,138.0,272.0,6015483,138.0,272.0,6015633,1521621703079,1521621702912
click,180.0,233.5,183.0,177.0,6016188,183.0,177.0,6016286,1521621703731,1521621703571
click,225.0,155.5,205.0,178.0,6016915,205.0,178.0,6017020,1521621704466,1521621704316
click,270.0,129.5,281.0,130.0,6017587,281.0,130.0,6017727,1521621705175,1521621704985
click,135.0,259.5,131.0,221.0,6018357,131.0,221.0,6018486,1521621705932,1521621705743
click,225.0,311.5,231.0,254.0,6019191,244.0,276.5,6019362,1521621706808,1521621706641
click,180.0,129.5,158.0,159.0,6020621,158.0,159.0,6020761,1521621708208,1521621708072
click,225.0,103.5,223.0,112.0,6021296,208.0,104.0,6021393,1521621708839,1521621708689
click,45.0,103.5,50.0,122.0,6022310,50.0,122.0,6022439,1521621709885,1521621709720
click,45.0,259.5,70.0,283.0,6023069,60.0,269.0,6023185,1521621710631,1521621710462
click,90.0,285.5,118.0,267.0,6023753,118.0,267.0,6023859,1521621711304,1521621711142
click,135.0,311.5,110.0,299.0,6024458,110.0,299.0,6024574,1521621712020,1521621711854
