click,0,0,192.0,165.0,941926,192.0,165.0,942030,1521767943505,1521767943674
click,180.0,129.5,169.0,145.0,942638,169.0,145.0,942723,1521767944197,1521767944349
click,45.0,155.5,60.0,158.0,943483,60.0,158.0,943567,1521767945041,1521767945209
click,315.0,103.5,292.0,109.0,944294,292.0,109.0,944369,1521767945843,1521767946000
click,135.0,155.5,98.0,141.0,945000,98.0,141.0,945074,1521767946548,1521767946736
click,270.0,77.5,281.0,79.0,945877,281.0,79.0,945965,1521767947439,1521767947587
click,315.0,259.5,302.0,256.0,946657,302.0,256.0,946731,1521767948205,1521767948338
click,270.0,233.5,270.0,236.0,947266,270.0,236.0,947354,1521767948828,1521767948992
click,180.0,77.5,163.0,76.0,947961,163.0,76.0,948045,1521767949519,1521767949693
click,225.0,311.5,228.0,311.0,948675,228.0,311.0,948740,1521767950214,1521767950403
click,135.0,311.5,134.0,298.0,949329,134.0,298.0,949413,1521767950887,1521767951042
click,135.0,103.5,141.0,82.0,950002,141.0,82.0,950087,1521767951561,1521767951704
click,90.0,233.5,76.0,235.0,952322,76.0,235.0,952374,1521767953848,1521767954012
click,180.0,285.5,163.0,271.0,953123,163.0,271.0,953165,1521767954639,1521767954842
click,225.0,311.5,232.0,310.0,953743,232.0,310.0,953806,1521767955280,1521767955437
click,45.0,103.5,55.0,100.0,954470,55.0,100.0,954554,1521767956028,1521767956195
click,45.0,259.5,53.0,248.0,955143,53.0,248.0,955228,1521767956702,1521767956887
click,225.0,103.5,227.0,128.0,955817,227.0,128.0,955901,1521767957375,1521767957521
click,180.0,77.5,166.0,72.0,956458,166.0,72.0,956566,1521767958040,1521767958204
click,135.0,311.5,125.0,312.0,957237,125.0,312.0,957323,1521767958797,1521767958951
click,45.0,207.5,61.0,220.0,957911,61.0,220.0,957985,1521767959459,1521767959629
click,90.0,181.5,82.0,192.0,958670,82.0,192.0,958733,1521767960207,1521767960363
click,135.0,155.5,134.0,188.0,959291,134.0,188.0,959364,1521767960838,1521767960976
click,135.0,103.5,131.0,95.0,959974,131.0,95.0,960048,1521767961522,1521767961689
click,225.0,311.5,224.0,299.0,962475,224.0,299.0,962560,1521767964034,1521767964190
click,315.0,207.5,321.0,208.0,963106,321.0,208.0,963244,1521767964720,1521767964871
click,90.0,129.5,93.0,147.0,963790,93.0,147.0,963910,1521767965384,1521767965537
click,135.0,259.5,132.0,248.0,964474,132.0,248.0,964558,1521767966032,1521767966208
click,90.0,181.5,61.0,188.0,965136,61.0,188.0,965210,1521767966684,1521767966839
click,135.0,51.5,130.0,57.0,965842,130.0,57.0,965950,1521767967424,1521767967588
click,180.0,25.5,188.0,52.0,966505,188.0,52.0,966593,1521767968067,1521767968244
click,270.0,77.5,252.0,74.0,967189,252.0,74.0,967277,1521767968751,1521767968915
click,135.0,207.5,128.0,226.0,967862,128.0,226.0,967947,1521767969421,1521767969568
click,315.0,103.5,293.0,94.0,969123,293.0,94.0,969208,1521767970682,1521767970848
click,225.0,51.5,217.0,44.0,969903,217.0,44.0,969988,1521767971462,1521767971633
click,45.0,207.5,60.0,186.0,970684,60.0,186.0,970747,1521767972221,1521767972354
click,135.0,51.5,118.0,63.0,975225,118.0,63.0,975310,1521767976784,1521767976928
click,315.0,155.5,311.0,169.0,976134,311.0,169.0,976186,1521767977660,1521767977812
click,90.0,233.5,97.0,249.0,976829,97.0,249.0,976917,1521767978391,1521767978553
click,225.0,207.5,217.0,225.0,977448,217.0,225.0,977537,1521767979011,1521767979174
click,90.0,285.5,104.0,287.0,978079,104.0,287.0,978167,1521767979640,1521767979787
click,135.0,207.5,125.0,217.0,978720,125.0,217.0,978783,1521767980257,1521767980421
click,45.0,103.5,63.0,112.0,979362,63.0,112.0,979446,1521767980920,1521767981047
click,180.0,233.5,190.0,241.0,980153,190.0,241.0,980237,1521767981711,1521767981864
click,270.0,129.5,260.0,134.0,980782,260.0,134.0,980891,1521767982366,1521767982516
click,315.0,207.5,305.0,230.0,981874,305.0,230.0,981958,1521767983432,1521767983582
click,225.0,51.5,226.0,94.0,982558,226.0,94.0,982666,1521767984140,1521767984300
click,225.0,155.5,232.0,166.0,983199,232.0,166.0,983284,1521767984758,1521767984909
click,135.0,207.5,135.0,203.0,985176,135.0,203.0,985265,1521767986741,1521767986879
click,315.0,103.5,289.0,112.0,985807,289.0,112.0,985896,1521767987369,1521767987526
click,225.0,259.5,225.0,254.0,986406,225.0,254.0,986494,1521767987968,1521767988115
click,270.0,285.5,280.0,295.0,987068,280.0,295.0,987157,1521767988631,1521767988802
click,135.0,51.5,142.0,56.0,987763,142.0,56.0,987852,1521767989326,1521767989475
click,270.0,77.5,272.0,70.0,988597,272.0,70.0,988704,1521767990178,1521767990335
click,225.0,207.5,225.0,224.0,989238,225.0,224.0,989323,1521767990797,1521767990940
click,180.0,181.5,185.0,189.0,989805,185.0,189.0,989912,1521767991387,1521767991605
click,90.0,129.5,99.0,123.0,990532,99.0,123.0,990584,1521767992058,1521767992238
click,315.0,259.5,297.0,256.0,991451,297.0,256.0,991525,1521767992999,1521767993158
click,180.0,129.5,174.0,114.0,992071,184.0,131.0,992155,1521767993629,1521767993778
click,225.0,155.5,233.0,157.0,992712,233.0,157.0,992775,1521767994249,1521767994394
click,270.0,129.5,272.0,139.0,994880,272.0,139.0,995002,1521767996477,1521767996629
click,180.0,181.5,169.0,159.0,995545,169.0,159.0,995652,1521767997126,1521767997278
click,225.0,207.5,215.0,218.0,996218,215.0,218.0,996303,1521767997777,1521767997936
click,45.0,259.5,67.0,252.0,996860,67.0,252.0,996968,1521767998442,1521767998599
click,225.0,259.5,238.0,272.0,997618,238.0,272.0,997707,1521767999181,1521767999341
click,90.0,233.5,109.0,244.0,998249,109.0,244.0,998334,1521767999808,1521767999997
click,180.0,233.5,170.0,255.0,998869,170.0,255.0,998957,1521768000432,1521768000596
click,180.0,129.5,168.0,134.0,999564,168.0,134.0,999652,1521768001126,1521768001266
click,45.0,155.5,50.0,164.0,1000290,50.0,164.0,1000379,1521768001853,1521768001990
click,45.0,103.5,56.0,133.0,1000953,56.0,133.0,1001042,1521768002517,1521768002668
click,180.0,77.5,161.0,53.0,1001627,161.0,53.0,1001715,1521768003189,1521768003349
click,225.0,155.5,210.0,167.0,1002642,210.0,167.0,1002716,1521768004190,1521768004343
click,135.0,259.5,127.0,246.0,1004759,127.0,246.0,1004843,1521768006317,1521768006487
click,225.0,259.5,194.0,260.0,1005324,194.0,260.0,1005378,1521768006852,1521768006990
click,270.0,285.5,280.0,286.0,1005935,280.0,286.0,1006055,1521768007529,1521768007668
click,90.0,181.5,103.0,180.0,1006587,103.0,180.0,1006707,1521768008181,1521768008354
click,225.0,103.5,200.0,79.0,1007239,200.0,79.0,1007347,1521768008821,1521768008969
click,180.0,285.5,191.0,292.0,1007891,191.0,292.0,1007999,1521768009473,1521768009632
click,45.0,207.5,61.0,208.0,1008682,61.0,208.0,1008766,1521768010240,1521768010419
click,90.0,129.5,83.0,119.0,1009398,83.0,119.0,1009472,1521768010946,1521768011085
click,90.0,77.5,92.0,88.0,1010028,92.0,88.0,1010113,1521768011587,1521768011786
click,180.0,25.5,177.0,37.0,1010648,177.0,37.0,1010757,1521768012231,1521768012386
click,270.0,181.5,259.0,199.0,1011365,259.0,199.0,1011428,1521768012902,1521768013042
click,45.0,259.5,102.0,278.0,1011940,102.0,278.0,1012030,1521768013504,1521768013691
click,225.0,51.5,74.0,239.0,1012348,74.0,239.0,1012422,1521768013896,1521768014048
click,315.0,207.5,310.0,206.0,1013011,310.0,206.0,1013095,1521768014569,1521768014725
click,270.0,233.5,255.0,242.0,1013663,255.0,242.0,1013726,1521768015200,1521768015347
click,90.0,77.5,103.0,114.0,1014336,103.0,114.0,1014420,1521768015894,1521768016028
click,315.0,155.5,285.0,142.0,1015191,285.0,142.0,1015265,1521768016739,1521768016907
click,45.0,155.5,58.0,147.0,1015908,58.0,147.0,1015982,1521768017455,1521768017609
click,270.0,129.5,286.0,133.0,1016560,286.0,133.0,1016644,1521768018118,1521768018289
click,135.0,259.5,124.0,253.0,1017179,124.0,253.0,1017268,1521768018742,1521768018886
click,90.0,285.5,90.0,295.0,1017832,90.0,295.0,1017916,1521768019390,1521768019593
click,180.0,25.5,182.0,44.0,1018527,182.0,44.0,1018647,1521768020121,1521768020287
click,270.0,181.5,262.0,217.0,1019168,262.0,217.0,1019286,1521768020760,1521768020910
click,180.0,233.5,160.0,255.0,1019799,160.0,255.0,1019887,1521768021361,1521768021519
click,270.0,233.5,274.0,255.0,1021413,274.0,255.0,1021501,1521768022975,1521768023112
click,315.0,155.5,296.0,146.0,1022001,296.0,146.0,1022108,1521768023582,1521768023729
click,135.0,103.5,104.0,119.0,1022621,104.0,119.0,1022705,1521768024179,1521768024339
click,180.0,285.5,164.0,278.0,1023294,164.0,278.0,1023378,1521768024852,1521768025009
click,90.0,285.5,82.0,276.0,1023989,82.0,276.0,1024077,1521768025551,1521768025699
click,270.0,285.5,267.0,297.0,1024662,267.0,297.0,1024770,1521768026244,1521768026390
click,135.0,311.5,135.0,317.0,1025336,135.0,317.0,1025443,1521768026917,1521768027103
click,225.0,103.5,221.0,79.0,1026020,221.0,79.0,1026128,1521768027602,1521768027745
click,270.0,181.5,266.0,180.0,1026896,266.0,180.0,1026981,1521768028455,1521768028608
click,315.0,259.5,303.0,249.0,1027570,303.0,249.0,1027658,1521768029132,1521768029271
click,90.0,77.5,84.0,98.0,1028233,84.0,98.0,1028341,1521768029814,1521768029949
click,135.0,155.5,126.0,151.0,1028906,126.0,151.0,1028980,1521768030454,1521768030613
