click,0,0,274.0,291.0,3768747,274.0,291.0,3768838,1521617569325,1521617569185
click,270.0,129.5,270.0,134.0,3769617,270.0,154.0,3769669,1521617570157,1521617569991
click,180.0,285.5,137.0,273.0,3770397,137.0,273.0,3770494,1521617570981,1521617570824
click,315.0,103.5,283.0,106.0,3771764,283.0,106.0,3771837,1521617572324,1521617572177
click,180.0,181.5,146.0,196.0,3772641,146.0,196.0,3772704,1521617573190,1521617573043
click,90.0,129.5,107.0,193.0,3773452,107.0,193.0,3773516,1521617574003,1521617573852
click,135.0,259.5,193.0,302.0,3774157,193.0,302.0,3774231,1521617574717,1521617574569
click,180.0,25.5,200.0,34.0,3774842,200.0,34.0,3774939,1521617575426,1521617575645
click,225.0,259.5,231.0,252.0,3775609,231.0,252.0,3775698,1521617576185,1521617576553
click,225.0,207.5,249.0,211.0,3776240,249.0,211.0,3776347,1521617576834,1521617576668
click,90.0,233.5,83.0,268.0,3776947,83.0,268.0,3777052,1521617577539,1521617577419
click,270.0,233.5,242.0,237.0,3778112,242.0,237.0,3778218,1521617578704,1521617578558
click,45.0,207.5,37.0,186.0,3780248,37.0,206.5,3780335,1521617580822,1521617580640
click,315.0,103.5,290.0,85.0,3781927,271.0,85.0,3782075,1521617582562,1521617582433
click,135.0,311.5,81.0,291.0,3783562,81.0,291.0,3783659,1521617584145,1521617583989
click,180.0,233.5,206.0,208.0,3784234,206.0,208.0,3784297,1521617584784,1521617584639
click,90.0,77.5,99.0,100.0,3784972,84.0,100.0,3785058,1521617585549,1521617585407
click,180.0,129.5,179.0,124.0,3786543,179.0,124.0,3786615,1521617587102,1521617586947
click,270.0,181.5,273.0,192.0,3787344,273.0,192.0,3787407,1521617587894,1521617587735
click,135.0,207.5,118.0,202.0,3788167,107.0,227.0,3788272,1521617588761,1521617588602
click,270.0,77.5,276.0,72.0,3789779,295.74036,90.740364,3789867,1521617590354,1521617590197
click,135.0,259.5,128.0,267.0,3790667,115.0,253.0,3790739,1521617591226,1521617591104
click,180.0,285.5,169.0,300.0,3791351,169.0,300.0,3791467,1521617591953,1521617591807
click,180.0,181.5,186.0,185.0,3792268,199.0,214.0,3792376,1521617592863,1521617592722
click,90.0,77.5,87.0,121.0,3794044,87.0,121.0,3794131,1521617594617,1521617594465
click,135.0,155.5,132.0,161.0,3794813,158.0,166.0,3794910,1521617595402,1521617595252
click,225.0,155.5,225.0,110.0,3797302,199.0,121.0,3797389,1521617597887,1521617597730
click,180.0,25.5,261.0,193.0,3797889,261.0,193.0,3797976,1521617600000,1521617599857
click,315.0,259.5,250.0,192.0,3798551,250.0,192.0,3798650,1521617600248,1521617600089
click,180.0,181.5,239.0,142.0,3800207,239.0,142.0,3800271,1521617602232,1521617602104
click,135.0,207.5,143.0,195.0,3803522,143.0,195.0,3803609,1521617604095,1521617603939
click,135.0,259.5,127.0,266.0,3804216,127.0,266.0,3804289,1521617604775,1521617604653
click,270.0,181.5,247.0,147.0,3805146,263.0,156.0,3805252,1521617605739,1521617605587
click,90.0,129.5,109.0,128.0,3808126,109.0,128.0,3808214,1521617608701,1521617608541
click,225.0,259.5,232.0,259.0,3809826,232.0,259.0,3809900,1521617610387,1521617610232
click,270.0,129.5,263.0,130.0,3810895,282.0,130.0,3810966,1521617611457,1521617611308
click,225.0,311.5,202.0,292.0,3813716,202.0,292.0,3813802,1521617614290,1521617614207
click,90.0,285.5,93.0,299.0,3814560,93.0,299.0,3814623,1521617615109,1521617614921
click,225.0,155.5,212.0,145.0,3815361,212.0,145.0,3815434,1521617615920,1521617615767
click,180.0,77.5,161.0,72.0,3816034,161.0,72.0,3816107,1521617616593,1521617616435
click,315.0,155.5,325.0,161.0,3817263,318.0,163.0,3817379,1521617617866,1521617617708
click,180.0,233.5,169.0,238.0,3817958,153.0,227.0,3818064,1521617618551,1521617618500
click,45.0,259.5,59.0,272.0,3819753,59.0,272.0,3819850,1521617620337,1521617620192
click,135.0,207.5,142.0,208.0,3820533,142.0,208.0,3820605,1521617621092,1521617620975
click,135.0,311.5,114.0,308.0,3821377,114.0,308.0,3821449,1521617621936,1521617621792
click,90.0,77.5,99.0,76.0,3822295,92.0,93.5,3822393,1521617622879,1521617622731
click,90.0,181.5,85.0,189.0,3823236,77.0,207.0,3823308,1521617623795,1521617623639
click,45.0,207.5,65.0,174.0,3824668,65.0,188.0,3824765,1521617625252,1521617625091
click,225.0,155.5,229.0,143.0,3826282,229.0,143.0,3826368,1521617626855,1521617626694
click,225.0,207.5,211.0,223.0,3827018,211.0,223.0,3827091,1521617627578,1521617627436
click,225.0,103.5,282.0,108.0,3827968,280.5,118.5,3828096,1521617628587,1521617628438
click,270.0,233.5,279.0,256.0,3830128,261.5,244.5,3830233,1521617630721,1521617630562
click,90.0,181.5,50.0,201.0,3831699,50.0,201.0,3831762,1521617632248,1521617632093
click,270.0,285.5,273.0,275.0,3832436,273.0,275.0,3832523,1521617633010,1521617632853
click,90.0,285.5,95.0,289.0,3833195,95.0,289.0,3833292,1521617633779,1521617633600
click,270.0,129.5,272.0,131.0,3833932,272.0,131.0,3834005,1521617634491,1521617634321
click,225.0,311.5,237.0,300.0,3835460,221.0,300.0,3835546,1521617636034,1521617635881
click,225.0,259.5,247.0,276.0,3836945,247.0,276.0,3836998,1521617637484,1521617637363
click,315.0,207.5,273.0,211.0,3837543,273.0,211.0,3837631,1521617638117,1521617637960
click,45.0,259.5,68.0,261.0,3838442,68.0,261.0,3838528,1521617639015,1521617638855
click,225.0,103.5,223.0,116.0,3839927,223.0,116.0,3840024,1521617640511,1521617640354
click,90.0,233.5,66.0,195.0,3840716,70.0,211.0,3840815,1521617641301,1521617641145
click,45.0,207.5,62.0,237.0,3841626,62.0,237.0,3841689,1521617642175,1521617642024
click,225.0,51.5,230.0,57.0,3842491,202.0,57.0,3842596,1521617643085,1521617642928
click,315.0,207.5,243.0,57.0,3843440,247.0,85.0,3843547,1521617645189,1521617645059
click,135.0,311.5,241.0,57.0,3844466,241.0,57.0,3844574,1521617645456,1521617645329
click,135.0,103.5,224.0,65.0,3845161,224.0,65.0,3845259,1521617647417,1521617647259
click,180.0,129.5,176.0,136.0,3848367,147.0,142.0,3848474,1521617648963,1521617648813
click,135.0,51.5,205.0,144.0,3849018,190.0,144.0,3849116,1521617651100,1521617650962
click,270.0,77.5,188.0,148.0,3849606,169.0,135.0,3849679,1521617651352,1521617651180
click,225.0,311.5,202.0,119.0,3851508,202.0,119.0,3851606,1521617653311,1521617653140
click,45.0,155.5,49.0,161.0,3858252,55.0,188.5,3858338,1521617658825,1521617658667
click,180.0,129.5,185.0,147.0,3861319,185.0,147.0,3861382,1521617661868,1521617661702
click,135.0,155.5,116.0,183.0,3861971,131.0,183.0,3862042,1521617662533,1521617662358
click,270.0,77.5,244.0,81.0,3862698,244.0,81.0,3862770,1521617663257,1521617663137
click,45.0,103.5,56.0,126.0,3863530,42.0,126.0,3863594,1521617664080,1521617663913
click,315.0,259.5,297.0,262.0,3865027,297.0,262.0,3865114,1521617665600,1521617665450
click,225.0,51.5,234.0,54.0,3865893,234.0,54.0,3865979,1521617666466,1521617666307
click,135.0,103.5,158.0,122.0,3867207,135.0,122.0,3867278,1521617667766,1521617667629
click,135.0,51.5,121.0,72.0,3867859,121.0,72.0,3867945,1521617668431,1521617668245
click,315.0,207.5,316.0,189.0,3868667,316.0,175.0,3868713,1521617669199,1521617669055
click,270.0,181.5,259.0,172.0,3869366,265.0,188.0,3869438,1521617669925,1521617669809
click,225.0,103.5,214.0,115.0,3869996,198.0,91.0,3870082,1521617670573,1521617670437
click,45.0,155.5,45.0,187.0,3870830,45.0,187.0,3870902,1521617671389,1521617671215
click,135.0,103.5,134.0,115.0,3872433,120.213326,123.0,3872519,1521617673006,1521617672886
click,45.0,103.5,66.0,91.0,3874388,66.0,91.0,3874460,1521617674947,1521617674823
click,45.0,155.5,50.0,185.0,3875221,50.0,185.0,3875284,1521617675771,1521617675620
click,225.0,51.5,190.0,36.0,3876066,190.0,36.0,3876129,1521617676615,1521617676460
click,90.0,129.5,113.0,151.0,3876963,99.0,143.0,3877026,1521617677513,1521617677353
click,90.0,233.5,82.0,280.0,3877839,82.0,280.0,3877926,1521617678413,1521617678300
click,135.0,155.5,118.0,140.0,3878545,118.0,140.0,3878631,1521617679117,1521617679032
click,135.0,51.5,135.0,56.0,3879282,118.5,56.0,3879379,1521617679865,1521617679703
click,315.0,259.5,298.0,271.0,3880926,298.0,271.0,3880991,1521617681477,1521617681329
click,180.0,25.5,192.0,46.0,3882200,177.0,67.166954,3882286,1521617682773,1521617682614
click,180.0,77.5,192.0,101.0,3882862,188.0,82.0,3882968,1521617683454,1521617683337
click,315.0,155.5,326.0,192.0,3883557,343.34262,188.97214,3883662,1521617684148,1521617684050
click,180.0,285.5,172.0,273.0,3885630,145.86426,273.0,3885715,1521617686204,1521617686093
click,180.0,77.5,179.0,304.0,3886311,163.0,292.0,3886410,1521617688309,1521617688196
click,180.0,233.5,170.0,306.0,3886985,192.0,306.0,3887083,1521617688577,1521617688464
click,270.0,233.5,191.0,297.0,3887519,191.0,297.0,3887618,1521617688896,1521617688724
click,225.0,207.5,198.0,294.0,3888427,198.0,294.0,3888526,1521617689236,1521617689080
click,315.0,103.5,300.0,98.0,3894189,300.0,98.0,3894276,1521617694762,1521617694626
click,45.0,259.5,51.0,252.0,3894991,51.0,252.0,3895108,1521617695595,1521617695431
click,90.0,285.5,92.0,290.0,3895717,73.5,273.0,3895814,1521617696302,1521617696151
click,45.0,103.5,70.0,84.0,3896540,70.0,98.0,3896612,1521617697100,1521617696989
click,90.0,181.5,111.0,202.0,3897341,111.0,202.0,3897394,1521617697880,1521617697723
click,315.0,155.5,317.0,180.0,3898346,317.0,180.0,3898409,1521617698896,1521617698750
click,270.0,285.5,255.0,290.0,3899169,275.0,290.0,3899266,1521617699754,1521617699639
