click,0,0,68.0,273.0,6724222,68.0,273.0,6724306,1521804880292,1521804880229
click,45.0,207.5,65.0,178.0,6724933,65.0,178.0,6725007,1521804880993,1521804880902
click,135.0,207.5,124.0,232.0,6725553,124.0,232.0,6725641,1521804881627,1521804881529
click,135.0,155.5,153.0,148.0,6726184,153.0,148.0,6726246,1521804882233,1521804882162
click,225.0,207.5,210.0,197.0,6726771,210.0,197.0,6726845,1521804882831,1521804882736
click,270.0,285.5,291.0,277.0,6727369,291.0,277.0,6727443,1521804883430,1521804883349
click,225.0,311.5,236.0,304.0,6727989,236.0,304.0,6728042,1521804884027,1521804883938
click,225.0,259.5,249.0,240.0,6728544,249.0,240.0,6728619,1521804884604,1521804884522
click,90.0,285.5,110.0,271.0,6729143,110.0,271.0,6729217,1521804885203,1521804885107
click,225.0,155.5,213.0,138.0,6729752,213.0,138.0,6729805,1521804885791,1521804885700
click,45.0,259.5,102.0,236.0,6730372,102.0,236.0,6730425,1521804886410,1521804886323
click,90.0,129.5,103.0,110.0,6730949,103.0,110.0,6731013,1521804886998,1521804886881
click,270.0,77.5,276.0,59.0,6732755,276.0,59.0,6732808,1521804888793,1521804888687
click,135.0,103.5,127.0,96.0,6733343,127.0,96.0,6733395,1521804889381,1521804889286
click,225.0,207.5,233.0,188.0,6733877,233.0,188.0,6733940,1521804889926,1521804889842
click,270.0,181.5,270.0,179.0,6734421,270.0,179.0,6734485,1521804890471,1521804890398
click,45.0,103.5,104.0,99.0,6735085,104.0,99.0,6735137,1521804891123,1521804891030
click,270.0,129.5,284.0,109.0,6735651,284.0,109.0,6735714,1521804891700,1521804891607
click,270.0,233.5,270.0,192.0,6736207,270.0,192.0,6736281,1521804892266,1521804892168
click,135.0,51.5,165.0,57.0,6736816,165.0,57.0,6736890,1521804892875,1521804892791
click,180.0,285.5,199.0,263.0,6737414,199.0,263.0,6737488,1521804893473,1521804893386
click,225.0,155.5,236.0,166.0,6737981,236.0,166.0,6738022,1521804894007,1521804893962
click,90.0,129.5,118.0,110.0,6738622,118.0,110.0,6738685,1521804894670,1521804894596
click,315.0,259.5,298.0,247.0,6739925,298.0,247.0,6739988,1521804895974,1521804895890
click,180.0,285.5,176.0,278.0,6741111,176.0,278.0,6741185,1521804897171,1521804897075
click,90.0,129.5,90.0,143.0,6741720,90.0,143.0,6741783,1521804897770,1521804897690
click,90.0,233.5,88.0,219.0,6742308,88.0,219.0,6742382,1521804898367,1521804898297
click,225.0,51.5,228.0,55.0,6742906,228.0,55.0,6742980,1521804898966,1521804898879
click,225.0,207.5,248.0,207.0,6743494,248.0,207.0,6743557,1521804899543,1521804899447
click,135.0,259.5,160.0,275.0,6744080,160.0,275.0,6744155,1521804900141,1521804900111
click,90.0,181.5,112.0,173.0,6744670,112.0,173.0,6744733,1521804900718,1521804900628
click,45.0,155.5,47.0,161.0,6745268,47.0,161.0,6745342,1521804901327,1521804901226
click,270.0,77.5,259.0,57.0,6745920,259.0,57.0,6745994,1521804901979,1521804901889
click,45.0,207.5,84.0,236.0,6746592,66.0,210.0,6746680,1521804902673,1521804902596
click,180.0,129.5,49.0,222.0,6747350,49.0,222.0,6747439,1521804904919,1521804904827
click,315.0,103.5,53.0,216.0,6748055,53.0,216.0,6748141,1521804905017,1521804904879
click,270.0,233.5,65.0,198.0,6748676,65.0,198.0,6748761,1521804905105,1521804905035
click,315.0,259.5,85.0,215.0,6749188,85.0,215.0,6749274,1521804905640,1521804905539
click,45.0,155.5,83.0,211.0,6749626,83.0,211.0,6749711,1521804905740,1521804905609
click,180.0,25.5,197.0,43.0,6750814,197.0,43.0,6750902,1521804906888,1521804906801
click,180.0,285.5,196.0,279.0,6751423,181.0,279.0,6751531,1521804907518,1521804907442
click,135.0,311.5,148.0,285.0,6752064,148.0,285.0,6752152,1521804908138,1521804908059
click,270.0,77.5,255.0,89.0,6752705,255.0,89.0,6752790,1521804908775,1521804908698
click,135.0,259.5,111.0,274.0,6753314,111.0,274.0,6753403,1521804909388,1521804909277
click,135.0,103.5,171.0,84.0,6753903,171.0,84.0,6754010,1521804909995,1521804909924
click,90.0,77.5,122.0,63.0,6754703,122.0,63.0,6754792,1521804910777,1521804910693
click,315.0,103.5,299.0,116.0,6756029,299.0,101.0,6756113,1521804912099,1521804911995
click,90.0,181.5,107.0,196.0,6756648,107.0,196.0,6756733,1521804912718,1521804912637
click,180.0,233.5,185.0,225.0,6758080,185.0,225.0,6758165,1521804914150,1521804914068
click,45.0,155.5,55.0,144.0,6758763,55.0,144.0,6758838,1521804914824,1521804914738
click,225.0,103.5,238.0,87.0,6759373,238.0,87.0,6759462,1521804915447,1521804915434
click,315.0,207.5,315.0,187.0,6759961,315.0,187.0,6760049,1521804916035,1521804915945
click,90.0,77.5,135.0,91.0,6760591,135.0,91.0,6760676,1521804916661,1521804916572
click,45.0,207.5,59.0,200.0,6761200,59.0,200.0,6761285,1521804917270,1521804917243
click,315.0,155.5,312.0,133.0,6761767,312.0,133.0,6761855,1521804917841,1521804917724
click,135.0,155.5,163.0,164.0,6762408,163.0,164.0,6762516,1521804918501,1521804918429
click,135.0,311.5,132.0,285.0,6763092,114.5,285.0,6763200,1521804919186,1521804919151
click,90.0,181.5,76.0,151.0,6764577,76.0,151.0,6764651,1521804920636,1521804920612
click,225.0,311.5,217.0,277.0,6765186,217.0,277.0,6765260,1521804921245,1521804921229
click,90.0,285.5,83.0,269.0,6765785,107.0,258.0,6765893,1521804921883,1521804921824
click,135.0,311.5,141.0,273.0,6767889,141.0,273.0,6767963,1521804923949,1521804923927
click,45.0,103.5,78.0,124.0,6768509,78.0,124.0,6768583,1521804924569,1521804924502
click,180.0,181.5,178.0,178.0,6769096,178.0,178.0,6769182,1521804925167,1521804925071
click,315.0,259.5,301.0,234.0,6769706,301.0,234.0,6769780,1521804925765,1521804925709
click,225.0,103.5,247.0,120.0,6770337,247.0,120.0,6770400,1521804926385,1521804926314
click,135.0,51.5,160.0,45.0,6770924,169.0,58.0,6771031,1521804927017,1521804926927
click,270.0,129.5,170.0,53.0,6771467,170.0,53.0,6771553,1521804929197,1521804929179
click,135.0,155.5,174.0,63.0,6772109,174.0,63.0,6772183,1521804929356,1521804929254
click,90.0,285.5,171.0,56.0,6772707,162.0,42.0,6772792,1521804929444,1521804929406
click,225.0,259.5,174.0,75.0,6773252,174.0,75.0,6773361,1521804929530,1521804929493
click,270.0,233.5,147.0,71.0,6773744,147.0,71.0,6773853,1521804929948,1521804929832
click,225.0,311.5,291.0,221.0,6774376,285.0,207.0,6774463,1521804930449,1521804930423
click,225.0,103.5,228.0,95.0,6776983,228.0,95.0,6777036,1521804933021,1521804932936
click,270.0,181.5,268.0,181.0,6778276,268.0,181.0,6778340,1521804934326,1521804934233
click,180.0,129.5,206.0,114.0,6778853,206.0,114.0,6778941,1521804934928,1521804934868
click,180.0,233.5,182.0,220.0,6779452,200.0,207.0,6779571,1521804935557,1521804935542
click,315.0,207.5,297.0,216.0,6780082,313.0,200.0,6780190,1521804936175,1521804936083
click,45.0,103.5,91.0,86.0,6780777,91.0,86.0,6780818,1521804936804,1521804936721
click,135.0,51.5,135.0,105.0,6782016,135.0,105.0,6782090,1521804938075,1521804938008
click,270.0,129.5,268.0,137.0,6782582,268.0,137.0,6782671,1521804938656,1521804938559
click,225.0,51.5,232.0,67.0,6783213,232.0,67.0,6783287,1521804939272,1521804939185
click,180.0,77.5,170.0,69.0,6783875,170.0,69.0,6783928,1521804939914,1521804939836
click,315.0,155.5,317.0,148.0,6784442,317.0,148.0,6784516,1521804940501,1521804940435
click,180.0,181.5,204.0,180.0,6785072,204.0,180.0,6785125,1521804941110,1521804941064
click,135.0,259.5,151.0,240.0,6786439,144.0,222.0,6786525,1521804942511,1521804942419
click,270.0,285.5,237.0,290.0,6787060,237.0,290.0,6787145,1521804943130,1521804943039
click,135.0,207.5,121.0,209.0,6787679,121.0,209.0,6787764,1521804943750,1521804943652
click,180.0,129.5,166.0,124.0,6788289,166.0,124.0,6788341,1521804944327,1521804944254
click,315.0,103.5,300.0,92.0,6788887,300.0,92.0,6788976,1521804944961,1521804944846
click,45.0,259.5,82.0,244.0,6789582,82.0,244.0,6789656,1521804945641,1521804945550
click,225.0,259.5,203.0,259.0,6790148,185.0,267.0,6790236,1521804946228,1521804946127
click,180.0,77.5,192.0,66.0,6791431,192.0,66.0,6791505,1521804947490,1521804947409
click,180.0,181.5,183.0,172.0,6792006,183.0,172.0,6792071,1521804948057,1521804947968
click,225.0,51.5,221.0,58.0,6792606,221.0,58.0,6792691,1521804948676,1521804948602
click,180.0,25.5,151.0,74.0,6793237,159.0,60.0,6793311,1521804949296,1521804949222
click,90.0,233.5,98.0,235.0,6793877,98.0,235.0,6793952,1521804949937,1521804949881
click,225.0,155.5,217.0,135.0,6795149,217.0,135.0,6795235,1521804951221,1521804951107
click,45.0,259.5,70.0,262.0,6795791,70.0,262.0,6795875,1521804951861,1521804951768
click,270.0,181.5,275.0,172.0,6796368,275.0,172.0,6796486,1521804952471,1521804952385
click,90.0,77.5,121.0,50.0,6797116,121.0,50.0,6797179,1521804953165,1521804953055
click,135.0,207.5,200.0,198.0,6797746,179.5,180.0,6797834,1521804953825,1521804953744
click,315.0,207.5,142.0,190.0,6798375,142.0,190.0,6798460,1521804955924,1521804955866
click,180.0,25.5,123.0,232.0,6799038,123.0,232.0,6799123,1521804956027,1521804955911
click,135.0,103.5,144.0,207.0,6799625,144.0,207.0,6799735,1521804956113,1521804956031
click,315.0,155.5,142.0,205.0,6800321,142.0,205.0,6800406,1521804956657,1521804956568
click,270.0,285.5,165.0,245.0,6800866,144.0,234.0,6800955,1521804956948,1521804956838
click,180.0,77.5,284.0,263.0,6801399,262.0,263.0,6801489,1521804959039,1521804958953
click,180.0,233.5,259.0,289.0,6801976,259.0,289.0,6802062,1521804959145,1521804959022
click,180.0,233.5,267.0,285.0,6802543,267.0,285.0,6802682,1521804959850,1521804961190
click,180.0,233.5,264.0,273.0,6803098,264.0,273.0,6803207,1521804960027,1521804962713
click,180.0,233.5,288.0,275.0,6803611,288.0,275.0,6803721,1521804960251,1521804964238
click,180.0,233.5,184.0,228.0,6804284,184.0,228.0,6804370,1521804960402,1521804965767
