click,0,0,188.0,239.0,7996374,188.0,239.0,7996573,1521807008818,1521807008738
click,270.0,233.5,278.0,232.0,7997142,278.0,246.0,7997348,1521807009594,1521807009500
click,225.0,51.5,224.0,48.0,7998029,224.0,48.0,7998190,1521807010435,1521807010357
click,225.0,259.5,230.0,286.0,7998906,245.0,286.0,7999086,1521807011339,1521807011236
click,180.0,285.5,181.0,300.0,7999707,181.0,300.0,7999867,1521807012113,1521807012022
click,45.0,155.5,70.0,193.0,8000476,57.0,164.0,8000775,1521807013020,1521807012919
click,225.0,311.5,238.0,306.0,8001497,238.0,306.0,8001576,1521807013821,1521807013718
click,135.0,155.5,150.0,141.0,8002272,150.0,141.0,8002453,1521807014701,1521807014638
click,90.0,77.5,101.0,80.0,8003170,101.0,80.0,8003330,1521807015576,1521807015474
click,315.0,207.5,303.0,229.0,8004847,303.0,229.0,8004987,1521807017232,1521807017138
click,90.0,129.5,111.0,145.0,8005724,111.0,145.0,8005930,1521807018175,1521807018089
click,90.0,233.5,75.0,240.0,8006846,75.0,240.0,8007006,1521807019251,1521807019176
click,315.0,259.5,307.0,253.0,8009870,307.0,253.0,8010063,1521807022310,1521807022212
click,315.0,155.5,302.0,174.0,8010671,302.0,174.0,8010791,1521807023037,1521807022957
click,90.0,77.5,100.0,85.0,8011473,100.0,85.0,8011547,1521807023792,1521807023686
click,180.0,129.5,195.0,134.0,8012147,195.0,134.0,8012295,1521807024540,1521807024434
click,135.0,207.5,142.0,230.0,8012852,142.0,230.0,8012972,1521807025217,1521807025137
click,90.0,181.5,84.0,185.0,8013588,84.0,185.0,8013739,1521807025985,1521807025919
click,315.0,207.5,295.0,243.0,8014293,295.0,243.0,8014455,1521807026700,1521807026592
click,225.0,207.5,236.0,225.0,8014989,236.0,225.0,8015139,1521807027384,1521807027276
click,135.0,311.5,149.0,299.0,8015727,149.0,299.0,8015876,1521807028121,1521807028047
click,180.0,25.5,187.0,52.0,8016581,187.0,52.0,8016721,1521807028967,1521807028883
click,225.0,311.5,255.0,300.0,8017415,255.0,300.0,8017596,1521807029842,1521807029736
click,225.0,51.5,230.0,53.0,8018526,230.0,53.0,8018697,1521807030943,1521807030842
click,180.0,285.5,170.0,304.0,8020268,170.0,304.0,8020407,1521807032652,1521807032539
click,315.0,259.5,305.0,252.0,8020942,305.0,252.0,8021102,1521807033348,1521807033267
click,225.0,311.5,217.0,298.0,8021690,217.0,298.0,8021838,1521807034084,1521807033967
click,180.0,233.5,177.0,236.0,8022480,177.0,236.0,8022620,1521807034865,1521807034775
click,135.0,155.5,166.0,159.0,8023131,166.0,159.0,8023292,1521807035537,1521807035459
click,90.0,181.5,85.0,206.0,8023827,85.0,206.0,8024009,1521807036254,1521807036187
click,270.0,77.5,263.0,100.0,8024693,263.0,100.0,8024853,1521807037099,1521807037007
click,45.0,103.5,77.0,106.0,8025473,77.0,106.0,8025655,1521807037900,1521807037812
click,135.0,207.5,162.0,201.0,8026264,162.0,216.09918,8026467,1521807038712,1521807038613
click,45.0,155.5,49.0,172.0,8027183,49.0,172.0,8027354,1521807039599,1521807039499
click,90.0,77.5,110.0,106.0,8028007,110.0,84.5,8028241,1521807040488,1521807040388
click,225.0,103.5,241.0,144.0,8028797,241.0,114.5389,8029110,1521807041356,1521807041286
click,135.0,51.5,152.0,72.0,8031629,152.0,72.0,8031821,1521807044066,1521807043956
click,270.0,77.5,280.0,98.0,8032366,280.0,98.0,8032547,1521807044793,1521807044677
click,315.0,259.5,299.0,249.0,8033125,299.0,249.0,8033331,1521807045576,1521807045494
click,180.0,25.5,184.0,50.0,8034033,184.0,50.0,8034270,1521807046515,1521807046420
click,315.0,155.5,315.0,151.0,8034958,315.0,151.0,8035058,1521807047303,1521807047203
click,135.0,259.5,123.0,260.0,8035711,137.0,260.0,8035880,1521807048125,1521807048017
click,90.0,285.5,87.0,273.0,8036438,87.0,291.0,8036608,1521807048853,1521807048752
click,180.0,181.5,210.0,199.0,8037164,194.0,199.0,8037400,1521807049645,1521807049557
click,135.0,207.5,125.0,236.0,8038009,125.0,236.0,8038190,1521807050436,1521807050342
click,90.0,181.5,85.0,189.0,8038917,85.0,189.0,8039066,1521807051312,1521807051215
click,270.0,181.5,281.0,199.0,8039686,281.0,199.0,8039857,1521807052104,1521807051980
click,225.0,103.5,227.0,111.0,8040403,227.0,111.0,8040605,1521807052850,1521807052768
click,225.0,155.5,236.0,170.0,8042219,236.0,170.0,8042380,1521807054625,1521807054510
click,135.0,155.5,133.0,165.0,8042957,133.0,165.0,8043139,1521807055386,1521807055308
click,225.0,259.5,257.0,258.0,8043726,257.0,258.0,8043887,1521807056132,1521807056032
click,90.0,285.5,105.0,274.0,8044474,105.0,274.0,8044645,1521807056890,1521807056818
click,45.0,155.5,52.0,164.0,8045329,52.0,164.0,8045522,1521807057767,1521807057677
click,45.0,259.5,59.0,267.0,8046344,59.0,267.0,8046516,1521807058761,1521807058651
click,90.0,233.5,79.0,251.0,8047070,79.0,251.0,8047274,1521807059520,1521807059437
click,180.0,285.5,187.0,292.0,8048097,187.0,292.0,8048247,1521807060493,1521807060409
click,45.0,207.5,45.0,221.0,8048963,45.0,221.0,8049144,1521807061392,1521807061290
click,135.0,103.5,135.0,88.0,8049893,135.0,105.0,8050075,1521807062320,1521807062231
click,270.0,77.5,279.0,89.0,8050618,279.0,89.0,8050790,1521807063035,1521807062942
click,315.0,103.5,304.0,120.0,8051346,304.0,120.0,8051496,1521807063741,1521807063665
click,315.0,207.5,304.0,220.0,8053687,304.0,220.0,8053847,1521807066092,1521807065996
click,270.0,181.5,257.0,187.0,8054403,257.0,187.0,8054584,1521807066829,1521807066747
click,225.0,51.5,224.0,62.0,8055310,224.0,62.0,8055491,1521807067737,1521807067627
click,90.0,233.5,73.0,252.0,8056113,73.0,252.0,8056283,1521807068528,1521807068457
click,315.0,155.5,310.0,176.0,8056946,310.0,176.0,8057138,1521807069384,1521807069276
click,180.0,181.5,177.0,215.0,8057714,177.0,215.0,8057865,1521807070111,1521807070053
click,225.0,207.5,235.0,227.0,8058496,235.0,227.0,8058666,1521807070911,1521807070824
click,180.0,129.5,181.0,136.0,8059233,181.0,136.0,8059394,1521807071640,1521807071557
click,225.0,259.5,238.0,250.0,8060056,238.0,250.0,8060227,1521807072472,1521807072358
click,315.0,103.5,302.0,125.0,8060900,302.0,111.0,8061061,1521807073306,1521807073202
click,180.0,25.5,190.0,51.0,8061723,190.0,51.0,8061843,1521807074088,1521807074026
click,135.0,103.5,139.0,108.0,8062418,139.0,108.0,8062578,1521807074824,1521807074730
click,45.0,103.5,53.0,120.0,8065368,53.0,120.0,8065539,1521807077784,1521807077693
click,225.0,155.5,260.0,146.0,8066062,260.0,146.0,8066255,1521807078500,1521807078410
click,225.0,207.5,229.0,240.0,8066778,244.0,228.0,8066948,1521807079193,1521807079127
click,270.0,129.5,285.0,144.0,8067492,285.0,144.0,8067676,1521807079921,1521807079837
click,45.0,259.5,61.0,254.0,8069364,61.0,254.0,8069557,1521807081802,1521807081707
click,180.0,129.5,193.0,138.0,8070316,193.0,138.0,8070464,1521807082709,1521807082628
click,180.0,77.5,188.0,78.0,8071021,188.0,78.0,8071170,1521807083416,1521807083373
click,135.0,103.5,130.0,102.0,8071801,130.0,102.0,8071972,1521807084218,1521807084118
click,315.0,103.5,298.0,115.0,8072646,298.0,115.0,8072827,1521807085073,1521807084986
click,135.0,311.5,121.0,293.0,8073575,141.0,313.5,8073873,1521807086118,1521807086031
click,270.0,285.5,271.0,291.0,8074462,271.0,291.0,8074644,1521807086889,1521807086809
click,45.0,207.5,50.0,220.0,8075339,50.0,220.0,8075510,1521807087755,1521807087649
click,270.0,129.5,279.0,151.0,8077316,279.0,151.0,8077455,1521807089701,1521807089587
click,90.0,129.5,80.0,142.0,8078246,80.0,142.0,8078395,1521807090641,1521807090549
click,180.0,181.5,187.0,222.0,8078941,187.0,222.0,8079122,1521807091367,1521807091289
click,45.0,103.5,63.0,118.0,8079838,63.0,118.0,8080019,1521807092265,1521807092175
click,270.0,285.5,268.0,286.0,8081634,268.0,286.0,8081773,1521807094018,1521807093909
click,270.0,233.5,294.0,243.0,8082381,294.0,243.0,8082552,1521807094797,1521807094707
click,180.0,77.5,180.0,89.0,8083184,180.0,89.0,8083365,1521807095610,1521807095511
click,135.0,259.5,150.0,273.0,8084071,150.0,273.0,8084263,1521807096508,1521807096417
click,270.0,181.5,299.0,172.0,8084883,284.0,163.0,8085063,1521807097308,1521807097215
click,135.0,51.5,148.0,62.0,8087010,148.0,62.0,8087149,1521807099394,1521807099317
click,180.0,233.5,189.0,253.0,8087757,189.0,253.0,8087907,1521807100154,1521807100063
click,225.0,103.5,226.0,102.0,8088453,226.0,102.0,8088613,1521807100858,1521807100756
click,270.0,233.5,283.0,218.0,8090043,284.9109,245.0,8090301,1521807102547,1521807102461
click,135.0,259.5,167.0,258.0,8090921,138.0,268.0,8091123,1521807103375,1521807103268
click,135.0,51.5,143.0,255.0,8091593,143.0,255.0,8091742,1521807105580,1521807105522
click,270.0,129.5,139.0,277.0,8092266,139.0,277.0,8092416,1521807105904,1521807105831
click,90.0,129.5,119.0,268.0,8093036,119.0,268.0,8093175,1521807106149,1521807106042
click,45.0,259.5,129.0,271.0,8093688,129.0,271.0,8093807,1521807106412,1521807106301
click,180.0,77.5,184.0,75.0,8097344,184.0,75.0,8097482,1521807109727,1521807109644
click,45.0,207.5,63.0,206.0,8098050,63.0,206.0,8098200,1521807110445,1521807110351
click,90.0,285.5,102.0,289.0,8098841,102.0,289.0,8098990,1521807111235,1521807111127
click,225.0,155.5,215.0,150.0,8099557,215.0,150.0,8099728,1521807111973,1521807111889
click,270.0,285.5,270.0,281.0,8100294,270.0,281.0,8100476,1521807112722,1521807112629
click,135.0,311.5,132.0,306.0,8101126,151.5,306.0,8101352,1521807113599,1521807113509
