click,0,0,201.0,76.0,1698982,218.0,80.0,1699063,1521772889455,1521772888344
click,315.0,103.5,306.0,108.0,1700342,306.0,108.0,1700430,1521772890821,1521772889692
click,315.0,155.5,304.0,166.0,1701058,324.0,166.0,1701165,1521772891565,1521772890441
click,225.0,51.5,206.0,44.0,1701795,221.0,50.0,1701868,1521772892269,1521772891126
click,135.0,103.5,106.0,110.0,1702510,106.0,110.0,1702585,1521772892975,1521772891845
click,180.0,233.5,180.0,233.0,1703462,199.0,240.0,1703536,1521772893926,1521772892806
click,270.0,285.5,289.0,288.0,1704123,289.0,288.0,1704213,1521772894603,1521772893466
click,180.0,285.5,161.0,271.0,1705202,161.0,271.0,1705267,1521772895657,1521772894510
click,225.0,259.5,240.0,248.0,1705801,264.0,248.0,1705890,1521772896280,1521772895134
click,315.0,259.5,309.0,243.0,1707394,309.0,243.0,1707502,1521772897892,1521772896756
click,90.0,181.5,102.0,176.0,1708067,102.0,176.0,1708141,1521772898531,1521772897395
click,135.0,155.5,127.0,148.0,1708718,147.0,148.0,1708802,1521772899206,1521772898074
click,180.0,77.5,212.0,45.0,1710332,212.0,45.0,1710406,1521772900796,1521772899660
click,315.0,259.5,308.0,246.0,1711944,308.0,246.0,1712033,1521772902424,1521772901309
click,45.0,207.5,41.0,202.0,1712638,61.0,202.0,1712728,1521772903118,1521772901976
click,90.0,181.5,87.0,184.0,1714157,71.9873,184.0,1714245,1521772904636,1521772903492
click,225.0,207.5,245.0,213.0,1715886,245.0,213.0,1715972,1521772906362,1521772905225
click,225.0,103.5,223.0,109.0,1716518,223.0,109.0,1716592,1521772906982,1521772905847
click,45.0,155.5,62.0,139.0,1717148,62.0,139.0,1717233,1521772907623,1521772906483
click,180.0,285.5,159.0,264.0,1717842,178.0,264.0,1717915,1521772908313,1521772907183
click,45.0,259.5,48.0,246.0,1719606,48.0,246.0,1719690,1521772910080,1521772908946
click,270.0,233.5,281.0,247.0,1720631,281.0,247.0,1720719,1521772911110,1521772909986
click,180.0,129.5,187.0,118.0,1721272,187.0,118.0,1721346,1521772911737,1521772910583
click,45.0,103.5,61.0,112.0,1722042,61.0,112.0,1722129,1521772912521,1521772911385
click,90.0,285.5,103.0,265.0,1723548,103.0,265.0,1723637,1521772914027,1521772912892
click,270.0,129.5,287.0,120.0,1724158,287.0,120.0,1724242,1521772914632,1521772913511
click,135.0,207.5,135.0,186.0,1724766,135.0,186.0,1724829,1521772915220,1521772914092
click,90.0,129.5,106.0,114.0,1725365,121.0,123.0,1725453,1521772915844,1521772914710
click,135.0,51.5,170.0,48.0,1727384,170.0,48.0,1727458,1521772917848,1521772916727
click,315.0,103.5,301.0,112.0,1728196,301.0,112.0,1728259,1521772918650,1521772917521
click,90.0,233.5,63.0,212.0,1728868,77.0,216.0,1728954,1521772919344,1521772918201
click,315.0,155.5,300.0,159.0,1729457,300.0,159.0,1729541,1521772919932,1521772918804
click,270.0,233.5,289.0,213.0,1730055,289.0,213.0,1730118,1521772920509,1521772919386
click,180.0,77.5,179.0,80.0,1730653,179.0,80.0,1730738,1521772921128,1521772920044
click,135.0,103.5,141.0,96.0,1731337,141.0,96.0,1731411,1521772921802,1521772920671
click,270.0,181.5,273.0,183.0,1731936,273.0,183.0,1732020,1521772922411,1521772921293
click,225.0,311.5,230.0,308.0,1734778,230.0,308.0,1734841,1521772925231,1521772924104
click,90.0,129.5,78.0,119.0,1735440,78.0,119.0,1735524,1521772925915,1521772924766
click,180.0,25.5,169.0,41.0,1736968,169.0,41.0,1737053,1521772927443,1521772926304
click,135.0,311.5,145.0,298.0,1737652,145.0,298.0,1737736,1521772928127,1521772926991
click,180.0,77.5,178.0,62.0,1739050,178.0,62.0,1739140,1521772929531,1521772928399
click,45.0,207.5,46.0,174.0,1739735,46.0,174.0,1739798,1521772930189,1521772929066
click,90.0,77.5,107.0,76.0,1740398,107.0,76.0,1740486,1521772930876,1521772929743
click,270.0,77.5,284.0,99.0,1741082,284.0,99.0,1741170,1521772931560,1521772930413
click,135.0,51.5,161.0,41.0,1741819,161.0,41.0,1741903,1521772932294,1521772931179
click,180.0,129.5,181.0,142.0,1742513,181.0,142.0,1742598,1521772932988,1521772931855
click,90.0,233.5,86.0,251.0,1743186,86.0,251.0,1743295,1521772933685,1521772932558
click,270.0,233.5,262.0,216.0,1743956,276.0,224.0,1744030,1521772934420,1521772933288
click,315.0,207.5,315.0,190.0,1745546,301.0,190.0,1745622,1521772936012,1521772934876
click,225.0,155.5,257.0,123.0,1746146,257.0,123.0,1746234,1521772936625,1521772935483
click,225.0,51.5,211.0,59.0,1747578,211.0,59.0,1747662,1521772938053,1521772936924
click,135.0,155.5,131.0,159.0,1748219,131.0,159.0,1748293,1521772938683,1521772937550
click,225.0,259.5,221.0,244.0,1748913,221.0,244.0,1748987,1521772939378,1521772938230
click,225.0,311.5,215.0,315.0,1749651,215.0,315.0,1749735,1521772940126,1521772939009
click,90.0,129.5,98.0,127.0,1750858,98.0,127.0,1750943,1521772941333,1521772940205
click,315.0,155.5,320.0,144.0,1751886,320.0,144.0,1751919,1521772942309,1521772941165
click,90.0,77.5,128.0,69.0,1752483,137.0,63.0,1752602,1521772942993,1521772941862
click,90.0,233.5,50.0,221.0,1753177,50.0,221.0,1753229,1521772943620,1521772942466
click,135.0,51.5,120.0,58.0,1753786,120.0,58.0,1753860,1521772944250,1521772943132
click,90.0,285.5,68.0,275.0,1754416,68.0,275.0,1754490,1521772944880,1521772943758
click,225.0,103.5,237.0,97.0,1755944,237.0,97.0,1756007,1521772946398,1521772945278
click,180.0,25.5,179.0,50.0,1756510,179.0,50.0,1756599,1521772946989,1521772945860
click,90.0,181.5,95.0,157.0,1757172,95.0,157.0,1757258,1521772947648,1521772946508
click,180.0,285.5,163.0,300.0,1757834,180.0,300.0,1757919,1521772948311,1521772947214
click,315.0,207.5,319.0,198.0,1760250,319.0,198.0,1760334,1521772950724,1521772949575
click,45.0,207.5,46.0,190.0,1760913,46.0,190.0,1760987,1521772951377,1521772950232
click,225.0,311.5,210.0,309.0,1761789,210.0,309.0,1761874,1521772952264,1521772951133
click,315.0,259.5,294.0,262.0,1763264,294.0,262.0,1763352,1521772953742,1521772952613
click,225.0,207.5,252.0,209.0,1763862,252.0,209.0,1763950,1521772954341,1521772953236
click,180.0,129.5,173.0,134.0,1764482,173.0,134.0,1764534,1521772954925,1521772953819
click,225.0,51.5,238.0,50.0,1765080,238.0,50.0,1765154,1521772955544,1521772954416
click,135.0,155.5,143.0,150.0,1765678,143.0,150.0,1765742,1521772956132,1521772954998
click,270.0,129.5,289.0,116.0,1768157,289.0,116.0,1768221,1521772958611,1521772957482
click,315.0,207.5,313.0,190.0,1769429,313.0,190.0,1769517,1521772959908,1521772958759
click,225.0,155.5,213.0,161.0,1770038,230.0,165.0,1770112,1521772960502,1521772959367
click,45.0,259.5,59.0,252.0,1770679,59.0,252.0,1770767,1521772961158,1521772960018
click,45.0,155.5,62.0,171.0,1771341,62.0,171.0,1771426,1521772961816,1521772960693
click,180.0,181.5,213.0,184.0,1771992,213.0,184.0,1772078,1521772962468,1521772961348
click,90.0,285.5,88.0,277.0,1772688,88.0,277.0,1772776,1521772963166,1521772962024
click,45.0,103.5,48.0,118.0,1773361,48.0,118.0,1773468,1521772963860,1521772962723
click,135.0,207.5,87.0,198.0,1774013,115.0,198.0,1774100,1521772964494,1521772963347
click,270.0,181.5,248.0,171.0,1774695,248.0,171.0,1774769,1521772965162,1521772964026
click,225.0,207.5,229.0,202.0,1775338,254.0,206.0,1775425,1521772965816,1521772964685
click,135.0,259.5,164.0,240.0,1775955,164.0,240.0,1776064,1521772966457,1521772965305
click,135.0,311.5,126.0,311.0,1777720,126.0,311.0,1777828,1521772968219,1521772967087
click,135.0,207.5,139.0,205.0,1778372,139.0,205.0,1778446,1521772968836,1521772967692
click,180.0,25.5,194.0,34.0,1779109,194.0,34.0,1779194,1521772969584,1521772968471
click,315.0,103.5,291.0,90.0,1780787,291.0,90.0,1780872,1521772971262,1521772970161
click,270.0,285.5,259.0,298.0,1782347,259.0,298.0,1782455,1521772972846,1521772971715
click,135.0,259.5,159.0,280.0,1783084,153.0,280.0,1783233,1521772973624,1521772972487
click,270.0,129.5,297.0,116.0,1784805,297.0,116.0,1784893,1521772975283,1521772974144
click,180.0,233.5,202.0,242.0,1785446,202.0,242.0,1785530,1521772975921,1521772974791
click,135.0,103.5,146.0,101.0,1786204,164.0,111.0,1786312,1521772976702,1521772975575
click,270.0,77.5,282.0,91.0,1786824,282.0,91.0,1786912,1521772977303,1521772976148
click,180.0,181.5,212.0,166.0,1787454,212.0,166.0,1787543,1521772977933,1521772976778
click,270.0,181.5,287.0,177.0,1788051,287.0,177.0,1788141,1521772978532,1521772977404
click,180.0,181.5,169.0,172.0,1789613,169.0,172.0,1789700,1521772980091,1521772978991
click,135.0,311.5,123.0,311.0,1790350,137.0,311.0,1790439,1521772980829,1521772979692
click,180.0,233.5,179.0,236.0,1791034,179.0,236.0,1791119,1521772981509,1521772980343
click,225.0,155.5,214.0,148.0,1791675,214.0,148.0,1791738,1521772982129,1521772980989
click,270.0,285.5,278.0,276.0,1792294,278.0,276.0,1792379,1521772982770,1521772981625
click,270.0,77.5,270.0,66.0,1792968,270.0,66.0,1793053,1521772983443,1521772982279
click,225.0,259.5,203.0,264.0,1793716,203.0,264.0,1793801,1521772984191,1521772983060
click,90.0,77.5,90.0,90.0,1794400,90.0,90.0,1794484,1521772984875,1521772983727
click,45.0,103.5,62.0,99.0,1795073,62.0,99.0,1795136,1521772985527,1521772984412
click,45.0,155.5,45.0,146.0,1795789,45.0,146.0,1795852,1521772986242,1521772985094
click,45.0,259.5,68.0,271.0,1796633,68.0,271.0,1796721,1521772987112,1521772985963
click,135.0,259.5,147.0,237.0,1797306,147.0,237.0,1797414,1521772987804,1521772986666
