click,0,0,201.0,53.0,2782930,201.0,53.0,2783015,1521793109422,1521793108977
click,45.0,155.5,39.0,181.0,2783760,39.0,181.0,2783848,1521793110254,1521793109792
click,135.0,103.5,123.0,142.0,2784616,123.0,142.0,2784689,1521793111094,1521793110618
click,270.0,129.5,309.0,130.0,2785343,304.0,148.0,2785415,1521793111822,1521793111401
click,90.0,129.5,84.0,172.0,2786048,84.0,172.0,2786135,1521793112540,1521793112078
click,180.0,233.5,180.0,274.0,2786657,180.0,274.0,2786744,1521793113149,1521793112704
click,270.0,233.5,269.0,256.0,2787458,269.0,256.0,2787556,1521793113961,1521793113510
click,270.0,77.5,246.0,95.0,2788110,246.0,81.0,2788196,1521793114603,1521793114147
click,135.0,51.5,145.0,84.0,2788880,145.0,84.0,2788966,1521793115372,1521793114917
click,180.0,181.5,165.0,173.0,2789638,165.0,173.0,2789725,1521793116130,1521793115662
click,315.0,259.5,300.0,268.0,2790290,300.0,268.0,2790405,1521793116811,1521793116396
click,315.0,103.5,289.0,100.0,2791113,289.0,100.0,2791199,1521793117606,1521793117127
click,90.0,233.5,105.0,261.0,2792908,105.0,261.0,2793013,1521793119419,1521793119003
click,45.0,207.5,69.0,259.0,2793655,50.74414,259.0,2793752,1521793120159,1521793119708
click,135.0,51.5,142.0,97.0,2796017,142.0,97.0,2796104,1521793122509,1521793122069
click,135.0,207.5,136.0,221.0,2796669,136.0,221.0,2796774,1521793123180,1521793122721
click,315.0,155.5,307.0,179.0,2797983,307.0,179.0,2798055,1521793124461,1521793124004
click,270.0,77.5,289.0,92.0,2798624,269.0,84.0,2798782,1521793125189,1521793124746
click,270.0,285.5,277.0,297.0,2801658,257.5,297.0,2801764,1521793128170,1521793127739
click,135.0,155.5,100.0,145.0,2803731,100.0,145.0,2803828,1521793130234,1521793129800
click,90.0,77.5,78.0,113.0,2804564,78.0,113.0,2804651,1521793131057,1521793130590
click,315.0,259.5,296.0,255.0,2805184,309.0,238.0,2805289,1521793131697,1521793131335
click,225.0,155.5,230.0,147.0,2806560,204.0,147.0,2806659,1521793133065,1521793132605
click,180.0,77.5,170.0,86.0,2808528,170.0,86.0,2808625,1521793135031,1521793134578
click,315.0,103.5,309.0,125.0,2811328,309.0,125.0,2811433,1521793137839,1521793137397
click,90.0,285.5,102.0,302.0,2812107,102.0,302.0,2812213,1521793138619,1521793138179
click,135.0,259.5,104.0,256.0,2812908,104.0,256.0,2813006,1521793139412,1521793138961
click,270.0,77.5,281.0,79.0,2813657,257.0,70.0,2813773,1521793140180,1521793139733
click,135.0,103.5,243.0,70.0,2814371,243.0,70.0,2814469,1521793142303,1521793141858
click,135.0,207.5,289.0,113.0,2814905,274.0,113.0,2815008,1521793142414,1521793141925
click,225.0,259.5,275.0,85.0,2815375,275.0,85.0,2815463,1521793142504,1521793142022
click,45.0,207.5,297.0,113.0,2816423,297.0,113.0,2816521,1521793143040,1521793142601
click,180.0,181.5,194.0,211.0,2817460,194.0,211.0,2817533,1521793143939,1521793143481
click,45.0,103.5,47.0,123.0,2818390,47.0,123.0,2818487,1521793144893,1521793144453
click,270.0,285.5,284.0,288.0,2819181,284.0,288.0,2819286,1521793145692,1521793145237
click,180.0,285.5,173.0,283.0,2819982,173.0,283.0,2820088,1521793146493,1521793146048
click,225.0,259.5,231.0,278.0,2823818,231.0,261.0,2823915,1521793150321,1521793149876
click,45.0,207.5,74.0,222.0,2825949,74.0,222.0,2826016,1521793152422,1521793151978
click,225.0,103.5,218.0,120.0,2826585,198.71106,108.85553,2826682,1521793153088,1521793152608
click,270.0,285.5,274.0,298.0,2828508,274.0,298.0,2828614,1521793155019,1521793154590
click,225.0,311.5,197.0,311.0,2829309,197.0,311.0,2829407,1521793155813,1521793155349
click,135.0,155.5,124.0,170.0,2830004,124.0,170.0,2830101,1521793156507,1521793156048
click,180.0,77.5,157.0,118.0,2830880,157.0,118.0,2830967,1521793157372,1521793156912
click,45.0,103.5,52.0,130.0,2832323,52.0,116.0,2832420,1521793158827,1521793158377
click,135.0,207.5,119.0,221.0,2833123,131.0,235.0,2833229,1521793159636,1521793159186
click,135.0,311.5,147.0,315.0,2834128,147.0,315.0,2834257,1521793160663,1521793160222
click,315.0,207.5,309.0,204.0,2835837,309.0,204.0,2835935,1521793162341,1521793161880
click,90.0,233.5,71.0,234.0,2836554,71.0,234.0,2836651,1521793163057,1521793162618
click,315.0,207.5,316.0,201.0,2839177,316.0,201.0,2839245,1521793165651,1521793165197
click,225.0,51.5,201.0,66.0,2840005,201.0,66.0,2840110,1521793166516,1521793166065
click,135.0,259.5,151.0,300.0,2840773,151.0,300.0,2840880,1521793167285,1521793166858
click,225.0,259.5,203.0,294.0,2841522,203.0,294.0,2841628,1521793168033,1521793167569
click,135.0,103.5,111.0,109.0,2842206,136.64435,109.0,2842303,1521793168709,1521793168276
click,225.0,103.5,212.0,88.0,2843851,212.0,88.0,2843957,1521793170362,1521793169908
click,180.0,181.5,161.0,228.0,2844653,161.0,228.0,2844750,1521793171156,1521793170701
click,180.0,285.5,170.0,306.0,2845529,170.0,306.0,2845626,1521793172031,1521793171580
click,180.0,233.5,177.0,236.0,2846244,177.0,236.0,2846331,1521793172737,1521793172297
click,45.0,259.5,58.0,233.0,2848727,43.0,233.0,2848828,1521793175239,1521793174798
click,270.0,181.5,295.0,225.0,2850326,295.0,225.0,2850431,1521793176837,1521793176443
click,45.0,103.5,57.0,92.0,2851555,57.0,92.0,2851618,1521793178023,1521793177566
click,180.0,77.5,43.0,157.0,2851992,43.0,157.0,2852045,1521793178451,1521793178011
click,90.0,77.5,91.0,79.0,2852708,91.0,79.0,2852806,1521793179212,1521793178765
click,135.0,311.5,119.0,310.0,2853755,119.0,310.0,2853828,1521793180235,1521793179793
click,90.0,181.5,95.0,196.0,2854418,95.0,196.0,2854505,1521793180911,1521793180472
click,90.0,129.5,109.0,172.0,2855166,93.5,161.0,2855252,1521793181666,1521793181197
click,270.0,129.5,86.0,147.0,2855731,70.0,147.0,2855829,1521793183776,1521793183331
click,225.0,207.5,77.0,102.0,2856254,77.0,102.0,2856342,1521793183874,1521793183396
click,225.0,51.5,94.0,144.0,2856682,94.0,144.0,2856780,1521793184027,1521793183567
click,180.0,129.5,70.0,123.0,2857323,70.0,123.0,2857429,1521793184183,1521793183718
click,315.0,155.5,100.0,128.0,2857707,100.0,128.0,2857781,1521793184273,1521793183799
click,225.0,155.5,121.0,176.0,2857889,121.0,176.0,2857953,1521793184365,1521793183882
click,135.0,51.5,108.0,124.0,2858201,108.0,124.0,2858287,1521793184693,1521793184234
click,225.0,155.5,210.0,168.0,2861321,210.0,168.0,2861418,1521793187824,1521793187380
click,180.0,129.5,189.0,83.0,2862112,189.0,83.0,2862184,1521793188589,1521793188139
click,270.0,181.5,287.0,186.0,2862774,259.0,178.0,2862879,1521793189288,1521793188832
click,315.0,155.5,278.0,149.0,2864131,278.0,149.0,2864217,1521793190623,1521793190158
click,180.0,25.5,194.0,67.0,2864857,194.0,67.0,2864962,1521793191368,1521793190907
click,90.0,77.5,71.0,125.0,2865541,71.0,125.0,2865638,1521793192044,1521793191591
click,90.0,285.5,105.0,277.0,2866330,105.0,294.90088,2866449,1521793192855,1521793192389
click,225.0,207.5,255.0,256.0,2867325,255.0,256.0,2867412,1521793193818,1521793193375
click,180.0,285.5,198.0,279.0,2867977,198.0,279.0,2868064,1521793194470,1521793194029
click,90.0,181.5,82.0,174.0,2868714,82.0,174.0,2868787,1521793195192,1521793194756
click,135.0,259.5,108.0,301.0,2869654,108.0,301.0,2869760,1521793196166,1521793195707
click,45.0,259.5,65.0,281.0,2870627,65.0,281.0,2870732,1521793197138,1521793196702
click,180.0,129.5,129.0,186.0,2872976,123.0,171.0,2873075,1521793199481,1521793199015
click,225.0,207.5,202.0,189.0,2873907,202.0,189.0,2873994,1521793200400,1521793199960
click,90.0,285.5,68.0,295.0,2874654,68.0,295.0,2874742,1521793201147,1521793200698
click,270.0,129.5,257.0,184.0,2875691,257.0,184.0,2875764,1521793202170,1521793201741
click,270.0,233.5,253.0,263.0,2876332,253.0,263.0,2876419,1521793202825,1521793202385
click,315.0,103.5,302.0,125.0,2877380,302.0,125.0,2877477,1521793203883,1521793203432
click,90.0,129.5,118.0,149.0,2878085,118.0,149.0,2878157,1521793204563,1521793204115
click,135.0,311.5,175.0,314.0,2878779,157.0,314.0,2878928,1521793205335,1521793204880
click,45.0,155.5,54.0,166.0,2880361,54.0,166.0,2880447,1521793206853,1521793206374
click,180.0,25.5,144.0,67.0,2882209,144.0,67.0,2882296,1521793208701,1521793208263
click,90.0,181.5,74.0,178.0,2882872,74.0,178.0,2882958,1521793209364,1521793208899
click,225.0,311.5,211.0,316.0,2883705,211.0,316.0,2883778,1521793210184,1521793209732
click,180.0,25.5,184.0,41.0,2885286,184.0,41.0,2885359,1521793211764,1521793211313
click,315.0,259.5,291.0,278.0,2886622,299.0,262.0,2886739,1521793213146,1521793212725
click,45.0,155.5,42.0,192.0,2887584,42.0,192.0,2887689,1521793214095,1521793213620
click,45.0,259.5,61.0,274.0,2888406,61.0,274.0,2888493,1521793214899,1521793214441
click,135.0,155.5,172.0,173.0,2889122,172.0,173.0,2889228,1521793215633,1521793215185
click,270.0,181.5,275.0,199.0,2889902,275.0,199.0,2890000,1521793216405,1521793215965
click,315.0,207.5,316.0,211.0,2890575,316.0,211.0,2890681,1521793217087,1521793216630
click,225.0,103.5,206.0,106.0,2891228,206.0,106.0,2891314,1521793217720,1521793217269
click,270.0,233.5,252.0,229.0,2891858,252.0,229.0,2891955,1521793218361,1521793217913
click,225.0,311.5,168.0,306.0,2893055,168.0,306.0,2893141,1521793219547,1521793219087
click,180.0,233.5,199.0,242.0,2894251,199.0,242.0,2894357,1521793220762,1521793220312
click,90.0,233.5,98.0,270.0,2894903,98.0,270.0,2895020,1521793221426,1521793220991
