click,0,0,248.0,201.0,6874724,248.0,201.0,6874795,1521873024213,1521873025351
click,135.0,155.5,110.0,189.0,6875395,110.0,189.0,6875481,1521873024899,1521873026036
click,90.0,77.5,102.0,107.0,6875939,102.0,107.0,6876012,1521873025430,1521873026575
click,135.0,207.5,115.0,95.0,6876184,115.0,95.0,6876238,1521873025656,1521873026786
click,315.0,103.5,134.0,231.0,6876612,134.0,231.0,6876654,1521873026072,1521873027222
click,225.0,207.5,313.0,137.0,6876856,313.0,137.0,6876944,1521873026362,1521873027510
click,45.0,207.5,223.0,246.0,6877177,223.0,246.0,6877252,1521873026671,1521873027812
click,180.0,233.5,59.0,251.0,6877531,59.0,251.0,6877594,1521873027012,1521873028129
click,135.0,259.5,198.0,268.0,6877861,198.0,268.0,6877949,1521873027368,1521873028500
click,180.0,77.5,146.0,285.0,6878235,146.0,285.0,6878308,1521873027726,1521873028839
click,315.0,207.5,200.0,79.0,6878469,200.0,79.0,6878524,1521873027943,1521873029047
click,180.0,129.5,219.0,143.0,6879037,219.0,143.0,6879109,1521873028527,1521873029663
click,180.0,25.5,186.0,140.0,6879571,186.0,140.0,6879633,1521873029051,1521873030169
click,135.0,207.5,152.0,223.0,6880145,152.0,223.0,6880220,1521873029638,1521873030777
click,45.0,259.5,68.0,286.0,6881632,68.0,286.0,6881719,1521873031137,1521873032260
click,180.0,129.5,192.0,130.0,6882262,192.0,130.0,6882349,1521873031767,1521873032903
click,270.0,129.5,296.0,124.0,6882869,296.0,124.0,6882968,1521873032386,1521873033502
click,135.0,311.5,141.0,317.0,6883533,141.0,317.0,6883620,1521873033038,1521873034180
click,180.0,233.5,188.0,250.0,6884151,188.0,250.0,6884239,1521873033657,1521873034782
click,90.0,233.5,81.0,265.0,6884804,81.0,265.0,6884891,1521873034308,1521873035441
click,45.0,155.5,60.0,170.0,6885477,60.0,170.0,6885574,1521873034992,1521873036126
click,225.0,207.5,241.0,235.0,6886192,241.0,235.0,6886290,1521873035708,1521873036840
click,225.0,51.5,234.0,87.0,6886887,234.0,87.0,6886984,1521873036402,1521873037522
click,315.0,103.5,301.0,110.0,6887602,301.0,110.0,6887708,1521873037126,1521873038242
click,225.0,311.5,240.0,309.0,6889375,240.0,309.0,6889447,1521873038865,1521873040001
click,135.0,155.5,127.0,175.0,6889952,127.0,175.0,6890049,1521873039467,1521873040616
click,180.0,285.5,189.0,299.0,6890613,189.0,299.0,6890700,1521873040118,1521873041244
click,45.0,103.5,55.0,148.0,6891223,55.0,148.0,6891309,1521873040727,1521873041844
click,270.0,285.5,276.0,298.0,6891955,276.0,298.0,6891969,1521873041387,1521873042522
click,45.0,155.5,49.0,197.0,6892557,49.0,197.0,6892655,1521873042073,1521873043180
click,180.0,77.5,197.0,112.0,6893231,197.0,112.0,6893317,1521873042735,1521873043842
click,225.0,51.5,241.0,85.0,6893904,241.0,85.0,6893990,1521873043408,1521873044530
click,45.0,259.5,63.0,274.0,6895399,63.0,274.0,6895496,1521873044914,1521873046032
click,315.0,155.5,322.0,167.0,6896093,322.0,167.0,6896180,1521873045598,1521873046740
click,270.0,129.5,280.0,147.0,6896744,280.0,147.0,6896807,1521873046225,1521873047361
click,180.0,129.5,171.0,166.0,6897299,171.0,166.0,6897372,1521873046790,1521873047912
click,135.0,51.5,133.0,69.0,6900632,133.0,69.0,6900705,1521873050122,1521873051261
click,225.0,51.5,255.0,69.0,6901208,255.0,69.0,6901295,1521873050712,1521873051841
click,270.0,77.5,290.0,105.0,6901774,290.0,105.0,6901862,1521873051279,1521873052402
click,90.0,233.5,116.0,243.0,6902373,116.0,243.0,6902460,1521873051878,1521873053002
click,180.0,181.5,192.0,198.0,6902907,192.0,198.0,6902994,1521873052412,1521873053538
click,45.0,259.5,120.0,233.0,6903462,96.0,241.0,6903579,1521873052998,1521873054112
click,315.0,259.5,67.0,277.0,6903706,67.0,277.0,6903796,1521873053214,1521873054378
click,135.0,103.5,299.0,260.0,6904103,299.0,260.0,6904176,1521873053594,1521873054717
click,90.0,129.5,145.0,151.0,6904390,145.0,151.0,6904455,1521873053873,1521873054978
click,225.0,311.5,106.0,173.0,6904851,106.0,173.0,6904923,1521873054341,1521873055460
click,225.0,155.5,235.0,307.0,6905161,235.0,307.0,6905233,1521873054651,1521873055783
click,180.0,25.5,220.0,188.0,6905437,220.0,188.0,6905526,1521873054945,1521873056077
click,225.0,103.5,171.0,63.0,6905759,171.0,63.0,6905822,1521873055239,1521873056362
click,270.0,285.5,263.0,303.0,6906464,263.0,303.0,6906536,1521873055954,1521873057078
click,135.0,155.5,118.0,200.0,6907051,118.0,200.0,6907124,1521873056542,1521873057658
click,270.0,181.5,294.0,202.0,6907628,294.0,202.0,6907715,1521873057132,1521873058325
click,180.0,77.5,207.0,125.0,6908215,207.0,125.0,6908288,1521873057706,1521873058838
click,270.0,77.5,288.0,107.0,6908909,288.0,107.0,6908996,1521873058414,1521873059548
click,315.0,155.5,317.0,183.0,6909529,317.0,183.0,6909616,1521873059034,1521873060130
click,225.0,259.5,218.0,290.0,6910223,218.0,290.0,6910310,1521873059728,1521873060862
click,270.0,233.5,297.0,265.0,6910960,297.0,265.0,6911047,1521873060465,1521873061582
click,45.0,103.5,95.0,130.0,6911612,95.0,130.0,6911698,1521873061116,1521873062242
click,45.0,207.5,52.0,244.0,6912242,52.0,244.0,6912338,1521873061756,1521873062883
click,135.0,51.5,138.0,75.0,6912947,138.0,75.0,6913033,1521873062451,1521873063562
click,180.0,233.5,203.0,261.0,6914656,203.0,261.0,6914742,1521873064160,1521873065285
click,315.0,103.5,313.0,122.0,6916225,313.0,122.0,6916323,1521873065741,1521873066860
click,225.0,207.5,250.0,226.0,6916845,250.0,226.0,6916932,1521873066350,1521873067464
click,90.0,285.5,80.0,295.0,6917454,80.0,295.0,6917540,1521873066959,1521873068060
click,270.0,77.5,281.0,103.0,6918041,281.0,103.0,6918138,1521873067556,1521873068672
click,90.0,77.5,105.0,108.0,6918670,105.0,108.0,6918758,1521873068176,1521873069306
click,90.0,181.5,75.0,180.0,6919419,75.0,180.0,6919517,1521873068934,1521873070056
click,135.0,103.5,139.0,119.0,6920039,139.0,119.0,6920125,1521873069543,1521873070659
click,90.0,129.5,93.0,177.0,6920658,93.0,177.0,6920755,1521873070173,1521873071298
click,315.0,207.5,315.0,229.0,6923245,315.0,229.0,6923348,1521873072766,1521873073917
click,180.0,25.5,205.0,64.0,6923916,205.0,64.0,6924002,1521873073420,1521873074597
click,45.0,207.5,69.0,226.0,6924546,69.0,226.0,6924643,1521873074061,1521873075198
click,45.0,155.5,58.0,188.0,6927430,58.0,188.0,6927502,1521873076919,1521873078070
click,90.0,181.5,104.0,212.0,6928028,104.0,212.0,6928100,1521873077518,1521873078640
click,270.0,233.5,285.0,262.0,6928678,285.0,262.0,6928766,1521873078184,1521873079310
click,270.0,129.5,284.0,154.0,6929299,284.0,154.0,6929385,1521873078803,1521873079912
click,225.0,259.5,248.0,279.0,6930025,248.0,279.0,6930122,1521873079540,1521873080650
click,270.0,285.5,277.0,296.0,6930865,277.0,296.0,6930877,1521873080295,1521873081411
click,90.0,285.5,100.0,300.0,6931477,100.0,300.0,6931575,1521873080993,1521873082128
click,45.0,103.5,53.0,145.0,6932140,53.0,145.0,6932226,1521873081644,1521873082770
click,180.0,285.5,206.0,295.0,6932843,206.0,295.0,6932931,1521873082349,1521873083458
click,225.0,103.5,256.0,126.0,6933433,256.0,126.0,6933519,1521873082936,1521873084043
click,315.0,155.5,325.0,181.0,6934094,325.0,181.0,6934199,1521873083617,1521873084741
click,135.0,311.5,153.0,294.0,6934810,153.0,294.0,6934915,1521873084334,1521873085455
click,315.0,259.5,292.0,279.0,6936989,292.0,279.0,6937061,1521873086479,1521873087766
click,225.0,155.5,225.0,163.0,6937533,225.0,163.0,6937620,1521873087038,1521873088147
click,225.0,311.5,233.0,311.0,6938751,233.0,311.0,6938848,1521873088266,1521873089399
click,315.0,207.5,320.0,207.0,6939412,320.0,207.0,6939485,1521873088904,1521873090036
click,135.0,103.5,177.0,143.0,6940043,177.0,143.0,6940115,1521873089533,1521873090700
click,90.0,77.5,119.0,95.0,6940663,119.0,95.0,6940749,1521873090167,1521873091290
click,135.0,259.5,156.0,286.0,6941218,156.0,286.0,6941305,1521873090723,1521873091838
click,90.0,129.5,107.0,186.0,6941827,107.0,186.0,6941914,1521873091331,1521873092467
click,180.0,181.5,214.0,224.0,6942456,214.0,224.0,6942554,1521873091972,1521873093090
click,90.0,181.5,85.0,198.0,6943055,85.0,198.0,6943142,1521873092560,1521873093646
click,180.0,285.5,165.0,308.0,6943717,165.0,308.0,6943804,1521873093223,1521873094345
click,90.0,285.5,84.0,297.0,6944390,84.0,297.0,6944477,1521873093895,1521873095058
click,225.0,103.5,211.0,110.0,6946152,211.0,110.0,6946225,1521873095643,1521873096777
click,270.0,181.5,282.0,201.0,6946761,282.0,201.0,6946848,1521873096267,1521873097381
click,135.0,259.5,157.0,276.0,6947444,157.0,276.0,6947532,1521873096949,1521873098109
click,270.0,233.5,277.0,271.0,6948150,277.0,271.0,6948237,1521873097654,1521873098790
click,135.0,207.5,133.0,239.0,6948748,133.0,239.0,6948835,1521873098253,1521873099384
click,225.0,259.5,252.0,306.0,6949421,252.0,306.0,6949508,1521873098925,1521873100052
click,225.0,155.5,221.0,164.0,6950030,221.0,164.0,6950102,1521873099520,1521873100641
click,135.0,51.5,149.0,78.0,6950671,149.0,78.0,6950757,1521873100175,1521873101308
click,90.0,233.5,100.0,270.0,6951333,100.0,270.0,6951405,1521873100823,1521873101922
click,180.0,181.5,181.0,210.0,6951963,181.0,210.0,6952035,1521873101453,1521873102584
click,315.0,259.5,298.0,270.0,6954399,298.0,270.0,6954496,1521873103913,1521873105060
click,135.0,311.5,125.0,302.0,6955926,125.0,302.0,6956012,1521873105430,1521873106542
