slip,253.0,208.0,2033762,234.0,201.0,208.85107,191.54443,177.54988,186.09998,139.81769,182.80989,109.64429,182.0,86.10972,181.00731,86.0,181.02033901,1521614659491,1521614659361
slip,295.0,149.0,2042449,269.74493,141.94899,241.05977,138.73,206.60011,136.32729,170.6755,136.0,139.50427,136.83313,117.26163,138.0,115.0,138.02042587,1521614668176,1521614668025
slip,314.0,132.0,2052953,286.0,127.0,252.88846,123.42993,212.38708,121.82258,165.46732,122.595795,118.25989,124.19824,106.699394,128.22322,108.0,127.02053090,1521614678683,1521614678559
slip,128.0,170.0,2053602,166.9729,159.56157,200.25372,153.62437,253.14485,149.6733,332.87158,156.18716,333.0,158.02053731,1521614679320,1521614679187
slip,121.0,129.0,2054641,147.43536,129.0,181.62415,133.8332,243.39822,144.27168,315.90402,160.12132054737,1521614680327,1521614680210
slip,312.0,163.0,2065849,295.0,158.0,256.58783,149.06108,210.7003,136.71043,143.598,123.8397,108.0,120.0,84.018974,119.0,83.0,119.02065976,1521614691565,1521614691462
slip,316.0,151.0,2075776,288.86426,146.95824,254.40822,147.0,212.35841,150.51573,159.69681,151.7391,107.631874,153.25359,104.0,151.02075903,1521614701492,1521614701369
slip,139.0,146.0,2084890,183.03491,142.07936,223.97746,137.58138,297.03607,137.9489,338.3877,148.335142085017,1521614710608,1521614710488
slip,139.0,147.0,2085617,163.71481,143.92279,189.71585,138.12842,231.44133,135.0,268.99057,135.0,341.0,148.52085743,1521614711334,1521614711192
slip,300.0,160.0,2094176,281.0,160.0,248.81844,160.0,208.85402,160.0,172.0621,159.0,132.0,159.0,127.0,158.02094292,1521614719885,1521614719786
slip,255.0,132.0,2103972,228.66698,132.0,196.72003,129.1888,150.0,124.52104026,1521614729616,1521614729499
