slip,303.0,168.0,5624262,281.0,175.0,230.18936,178.58488,93.93966,187.40422,13.5,210.05624359,1521621028262,1521621028103
slip,278.0,192.0,5630716,223.81648,194.45471,125.25337,212.66603,50.09652,250.31076,49.0,251.05630802,1521621034705,1521621034552
slip,312.0,124.0,5635032,291.0,130.0,243.42911,142.73346,118.70347,184.7662,64.09444,216.62692,16.0,267.05635137,1521621039037,1521621038892
slip,320.0,208.0,5637414,287.24142,211.72414,203.41441,225.17345,101.76511,255.866655637502,1521621041400,1521621041255
slip,273.0,146.0,5644424,257.58325,125.44433,252.67,117.33999,246.0992,108.91903,245.58739,103.17478,245.0,100.818865644572,1521621048471,1521621048310
slip,282.0,86.0,5646016,266.0,73.0,257.98517,64.98516,252.88039,57.133972,250.2046,55.204605,250.0,55.05646165,1521621050065,1521621049894
slip,312.0,137.0,5648107,284.3169,150.63116,265.50766,158.95514,246.86082,166.72466,222.22385,184.05414,220.0,186.05648225,1521621052127,1521621051974
slip,83.0,216.0,5648568,115.81159,214.52354,157.75253,207.15671,246.09592,186.97601,266.0,182.05648666,1521621052569,1521621052406
slip,102.0,170.0,5649339,128.33118,170.0,153.6339,166.5258,189.75516,164.46854,225.40373,163.02385,262.0,160.0,301.61398,154.28876,333.0,146.55649508,1521621053410,1521621053272
slip,310.0,136.0,5659104,280.09854,147.95451,232.99472,162.29436,137.77078,197.2535,83.0,232.05659209,1521621063110,1521621062964
slip,262.0,137.0,5660907,225.91493,150.14722,145.96587,185.75842,72.64623,232.24513,64.0,239.05660973,1521621064876,1521621064726
slip,288.0,213.0,5664240,200.41481,239.35335,115.69875,261.33047,99.45055,262.462465664316,1521621068220,1521621068050
slip,330.0,177.0,5670120,316.0,184.0,262.07697,200.69229,153.0566,248.24391,100.5,275.05670206,1521621074107,1521621073961
slip,147.0,197.0,5675879,179.90128,188.0,202.53435,187.43105,223.08356,187.0,242.92348,187.0,263.7857,187.0,287.91983,184.07715,308.5,178.05676082,1521621079982,1521621079834
slip,293.0,156.0,5676302,231.83507,166.74652,147.29181,204.7938,78.198784,247.17475676379,1521621080278,1521621080141
slip,278.0,165.0,5677011,227.50537,175.99881,185.50511,186.12372,113.59992,218.72313,81.80328,248.429875677117,1521621081016,1521621080894
slip,249.0,206.0,5678860,269.48306,222.96613,272.16623,225.08311,274.31784,225.0,280.2658,225.05678987,1521621082886,1521621082776
slip,125.0,154.0,5690688,168.4372,163.36977,212.24445,164.0,271.99966,163.20456,308.12616,161.70528,330.95148,161.0,333.0,161.05690847,1521621094748,1521621094604
slip,101.0,251.0,5691488,115.0,251.0,154.47925,244.44354,222.8431,228.47198,294.58246,209.52954,330.5,193.55691594,1521621095497,1521621095354
slip,274.0,185.0,5692214,217.68573,197.23543,129.40913,232.83005,78.61581,261.7512,53.0,278.55692312,1521621096213,1521621096039
slip,166.0,179.0,5701340,199.47226,171.0,224.95375,168.25578,266.26367,163.97803,317.39905,158.589575701456,1521621105357,1521621105194
slip,66.0,222.0,5701961,105.33851,227.0,141.29987,223.4154,216.03566,213.11792,274.16302,201.95924,321.49216,188.64284,349.5,175.05702108,1521621106010,1521621105844
slip,275.0,195.0,5702457,225.65828,214.22905,142.90985,247.20297,83.39445,268.3227,56.5,273.05702535,1521621106436,1521621106284
slip,308.0,160.0,5703081,270.01385,169.44377,205.43195,192.51114,136.85446,219.85822,92.91133,250.57509,58.632504,282.36755703198,1521621107097,1521621106963
