slip,315.0,190.0,961680,291.3857,177.97922,271.59717,177.0,236.21082,185.85805,180.9682,203.21617,121.04631,228.44609,78.000786,248.4996,62.16215,258.22522961838,1521717555693,1521717556141
slip,300.0,200.0,972073,263.3029,200.0,228.973,210.43372,183.63092,221.93396,122.67014,239.87573,70.5,260.5972181,1521717566039,1521717566482
slip,93.0,205.0,983104,113.0,200.0,139.78043,195.23294,178.35648,194.0,248.5261,194.45987,327.9611,202.34546983219,1521717577076,1521717577519
slip,127.0,193.0,983937,145.0,189.0,176.50493,186.26167,211.19098,183.34627,269.49484,181.98625,334.62143,183.26195,337.5,183.0984063,1521717577919,1521717578387
slip,290.0,216.0,993992,268.0,216.0,230.55939,215.76733,191.67781,224.71733,122.62874,240.90166,77.688934,254.95712,61.98944,259.0035,59.0,260.0994119,1521717587978,1521717588425
slip,292.0,227.0,997667,258.03003,227.0,244.42737,236.19087,226.96893,243.8323,211.30573,250.84714,194.67804,257.7288,167.52144,265.07034,147.46791,270.46646,127.74926,273.70847,116.91135,273.0,111.5,274.5,108.091385,275.0,108.0,276.48053,108.0,277.5,108.0,278.0,108.0,279.0998086,1521717591941,1521717592416
slip,300.0,210.0,1005244,259.41867,210.0,229.47546,214.17868,193.79092,221.60158,147.28365,231.54993,111.01413,242.99529,90.0,251.51005380,1521717599236,1521717599725
slip,75.0,190.0,1014956,108.66363,200.53273,148.22443,206.84807,234.0,214.0,293.71808,216.0,300.0,216.01015084,1521717608940,1521717609392
slip,74.0,163.0,1015608,91.0,167.0,117.87567,172.71066,155.36327,179.22722,226.41827,185.02559,302.99152,189.33302,334.5,190.51015735,1521717609595,1521717610036
slip,304.0,208.0,1026208,284.0,208.0,260.11642,210.28082,235.10225,215.45216,203.31926,224.56024,154.00851,239.115141026324,1521717620181,1521717620636
slip,281.0,138.0,1036358,233.18164,152.39063,176.13602,168.98694,101.398605,197.13766,63.341152,208.79765,46.95753,214.01416,33.181156,221.761781036486,1521717630343,1521717630794
slip,99.0,159.0,1038625,136.4061,161.85323,193.48236,170.10847,289.68634,181.95518,355.5,202.51038730,1521717632585,1521717633042
slip,137.0,186.0,1039296,151.0,186.0,173.48003,187.84941,205.19069,190.14503,245.99004,190.66634,331.0,191.01039403,1521717633258,1521717633785
slip,318.0,176.0,1039735,290.71124,176.0,263.95923,181.01073,224.91623,190.10777,166.09851,205.22537,110.67694,227.09033,87.3884,240.41016,74.0,251.01039873,1521717633732,1521717634146
slip,319.0,197.0,1040441,305.0,197.0,286.84,197.0,264.00427,198.99878,234.65475,205.25624,201.21574,212.85677,168.6462,222.41203,139.39095,236.00566,133.0,240.01040589,1521717634448,1521717634869
