slip,253.0,127.0,467560,209.09943,131.7092,164.32831,138.69138,83.930405,151.95685,68.21515,160.98738,67.0,162.0467657,1521718861870,1521718862330
slip,291.0,205.0,470210,248.47874,208.70425,202.70064,212.0,120.20082,214.67758,77.86922,215.0,45.79145,219.39316,43.0,220.0470326,1521718864540,1521718864986
slip,322.0,162.0,476696,305.0,162.0,267.41574,173.70023,220.53232,185.00945,145.11049,208.71358,86.5,231.0,53.5,246.5476822,1521718871035,1521718871511
slip,292.0,195.0,478149,271.0,195.0,229.51627,206.69675,163.13837,221.53848,105.77271,238.79546,68.14145,258.57236,63.407566,261.7283478265,1521718872479,1521718872934
slip,91.0,146.0,497383,67.86532,166.13467,60.79516,168.60242,55.70399,169.0,48.66886,169.0,45.57601,166.62668,42.924408,162.92441,41.5,160.0497530,1521718891746,1521718892207
slip,252.0,157.0,500673,221.0,161.0,168.13835,169.3275,82.5,183.5,64.72962,191.08539,26.0,207.5500778,1521718894991,1521718895479
slip,306.0,103.0,507822,253.53549,132.4313,178.54102,153.90659,114.33012,174.42719,63.1272,207.4891,52.0,219.0507938,1521718902152,1521718902604
slip,313.0,145.0,509499,269.0016,163.19176,215.6939,181.98526,151.15427,202.85939,114.81279,216.3202,78.68706,238.67784,63.30941,251.30621509626,1521718903838,1521718904324
slip,230.0,165.0,512085,212.3257,174.4263,171.32475,191.22165,92.091385,221.7542,68.0,235.5512157,1521718906372,1521718906841
slip,305.0,185.0,519606,64.0,249.0519734,1521718914538,1521718914967
slip,267.0,188.0,522290,208.76735,200.65118,153.84723,210.74338,90.37362,226.58589,66.21528,239.8789,66.0,240.0522395,1521718916609,1521718917068
slip,131.0,177.0,522865,168.26363,172.53069,214.17151,174.01039,309.30194,187.12465,337.0,193.0522971,1521718917187,1521718917632
slip,144.0,195.0,523358,187.35086,188.9117,290.99875,203.23148,369.0,217.5523463,1521718917679,1521718918119
slip,286.0,172.0,532035,233.89363,199.0456,164.26253,221.74611,123.91444,234.39255,76.577255,247.54936532140,1521718926354,1521718926819
slip,227.0,205.0,533317,204.0,205.0,155.93666,203.96979,155.0,204.0533422,1521718927642,1521718928118
slip,142.0,280.0,535838,125.0,280.0,109.62307,284.81967,101.76339,286.0,94.63843,286.0535944,1521718930157,1521718930628
slip,291.0,218.0,540658,235.48262,232.58093,182.91188,242.28549,140.81448,248.84348,104.18037,251.63649,77.50453,253.31776,64.5,254.5540784,1521718934998,1521718935479
slip,191.0,253.0,543360,210.89944,253.0,229.02563,261.3419,246.1413,264.52356543478,1521718937690,1521718938161
slip,260.0,157.0,544107,225.0529,164.7572,168.84439,188.88538,117.26134,215.79218,83.77747,240.47397,79.0,245.0544206,1521718938421,1521718938873
slip,249.0,174.0,546898,229.0,183.0,194.85304,198.07349,161.31258,214.13687,113.67839,240.56516,90.917496,260.82736547004,1521718941216,1521718941685
slip,126.0,205.0,547560,162.99661,198.42906,198.91321,199.82971,239.61539,200.0,286.75836,200.0,289.0,200.0547676,1521718941894,1521718942349
slip,154.0,162.0,548030,203.5309,154.102,253.96591,157.99794,254.0,158.0548136,1521718942354,1521718942809
slip,293.0,193.0,548478,245.67451,203.13348,188.81367,222.51521,119.16993,246.96657,87.35291,259.0805,70.5,269.0548584,1521718942798,1521718943257
slip,264.0,216.0,548820,220.02672,216.0,180.58826,215.0,146.91197,216.91315,123.553986,222.98561548918,1521718943131,1521718943589
slip,246.0,133.0,554493,113.0,167.0554611,1521718949443,1521718951289
slip,307.0,199.0,555177,248.58376,185.64116,125.0,152.0555284,1521718950089,1521718951295
slip,125.0,126.0,555530,341.0,195.0555629,1521718950100,1521718951302
