slip,158.0,303.0,574618,144.0,303.0,137.25244,298.50293,129.02689,295.60538,127.19593,293.09796,124.15151,290.15152,124.0,290.0574756,1521716993163,1521716993639
slip,280.0,192.0,589343,263.0,192.0,238.01747,189.07132,209.25563,188.0,171.02919,189.5842,99.0,203.5,45.60197,221.77426,29.0,228.0589480,1521717007887,1521717008360
slip,203.0,218.0,596160,246.64003,208.0,294.5,215.5596245,1521717014656,1521717015130
slip,157.0,168.0,596756,171.0,168.0,209.05814,191.89214,313.42273,244.21136,348.0,264.5596854,1521717015261,1521717015722
slip,191.0,164.0,597407,223.0,174.0,271.51,190.17,329.6401,208.3508,340.0,215.0597557,1521717015965,1521717016431
slip,266.0,215.0,598003,213.2887,210.07974,145.38379,212.35616,82.0283,220.2587,67.0,226.0598081,1521717016486,1521717016971
slip,277.0,203.0,598413,240.80641,208.35106,203.19556,213.62624,131.15825,221.80492,77.27421,229.01773,63.036972,237.67412,50.151222,241.49046,46.0,243.0598551,1521717016959,1521717017435
slip,148.0,229.0,598989,186.78445,218.82597,232.50012,224.82814,292.50452,238.287,333.5,250.0599128,1521717017533,1521717018014
slip,234.0,187.0,605872,205.85414,187.0,177.47752,191.59352,143.37276,191.30347,111.95826,192.25209,82.5,192.0605977,1521717024381,1521717024867
slip,158.0,195.0,616491,320.0,264.0616589,1521717035929,1521717036392
slip,191.0,172.0,617003,322.0,208.0617110,1521717035937,1521717036479
slip,297.0,239.0,617303,54.0,242.0617441,1521717035945,1521717036499
slip,289.0,203.0,617738,77.0,263.0617848,1521717036524,1521717036971
slip,118.0,210.0,631783,140.0,216.0,176.46584,222.29123,223.62276,229.93713,321.9237,255.14954,330.0,258.0631888,1521717050295,1521717050791
slip,117.0,190.0,632401,155.15479,190.0,196.0158,192.03378,240.51349,193.0,303.86896,204.92184,347.68042,224.51382632561,1521717050965,1521717051432
slip,131.0,246.0,633886,160.23862,234.92657,193.14621,227.82115,236.42499,224.6125,310.6479,238.21596,319.0,241.0633993,1521717052400,1521717052879
slip,96.0,194.0,634774,110.0,194.0,122.26257,194.0,142.30536,200.44275,169.91037,206.98112,197.57623,214.02408,225.75061,220.9475,272.70782,231.96832,319.10327,246.03549634953,1521717053356,1521717053856
slip,99.0,179.0,635520,122.0,192.0,154.36421,195.64058,198.0435,197.4153,315.86453,192.65503,362.1429,184.54439635638,1521717054046,1521717054538
slip,315.0,205.0,636311,286.91855,210.81628,268.71603,215.32098,236.57353,220.89572,193.31891,228.5027,144.89665,237.1947,111.95035,247.43921,80.0539,258.86493,67.0,260.0636471,1521717054879,1521717055361
slip,234.0,202.0,644402,234.0,182.0,222.35712,159.78566,214.83391,146.30623,209.02803,138.0467,204.4833,135.4833,201.72374,133.86188,197.44633,132.0,192.5,132.0644572,1521717062977,1521717063438
slip,277.0,213.0,648323,258.0,213.0,243.74084,213.0,219.56223,215.91968,190.32246,212.56026,152.52798,209.35027,101.03463,203.50433,64.12561,201.0,59.0,201.0648502,1521717066906,1521717067368
slip,151.0,115.0,656805,143.0,160.0656985,1521717075768,1521717076250
slip,114.0,163.0,671404,158.09283,153.6816,232.5029,153.35799,346.33655,159.4091671509,1521717089913,1521717090396
slip,152.0,160.0,672086,195.76395,161.897,278.14856,174.56738,355.0,190.5672173,1521717090579,1521717091047
slip,214.0,140.0,672791,182.48227,141.02515,141.98912,148.20218,60.0,161.0,30.404726,184.4474,12.5,196.5672898,1521717091304,1521717091795
slip,318.0,156.0,675974,311.0,177.54158,315.2058,195.61745,316.0,198.0676118,1521717094522,1521717094986
slip,100.0,229.0,685637,132.4857,224.23517,182.65674,221.42786,316.82355,208.14973,364.0,198.5685741,1521717104148,1521717104624
slip,299.0,242.0,686523,278.0,242.0,245.11783,241.39642,204.44423,241.0,127.98871,243.37079,81.98284,250.90884,67.6497,252.78343,51.82646,257.65207686660,1521717105067,1521717105521
slip,278.0,247.0,687389,253.52206,234.00882,224.07106,231.0,108.61349,233.72,43.5,247.5,43.008953,247.49553,42.0,248.0687516,1521717105921,1521717106401
