slip,162.0,180.0,2955561,177.0,180.0,189.32741,180.0,205.99084,188.55835,210.5,195.02955678,1521702351380,1521702351471
slip,312.0,199.0,2963792,288.0,195.0,241.23605,201.40062,132.92899,217.38374,76.69851,227.38358,43.0,236.52963909,1521702359606,1521702359681
slip,326.0,180.0,2966229,295.22095,173.79143,259.48688,171.62987,188.57782,172.8804,102.92275,188.44028,58.900253,209.26163,42.25283,220.810382966367,1521702362065,1521702362126
slip,322.0,207.0,2967864,271.9168,205.07973,209.43987,199.7457,131.16667,196.87848,71.09422,212.2499,51.5,217.02967979,1521702363681,1521702363772
slip,258.0,206.0,2972823,234.01257,197.6044,190.57585,199.0,135.13681,203.44542,49.169563,220.30264,33.0,225.52972919,1521702368618,1521702368704
slip,279.0,200.0,2974367,254.7748,200.0,148.2922,204.0,40.99213,205.400122974437,1521702370135,1521702370222
slip,275.0,154.0,2977038,178.26018,146.189,37.0,170.02977098,1521702372800,1521702372872
slip,301.0,180.0,2986939,78.0,177.02987067,1521702384096,1521702384169
slip,299.0,159.0,2987767,119.0,142.02987848,1521702384114,1521702384188
slip,325.0,191.0,2988371,286.87256,191.0,48.0,223.02988522,1521702384796,1521702384891
slip,132.0,163.0,2989162,166.6162,164.06161,206.61244,170.27802,325.9428,197.55428,358.0,204.52989280,1521702384981,1521702385037
slip,299.0,160.0,2989944,278.0,160.0,246.78287,170.32695,187.37404,189.05214,98.01772,212.90054,32.5,226.52990060,1521702385763,1521702385842
slip,319.0,192.0,2991088,283.00027,192.0,249.60085,195.14067,194.3628,201.56827,114.09897,213.00218,84.40662,220.16483,49.0,232.02991237,1521702386934,1521702387017
slip,293.0,198.0,2991824,267.1376,198.0,236.84058,201.1947,194.55186,205.94292,98.45027,218.8089,62.4866,219.06082,45.5,216.02991974,1521702387671,1521702387766
slip,126.0,185.0,2992390,198.13893,187.1873,307.94327,201.66652992488,1521702388191,1521702388276
slip,119.0,164.0,2993183,173.12791,164.0,263.364,177.03174,366.35968,196.543092993290,1521702388990,1521702389061
slip,298.0,182.0,3000760,261.9804,189.33987,215.29999,198.81876,125.253624,219.26868,68.1483,229.21518,45.5,233.53000867,1521702396565,1521702396647
slip,244.0,142.0,3006023,190.9563,152.52934,46.5,172.5,55.417885,165.583393006092,1521702401789,1521702401863
slip,304.0,161.0,3009792,268.50183,168.53818,232.98746,168.0,153.92264,163.02762,100.0,160.53009907,1521702405607,1521702405682
slip,301.0,143.0,3011982,271.68756,152.99551,250.14618,157.37076,213.6095,159.0,163.2959,159.348,108.0,160.53012098,1521702407799,1521702407889
slip,294.0,160.0,3015606,277.79242,154.93513,245.72073,151.94228,197.9011,149.90315,118.37198,149.292,64.03664,157.875893015714,1521702411411,1521702411491
slip,288.0,165.0,3016743,243.5783,161.11473,135.70198,145.386,98.31873,147.12933,75.16574,153.772983016834,1521702412531,1521702412611
slip,305.0,172.0,3032664,258.67322,180.35019,216.77017,184.44499,161.50049,189.07138,86.26057,193.740653032780,1521702428478,1521702428625
slip,304.0,164.0,3035828,285.87396,164.0,246.60426,162.72842,187.69969,167.08652,107.202705,176.90868,61.295433,187.08183,49.0,192.03035944,1521702431644,1521702431726
slip,262.0,154.0,3037351,175.37196,173.438,92.818565,183.38678,57.380966,186.7619,38.713326,188.78583,29.0,190.03037451,1521702433157,1521702433242
slip,298.0,154.0,3040167,273.02255,148.0,243.23126,153.18303,163.40808,169.92717,65.0,193.5,22.0,218.03040294,1521702435992,1521702436071
slip,317.0,178.0,3042283,251.94464,187.16875,157.69205,195.74646,84.485535,205.84363,45.0,210.03042391,1521702438089,1521702438176
slip,276.0,189.0,3047011,253.68678,189.0,203.0,189.0,145.39255,190.0,74.5,184.03047092,1521702442789,1521702442878
slip,296.0,176.0,3047874,253.50052,173.5883,216.05063,176.27393,158.8478,179.45877,93.19165,184.88083,73.175316,189.240843048001,1521702443698,1521702443786
slip,313.0,191.0,3050054,278.80396,186.37256,236.68251,182.12943,141.68448,168.77197,136.0,168.03050134,1521702445832,1521702445953
slip,287.0,185.0,3050780,242.1139,182.11162,195.98291,182.62955,111.499115,187.5073,80.85846,190.74461,68.0,193.53050897,1521702446595,1521702446681
slip,298.0,195.0,3061242,70.0,212.03061360,1521702458134,1521702465037
slip,309.0,144.0,3062311,67.0,161.03062429,1521702458146,1521702465048
