slip,273.0,268.0,5254612,256.0,261.0,243.34926,258.7443,223.2002,258.0,183.92725,260.20728,135.32248,263.7627,69.02267,267.1283,56.5,265.55254771,1521707067042,1521707067075
slip,273.0,246.0,5273976,243.2182,246.0,202.82599,245.20807,163.4944,245.3656,119.59011,244.28688,78.67302,246.906165274074,1521707086346,1521707086402
slip,303.0,255.0,5290311,284.0,248.0,252.6673,246.0,218.70847,248.08331,185.90367,251.00803,161.87688,253.24396,135.5,254.55290448,1521707102719,1521707102796
slip,204.0,242.0,5291015,242.93657,232.01268,273.645,227.25325,304.02722,222.853265291114,1521707103385,1521707103437
slip,148.0,223.0,5291861,171.0,219.0,195.0,217.55291957,1521707104234,1521707104295
slip,297.0,224.0,5307621,277.81378,226.30498,258.8441,229.08257,235.39516,230.0,215.83377,231.24356,201.37956,228.12653,198.0,227.05307734,1521707120008,1521707120090
slip,299.0,221.0,5318151,269.4389,225.0,244.38751,227.06805,217.9895,227.0,192.04883,227.0,164.0,221.05318259,1521707130531,1521707130596
slip,298.0,242.0,5337127,278.0,238.0,256.6869,239.89432,215.74327,244.84152,175.66286,248.02498,137.40971,250.5727,125.65718,249.39716,113.75122,243.857835337297,1521707149568,1521707149619
slip,181.0,222.0,5337585,222.20154,217.24432,266.5017,214.10333,322.26318,208.288095337703,1521707149976,1521707150018
slip,185.0,204.0,5338666,209.09653,204.0,228.88187,204.0,254.62491,204.0,284.5784,206.64325,312.2867,208.1826,331.5,209.55338814,1521707151088,1521707151160
slip,294.0,212.0,5348111,273.0,218.0,243.68495,222.41042,201.57417,228.69272,174.99103,230.90045,149.02599,229.50217,138.7839,228.648655348212,1521707160482,1521707160525
slip,301.0,210.0,5358244,274.2089,210.0,241.8571,217.26192,208.4755,219.38971,175.88692,221.33871,153.80122,221.18675,151.0,221.05358354,1521707170625,1521707170670
