slip,283.0,239.0,3580582,230.60825,241.03264,191.00081,246.34471,115.477,257.58838,75.01766,266.9092,58.5,270.53580687,1521703218466,1521703218554
slip,306.0,226.0,3590264,277.4034,224.64034,239.46448,229.04568,149.46277,250.6766,88.228325,277.03107,48.5,296.53590369,1521703228150,1521703228251
slip,286.0,207.0,3601026,248.26797,209.56209,209.69003,219.98073,122.622086,248.12598,79.51019,265.85553601124,1521703238903,1521703238992
slip,308.0,249.0,3602031,257.35434,249.0,220.06526,250.99432,170.5466,257.35403,119.434944,268.12402,111.0,274.03602157,1521703239939,1521703240021
slip,155.0,231.0,3602627,192.24895,238.82855,245.29059,252.14404,341.0,267.03602734,1521703240514,1521703240607
slip,134.0,219.0,3603388,166.0503,215.0,210.57153,215.0,329.71173,227.238393603493,1521703241272,1521703241343
slip,267.0,222.0,3613142,233.80444,230.08691,169.38622,251.03203,103.86313,284.88213613208,1521703250987,1521703251045
slip,271.0,220.0,3622803,221.85788,229.14268,144.99794,253.33401,75.5,286.53622869,1521703260650,1521703260737
slip,287.0,219.0,3641164,252.04434,221.63402,224.17882,229.94635,179.30554,242.67563,126.576294,257.666533641251,1521703279031,1521703279115
slip,317.0,214.0,3647014,270.6747,218.70006,234.28198,228.36122,152.67209,250.54398,115.22252,266.93094,115.0,267.03647119,1521703284899,1521703284985
slip,330.0,185.0,3651096,277.15817,191.28061,236.78922,205.81882,140.68436,247.23463,93.79997,264.981843651212,1521703288991,1521703289063
