slip,314.0,168.0,5321853,286.0,173.0,234.59721,184.74184,133.61288,217.99782,71.25828,248.70958,62.0,253.05321950,1521620355303,1521620355149
slip,308.0,179.0,5330616,283.0,187.0,176.14464,217.09592,90.96506,253.63353,71.0,264.05330721,1521620364067,1521620363930
slip,265.0,190.0,5332700,221.00653,196.59138,162.82785,213.8557,76.33634,254.73865,63.0,264.05332786,1521620366131,1521620365982
slip,151.0,206.0,5343108,179.0,206.0,223.4533,198.86237,296.6666,189.6,334.57175,182.55353,339.0,182.05343224,1521620376573,1521620376421
slip,180.0,177.0,5343974,200.0,177.0,230.2281,189.02985,273.86172,195.6634,297.5,198.55344079,1521620377427,1521620377271
slip,317.0,154.0,5353987,278.41922,156.51393,225.0598,165.14845,114.46616,190.66016,57.482967,215.713425354084,1521620387429,1521620387292
slip,223.0,146.0,5362362,102.84663,198.60495362397,1521620395744,1521620395602
slip,52.0,145.0,5375957,46.28675,121.66586,55.5,114.55376062,1521620409407,1521620409255
slip,86.0,205.0,5380488,133.56926,189.6091,201.70078,171.43987,283.8649,158.49146,347.18073,154.711875380604,1521620413953,1521620413790
slip,106.0,189.0,5381128,132.87502,190.41072,167.76674,192.0,215.59581,184.38414,286.59418,169.09018,313.84195,163.4188,322.0,162.05381245,1521620414594,1521620414451
slip,94.0,229.0,5381619,119.0,229.0,179.09421,216.9234,266.50885,204.52151,313.27344,198.49724,326.0,197.05381769,1521620415114,1521620415030
slip,320.0,144.0,5382175,275.18924,147.5135,229.3339,156.4999,135.0816,180.14111,71.321434,204.58035,49.5,227.55382282,1521620415631,1521620415483
slip,74.0,208.0,5382571,116.52621,199.38951,207.42381,164.458545382669,1521620416018,1521620415892
slip,310.0,193.0,5383009,250.63698,183.35669,176.46968,182.8755,83.01112,194.63817,31.377998,216.8056,31.0,217.05383127,1521620416472,1521620416347
slip,295.0,170.0,5388993,271.0,170.0,215.86638,182.86118,107.00041,212.42845,54.74796,240.10004,26.5,261.55389092,1521620422440,1521620422314
slip,311.0,179.0,5393002,277.58612,188.72948,244.98466,202.50766,201.92177,225.06999,147.6455,256.39938,138.0,262.05393119,1521620426466,1521620426386
slip,231.0,163.0,5395342,167.13922,166.87341,97.66725,179.33324,45.75225,203.53214,22.0,221.05395439,1521620428784,1521620428643
