slip,271.0,182.0,428557,229.52083,175.0496,191.11906,177.60165,152.42625,184.5362,97.923615,198.92773,87.0,202.0428663,1521682813186,1521682813742
slip,242.0,179.0,439274,215.96344,172.1426,194.53271,165.86649,170.44128,159.81377,165.0,158.0439360,1521682823883,1521682824432
slip,310.0,156.0,446014,277.263,146.62778,250.49165,143.57806,220.39891,144.2948,190.5572,145.85793,165.28305,146.0,141.5,147.5446142,1521682830663,1521682831191
slip,206.0,184.0,446420,243.1976,185.49449,278.31735,186.0,317.26144,186.92441,319.0,187.0446527,1521682831050,1521682831571
slip,194.0,131.0,447159,232.82185,131.0,264.6987,135.0,294.1181,133.08017,306.0,132.0447285,1521682831809,1521682832341
slip,166.0,126.0,448771,195.81157,124.610405,230.58472,122.69661,270.27875,121.14313,298.76825,122.376015,320.5,122.0448909,1521682833429,1521682833965
slip,239.0,162.0,449304,200.32298,160.77432,176.67813,155.45976,151.25096,149.56274,122.57072,142.34904,98.73475,136.43369,86.0795,136.13493,85.0,136.0449444,1521682833965,1521682834513
slip,179.0,154.0,450085,192.1345,137.43275,195.49469,138.0,199.0,138.0,209.29517,138.0,227.42473,142.98996,249.19936,144.94662,283.0863,150.15108,292.0,151.0450265,1521682834788,1521682835344
slip,279.0,125.0,450769,242.91805,118.269005,207.40479,119.28675,172.59262,122.5101,143.51527,127.24745,124.0,130.5450875,1521682835395,1521682835944
slip,300.0,161.0,451378,285.0,157.0,252.26433,151.12643,217.69849,149.46515,182.9491,150.09322,149.82196,154.92285,126.40059,158.21326451506,1521682836025,1521682836566
slip,281.0,168.0,457875,250.82101,168.0,228.53496,166.50499,208.60925,166.0,184.94574,166.0,167.09766,167.3771,147.76863,168.01929458013,1521682842531,1521682843072
slip,189.0,148.0,458408,229.24689,126.9177,262.62808,116.50449,294.69742,110.66387,302.0,110.0458525,1521682843047,1521682843584
slip,206.0,182.0,459584,238.3869,175.51616,275.34607,172.9867,315.5,173.0459681,1521682844202,1521682844752
slip,297.0,181.0,470066,272.51904,181.0,251.0,175.0,219.8765,179.0,185.92996,179.41374,157.81917,180.01004,136.0252,180.0,114.3137,180.7451,111.0,181.0470224,1521682854744,1521682855295
slip,299.0,151.0,481316,282.0,151.0,258.9039,155.65234,224.81744,160.66125,183.95076,164.48393,137.67966,165.0,116.278015,165.0,94.23534,164.06863,72.99671,158.77632,64.5,155.0481485,1521682866012,1521682866564
slip,201.0,155.0,490740,220.87393,139.56303,239.06073,129.9673,273.845,122.97568,304.32108,123.11053,332.0,135.0490877,1521682875400,1521682875951
slip,195.0,167.0,491712,262.90152,153.04807,312.9146,149.3688,319.0,149.0491809,1521682876334,1521682876877
slip,179.0,138.0,501222,204.0,138.0,239.79793,136.73035,281.7052,142.4931,339.5,159.0501327,1521682885849,1521682886390
slip,301.0,178.0,501594,243.73679,173.46681,209.41269,175.94841,157.82712,182.62593,89.33154,192.52406501702,1521682886220,1521682886771
slip,308.0,181.0,503540,274.0,172.0,220.82709,165.126,169.70572,162.0,132.79068,162.0,117.0,162.0503645,1521682888167,1521682888724
slip,312.0,193.0,505901,272.60983,184.0,240.75093,182.0,204.2016,181.0,173.3231,181.0,172.0,181.0506029,1521682890549,1521682891092
slip,271.0,158.0,513339,238.0,151.0,197.35902,142.699,163.1372,137.26715,142.33565,136.0,126.5,133.0513443,1521682897966,1521682898523
