slip,217.0,194.0,3513278,197.36679,194.0,165.62444,205.94899,127.31101,216.82596,75.37087,242.22093,72.0,244.03513365,1521617245692,1521617245554
slip,261.0,178.0,3519284,229.37889,178.0,190.40004,181.54482,123.727005,212.04056,78.41323,248.596,49.5,275.53519381,1521617251707,1521617251627
slip,285.0,199.0,3524788,256.01633,197.95795,206.72464,200.02174,96.99498,225.42047,43.95979,255.614263524874,1521617257201,1521617257067
slip,307.0,140.0,3525472,270.09647,144.18513,235.5,154.0,173.02097,175.99301,113.8463,210.36742,74.8069,237.09856,67.5,257.03525598,1521617257929,1521617257792
slip,197.0,161.0,3536646,236.73627,144.602,285.36676,131.43553,351.5,118.53536751,1521617269080,1521617268940
slip,153.0,181.0,3537266,170.0,185.0,215.74529,179.17307,288.1823,165.72717,341.9281,151.750153537371,1521617269699,1521617269553
slip,202.0,238.0,3546114,169.27188,243.35089,112.95158,261.91257,62.0,285.03546176,1521617278507,1521617278360
slip,277.0,201.0,3552088,238.35005,212.67628,156.48776,246.6747,88.117546,282.786,51.0,306.53552174,1521617284501,1521617284371
slip,284.0,214.0,3556030,238.71849,216.32935,163.14319,245.65497,80.64327,285.84174,52.5,308.03556117,1521617288447,1521617288295
slip,291.0,182.0,3557602,229.68028,188.46394,171.28793,199.2185,105.5,217.5,71.22609,241.997223557708,1521617290040,1521617289895
slip,219.0,169.0,3558211,189.41096,180.4735,148.43271,200.89558,80.637535,240.50339,58.3572,252.8214,52.5,267.03558308,1521617290636,1521617290499
slip,222.0,216.0,3565500,185.9451,225.5704,123.45593,256.00528,95.0,270.03565562,1521617297891,1521617297754
slip,92.0,219.0,3566011,125.500565,208.35712,169.87599,209.2292,268.18405,216.96088,281.0,218.03566118,1521617298450,1521617298310
slip,117.0,139.0,3566590,186.67308,160.09753,284.14877,210.7176,334.1678,244.917453566686,1521617299014,1521617298874
slip,301.0,180.0,3576752,269.0,186.0,199.07855,204.23334,112.572174,240.1668,68.375984,274.97327,65.0,278.03576850,1521617309182,1521617309030
slip,297.0,252.0,3578847,241.09009,251.06967,170.73517,266.89063,103.453735,296.43228,67.0,322.03578944,1521617311273,1521617311121
slip,268.0,234.0,3580750,249.7107,234.0,201.7496,249.56259,107.13315,286.089,85.0,299.03580821,1521617313151,1521617313003
slip,221.0,198.0,3581327,253.0,188.0,290.5,186.53581398,1521617313731,1521617313588
slip,162.0,278.0,3586927,142.64441,278.0,103.661644,282.66766,92.0,285.03586978,1521617319307,1521617319168
