slip,268.0,156.0,6264802,244.17891,158.84404,219.17346,164.09247,180.512,169.60977,107.787155,180.49324,61.878254,191.79451,33.70032,207.17356264939,1521622201708,1521622201549
slip,312.0,151.0,6272528,272.0271,161.38916,209.58508,183.1742,118.0,219.0,72.78887,250.043446272632,1521622209399,1521622209250
slip,322.0,162.0,6274664,280.86176,162.0,201.94443,183.01341,106.32613,220.39722,51.096752,252.814536274781,1521622211547,1521622211402
slip,114.0,222.0,6290703,129.0,215.0,165.22908,209.84636,203.78397,206.351336290790,1521622227556,1521622227391
slip,152.0,204.0,6291246,180.13086,204.0,205.4224,199.90613,243.04207,198.40585,287.07654,196.67694,330.69077,193.75847,336.0,193.06291374,1521622228145,1521622227983
slip,96.0,216.0,6291802,142.89032,207.35161,182.8883,202.62709,255.0,192.0,297.81247,189.80707,331.34988,184.89752,339.0,186.06291951,1521622228719,1521622228563
slip,84.0,240.0,6292454,112.12542,233.96864,127.65807,232.02849,149.2687,229.09184,169.50212,226.96652,194.59258,222.15874,219.62642,217.53651,243.77655,213.30586,273.49454,208.13245,294.62653,199.5494,315.423,191.2308,331.66776,186.06012,342.64554,177.795386292710,1521622229477,1521622229309
slip,227.0,217.0,6292902,193.8761,217.0,143.27292,219.9886,72.23115,235.0794,40.0,249.0,31.5,252.56293001,1521622229768,1521622229666
slip,315.0,200.0,6301773,294.0,190.0,265.284,190.65431,227.79791,198.32901,174.04231,213.41975,161.0,217.06301910,1521622238681,1521622238522
slip,89.0,228.0,6306837,136.17279,219.88953,177.98112,214.85916,249.0,208.0,285.07578,204.0,316.24432,204.06306975,1521622243746,1521622243633
slip,231.0,207.0,6307543,168.45355,219.5847,91.19382,254.16902,58.5015,285.372626307629,1521622244395,1521622244240
slip,94.0,252.0,6322033,122.30835,252.0,156.57648,253.14902,215.72342,250.47798,322.44153,244.15506,341.5,244.56322149,1521622258917,1521622258739
slip,69.0,241.0,6322652,97.748505,234.98885,137.21957,229.04314,211.42728,216.3958,270.067,207.27078,332.91455,196.23225,345.65347,187.933186322779,1521622259547,1521622259384
slip,113.0,227.0,6323345,142.124,223.74142,175.48187,217.25302,217.42165,211.12271,296.00443,201.30559,327.4747,200.0,329.0,200.06323474,1521622260244,1521622260121
slip,89.0,228.0,6324009,109.43465,223.01189,129.18933,219.16214,161.78192,213.60315,200.66176,206.88591,263.47006,196.60794,302.56906,186.98027,329.60602,181.7192,335.0,181.06324180,1521622260950,1521622260788
slip,254.0,241.0,6324329,220.26465,243.09192,170.71362,251.87637,93.62988,275.70053,71.46361,289.57547,63.0,295.56324427,1521622261197,1521622261040
slip,318.0,184.0,6334461,283.7086,188.90067,247.2925,202.2264,175.98042,233.49977,120.566696,261.71664,92.0,277.56334566,1521622271334,1521622271181
