slip,287.0,205.0,14096152,254.27858,205.0,222.29422,208.69038,193.06018,212.2042,168.97583,213.69417,147.26903,215.18207,139.5,215.014096278,1521374163596,1521374163808
slip,270.0,216.0,14096749,246.6753,216.0,227.35056,221.58908,200.79861,226.22685,176.9144,230.61713,158.01082,229.27371,155.0,229.014096866,1521374164177,1521374164359
slip,188.0,147.0,14107423,230.33487,156.57799,257.4545,159.91414,287.79227,163.02783,313.24417,165.79343,333.0,170.514107561,1521374174871,1521374175148
slip,198.0,173.0,14109142,237.73999,157.94714,266.00986,158.0,303.2168,160.2297714109260,1521374176575,1521374176783
slip,300.0,176.0,14109580,258.24094,176.0,219.90994,178.62231,186.75987,182.72383,158.83363,189.03564,146.74612,194.4461714109698,1521374177008,1521374177209
slip,263.0,227.0,14110179,230.1736,231.98071,220.51505,233.0,209.92726,233.0,205.7369,233.63155,201.61703,236.25531,201.38649,238.61351,197.70279,240.09908,197.33075,241.0,196.5,241.0,197.0,232.0,207.52322,228.31784,208.0,226.235,208.0,224.014110446,1521374177752,1521374177910
slip,273.0,167.0,14116441,232.02415,165.94402,210.64874,163.97298,189.18733,162.37053,171.59193,159.51839,160.5,155.514116557,1521374183864,1521374184088
slip,288.0,176.0,14119380,261.925,180.25961,239.0,184.0,219.85501,185.01036,207.09438,183.88411,200.5,182.014119485,1521374186795,1521374186977
slip,295.0,219.0,14120051,270.48526,215.90373,250.5435,212.31439,229.81421,210.1296,205.1713,210.52191,185.45699,211.96484,170.48427,212.49857,159.5,211.514120190,1521374187500,1521374187750
slip,197.0,175.0,14120693,228.0523,167.86317,263.08044,164.32999,302.07007,161.6114120790,1521374188097,1521374188288
slip,168.0,178.0,14121066,216.49287,166.95071,248.784,165.00938,276.75385,162.48506,306.14227,163.05711,327.5,164.514121226,1521374188537,1521374188759
slip,204.0,180.0,14121675,226.72217,170.0926,238.22026,164.302714121773,1521374189080,1521374189272
slip,164.0,253.0,14124754,151.0,267.0,148.0,276.91312,148.0,289.1398314124851,1521374192158,1521374192325
slip,235.0,196.0,14126036,214.56978,196.0,208.94653,196.0,200.0,190.014126122,1521374193436,1521374193598
slip,258.0,175.0,14132008,228.66342,183.22276,203.94366,190.68169,179.48746,199.80502,161.61655,201.85304,155.1904,200.07616,155.0,200.014132125,1521374199433,1521374199618
slip,291.0,212.0,14132583,269.04813,212.0,247.30011,207.09378,220.69962,203.44368,195.14743,198.84955,175.68768,197.36877,167.53632,197.014132712,1521374200018,1521374200233
slip,173.0,158.0,14135011,209.33003,158.0,243.18967,162.3128,284.83926,165.87843,324.0,167.514135116,1521374202426,1521374202634
slip,239.0,197.0,14135757,220.85863,197.0,196.09369,198.65625,168.6853,199.0,146.49734,197.0,135.021,197.014135855,1521374203163,1521374203322
slip,246.0,208.0,14136248,214.66881,214.61874,186.09946,216.313,150.837,212.37004,107.442566,204.2038,70.934685,196.2077,58.132362,190.0661814136376,1521374203686,1521374203868
slip,177.0,221.0,14141740,311.0,217.014141879,1521374210698,1521374210886
slip,201.0,160.0,14142242,303.0,173.014142381,1521374210717,1521374210983
slip,179.0,207.0,14142947,317.0,178.014143119,1521374210750,1521374211001
slip,153.0,201.0,14143674,333.0,178.014143868,1521374212829,1521374213060
slip,244.0,176.0,14144240,132.0,196.014144357,1521374212864,1521374213083
slip,208.0,190.0,14144817,329.0,180.014144977,1521374212882,1521374213124
slip,288.0,194.0,14145319,119.0,211.014145479,1521374212924,1521374213202
slip,273.0,180.0,14145960,145.0,223.014146099,1521374215035,1521374215291
slip,281.0,199.0,14146612,118.0,209.014146806,1521374215053,1521374215307
slip,269.0,183.0,14147264,107.0,193.014147402,1521374215080,1521374215321
slip,151.0,185.0,14148034,317.0,169.014148205,1521374215759,1521374215926
slip,296.0,215.0,14148568,263.35358,215.0,243.75392,211.58464,216.47426,206.38603,189.86604,201.67436,169.5925,198.32193,152.03343,190.92429,144.32819,177.2384314148727,1521374216035,1521374216227
slip,199.0,178.0,14149145,213.0,178.0,246.44995,175.22144,281.0,173.5,313.5,171.014149262,1521374216571,1521374216772
slip,257.0,149.0,14152745,227.55995,153.58546,213.05664,156.20964,201.83397,157.59515,187.14876,161.95041,179.68257,163.32697,168.78145,164.0,162.66907,164.014152905,1521374220214,1521374220400
slip,292.0,180.0,14153546,274.0,180.0,255.23413,180.0,233.34131,183.93173,202.89749,186.72404,175.19539,189.75607,144.61539,192.82051,122.78411,191.55602,105.20282,187.07605,105.0,187.014153726,1521374221033,1521374221271
slip,266.0,158.0,14155172,228.09106,162.50905,204.6885,164.43254,178.75304,167.6173,158.38544,170.63301,145.6385,171.014155299,1521374222606,1521374222834
slip,313.0,186.0,14159745,296.0,186.0,271.82312,193.72563,244.88469,201.42091,212.64706,206.2255,178.0,211.5,162.67393,211.0,161.0,211.014159871,1521374227185,1521374227496
slip,299.0,147.0,14161134,273.2928,141.97237,250.9,139.98666,227.6805,138.0,207.35843,136.87372,191.06352,138.6596,179.3872,139.014161261,1521374228568,1521374228766
slip,183.0,208.0,14162126,197.0,208.0,220.4761,206.81549,247.34872,201.47806,277.70438,187.26956,283.0,185.014162233,1521374229544,1521374229742
slip,170.0,157.0,14162543,193.88107,157.0,220.98671,157.0,255.21364,159.10114,288.5,160.5,316.0,163.014162693,1521374230008,1521374230195
slip,196.0,164.0,14167810,190.52232,140.21652,201.21654,128.78346,203.0,127.014167917,1521374235225,1521374235417
slip,273.0,233.0,14173154,249.7507,225.68767,225.68341,219.31558,207.05249,213.32384,188.83377,210.97229,173.0804,210.0,173.0,210.014173271,1521374240579,1521374240786
slip,224.0,200.0,14173719,182.9889,207.5902,153.72522,212.19122,122.85016,215.0,93.10391,215.0,75.5,209.014173836,1521374241147,1521374241358
slip,204.0,137.0,14175516,233.90414,142.0,262.1217,142.0,281.6334,142.0,294.51535,142.81442,308.29382,143.0,319.8925,138.0,330.0,138.014175708,1521374243015,1521374243229
slip,170.0,190.0,14183284,211.0,179.5,233.94127,175.4751,247.83241,175.0,252.98181,175.0,257.5,175.0,257.344,175.0,262.4569,175.0,270.01138,183.41367,280.62234,181.0,288.38098,175.09521,288.93216,177.0,290.5,177.014183602,1521374250912,1521374251124
slip,285.0,161.0,14183870,270.5096,161.0,247.35172,174.63733,221.3494,187.8253,198.80368,192.35515,174.82503,193.0,156.19331,187.85155,138.14807,180.24913,126.79828,167.59848,125.0,166.014184019,1521374251327,1521374251522
slip,202.0,173.0,14190870,182.63583,176.06523,168.76567,178.76988,148.10275,182.13803,126.7253,182.0,107.03246,186.82793,74.64915,192.18011,53.848022,193.0,50.0,193.014191048,1521374258360,1521374258584
slip,122.0,310.0,14191777,146.46866,304.02505,154.5,304.514191875,1521374259189,1521374259380
