slip,100.0,178.0,3245306,122.918274,174.0,134.5,184.53245421,1521702760922,1521702761020
slip,286.0,167.0,3255405,260.09042,167.0,221.2061,167.0,126.314896,166.0,58.604454,166.0,39.888107,171.33351,28.907627,187.028693255532,1521702771032,1521702771108
slip,315.0,176.0,3257703,301.0,176.0,267.48187,167.79016,220.73892,165.87088,118.75551,169.03732,54.485756,177.72714,36.0,186.53257818,1521702773319,1521702773391
slip,314.0,184.0,3259284,255.94243,184.0,173.61993,178.12885,78.61314,177.5663,28.880898,194.377173259401,1521702774902,1521702774967
slip,300.0,122.0,3261603,234.73013,117.973015,130.78157,129.85843,63.217415,151.628,37.869053,168.10713,18.5,195.03261719,1521702777220,1521702777298
slip,317.0,145.0,3265077,285.92325,128.4808,254.60759,123.37251,212.4145,122.0,133.15205,124.02175,71.534805,134.03807,67.0,135.03265204,1521702780708,1521702780800
slip,118.0,170.0,3265793,137.0,165.0,181.76682,163.0,279.61005,160.13719,372.0,165.53265900,1521702781403,1521702781464
slip,317.0,155.0,3268913,290.0,147.0,237.25493,145.14183,157.15439,142.0481,103.41005,141.0,63.5,147.03269029,1521702784533,1521702784623
slip,287.0,165.0,3273108,62.0,168.03273187,1521702789729,1521702789794
slip,285.0,131.0,3273774,60.0,153.03273913,1521702789743,1521702789834
slip,300.0,168.0,3274491,54.0,155.03274641,1521702790443,1521702790519
slip,149.0,151.0,3278487,141.0,107.03278626,1521702795631,1521702795699
slip,310.0,157.0,3281875,125.0,181.03281984,1521702798742,1521702798804
slip,287.0,137.0,3282955,83.0,153.03283039,1521702798781,1521702798842
slip,301.0,150.0,3289944,264.17993,151.67574,234.85211,154.1574,200.92807,159.04863,152.5,163.0,79.0,163.53290070,1521702805574,1521702805630
slip,177.0,167.0,3290831,224.30595,177.0437,282.9142,186.98474,283.0,187.03290913,1521702806414,1521702806486
slip,327.0,166.0,3296442,298.40195,167.01154,264.02094,168.0,177.91989,171.45819,87.28671,175.1005,22.5,169.03296558,1521702812061,1521702812132
slip,317.0,148.0,3308701,302.0,148.0,270.57306,153.56447,220.24622,154.0,110.00519,139.08414,58.318405,130.0807,54.0,132.03308827,1521702824331,1521702824387
slip,137.0,186.0,3312920,99.0,186.03313059,1521702829992,1521702830042
slip,158.0,162.0,3327532,192.5,199.03327649,1521702843150,1521702843219
slip,315.0,149.0,3329232,283.0,154.0,233.18,162.61032,116.64551,176.61783,84.26879,172.0,63.0,172.03329347,1521702844848,1521702844894
slip,314.0,201.0,3331433,294.0,197.0,273.38934,194.0,238.96791,200.25574,163.90892,211.3096,88.5,215.5,65.13607,213.22722,64.0,213.03331571,1521702847075,1521702847161
slip,231.0,153.0,3332898,241.0,170.0,242.5,192.53333013,1521702848513,1521702848543
slip,288.0,153.0,3340044,263.00632,153.0,223.82596,151.88664,134.83029,132.45363,75.33217,120.4918443340121,1521702855621,1521702855755
slip,293.0,196.0,3341465,237.75685,186.02446,176.7274,193.41817,86.650826,208.31134,62.582817,214.1043,49.5,218.53341574,1521702857078,1521702857148
slip,311.0,167.0,3342826,267.05737,157.67305,236.38176,158.74373,201.83974,164.30186,146.01752,172.66374,86.5847,178.46812,87.0,174.03342963,1521702858464,1521702858566
slip,312.0,171.0,3343553,296.0,171.0,264.0054,165.28596,226.23213,162.0,186.29276,160.39206,121.54872,154.19359,104.0,152.03343669,1521702859172,1521702859253
slip,174.0,277.0,3345775,159.0,277.0,151.26811,271.40216,144.88759,261.66275,144.0,248.28691,157.09586,239.213733345902,1521702861405,1521702861489
slip,299.0,186.0,3352979,249.20703,188.07552,210.15273,189.60951,165.34946,194.95007,98.00394,200.84601,74.77262,199.718173353106,1521702868608,1521702868686
slip,264.0,148.0,3353973,245.0,148.0,203.26845,154.50749,141.77614,156.58752,70.0,155.53354055,1521702869558,1521702869645
