slip,292.0,184.0,3211239,261.0,184.0,207.10942,190.33719,121.33116,215.83441,68.88439,242.0578,54.257256,254.90457,53.503838,258.5115,54.0,260.03211366,1521616880470,1521616880339
slip,322.0,204.0,3216370,282.22086,194.20439,241.30656,192.0,182.9797,200.21373,99.11554,240.60649,50.760902,275.561583216485,1521616885587,1521616885441
slip,317.0,183.0,3222151,276.1762,189.48138,236.65022,204.25616,164.06636,237.96683,121.87356,277.64804,93.5,307.03222256,1521616891359,1521616891232
slip,296.0,222.0,3225924,282.0,228.0,249.7885,236.96822,212.04527,247.06473,152.0005,267.87863,112.05033,290.1373,90.0,303.03226039,1521616895143,1521616895012
slip,307.0,127.0,3226907,259.84125,142.38625,200.24518,165.89784,143.01567,196.1383,89.563705,231.0152,47.841507,272.15853227022,1521616896124,1521616896002
slip,174.0,196.0,3235968,196.8095,176.56917,247.30852,175.0,350.49683,186.19041,338.0,188.53236096,1521616905197,1521616905076
slip,238.0,172.0,3236707,274.21136,172.0,307.0743,168.83429,332.24664,164.550673236794,1521616905894,1521616905737
slip,294.0,223.0,3249082,265.2213,230.5835,233.5615,235.26924,179.48099,245.08861,95.6887,269.48734,58.5,284.03249187,1521616918295,1521616918202
slip,305.0,179.0,3258145,242.59514,179.0,170.30013,201.10506,104.35989,229.04114,53.96372,264.733283258251,1521616927351,1521616927234
slip,299.0,211.0,3267923,259.497,220.62575,211.69446,239.35365,144.26431,275.12256,95.5,304.53268020,1521616937120,1521616936991
slip,217.0,179.0,3268296,268.62012,167.67249,313.9242,169.59242,318.0,170.03268370,1521616937471,1521616937334
slip,116.0,202.0,3268766,174.4743,205.0,254.66132,206.54895,293.0,207.03268884,1521616937988,1521616937841
slip,293.0,198.0,3277777,243.3449,207.47723,184.45743,226.6611,110.2791,264.96164,54.870796,307.544923277874,1521616946975,1521616946865
slip,253.0,206.0,3282929,193.00887,222.67572,102.10551,253.76462,55.22661,286.77343283015,1521616952116,1521616952024
slip,276.0,204.0,3287310,225.80902,212.34875,163.92032,239.3028,105.58686,275.74744,64.5,305.53287407,1521616956511,1521616956379
slip,244.0,202.0,3289416,195.53781,206.54715,147.5776,216.57014,63.28129,241.14452,44.63738,258.36263289512,1521616958614,1521616958493
