slip,138.0,244.0,969692,170.73526,234.2353969798,1521683839068,1521683839626
slip,274.0,171.0,978722,218.91039,172.8806,136.23048,183.73376,79.50059,200.24971,59.217415,209.85092,56.0,211.0978827,1521683848102,1521683848618
slip,230.0,165.0,988243,179.28409,163.49112,128.94955,166.00296,89.717224,177.87877,43.25445,205.29262988340,1521683857610,1521683858159
slip,252.0,169.0,989739,214.90894,169.0,184.38498,168.23773,150.04736,176.41504,120.5,185.5989835,1521683859108,1521683859658
slip,191.0,173.0,998747,227.63165,173.0,281.24567,168.19298,350.5989,170.8454998844,1521683868115,1521683868667
slip,243.0,172.0,999324,264.68457,154.3988,302.71634,151.3113,322.0,152.0999420,1521683868694,1521683869189
slip,287.0,130.0,1012722,88.0,128.01012829,1521683883503,1521683884012
slip,289.0,200.0,1013277,127.0,185.01013384,1521683883547,1521683884075
slip,265.0,159.0,1014004,87.0,167.01014132,1521683883555,1521683884098
slip,206.0,169.0,1014410,73.0,199.01014538,1521683883833,1521683884364
slip,274.0,210.0,1014763,90.0,193.01014923,1521683884533,1521683885104
slip,274.0,130.0,1015158,155.44772,131.88399,119.66246,131.6535,84.39186,128.5667,61.773094,125.195861015318,1521683884595,1521683885152
slip,145.0,179.0,1015735,212.59474,185.93245,314.3286,196.2766,321.0,197.01015834,1521683885109,1521683885655
slip,199.0,158.0,1016569,222.0,158.0,289.77863,169.13693,317.0,175.01016657,1521683885931,1521683886473
