slip,191.0,113.0,14703908,192.0579,87.94209,206.48663,77.17706,225.67516,70.9499614704024,1521374963382,1521374963561
slip,243.0,191.0,14712518,212.80417,191.0,188.20341,191.0,161.96458,188.0,130.52513,186.76448,113.54434,186.55696,110.0,187.014712646,1521374972005,1521374972188
slip,287.0,204.0,14713169,256.56677,209.54332,235.8436,210.0,213.65556,203.43248,187.76677,193.74263,163.33258,183.07379,138.99628,174.66542,129.5,168.514713307,1521374972665,1521374972875
slip,164.0,65.0,1480294,199.5,37.01480401,1521526049076,1521526048389
slip,227.0,212.0,1486708,186.2836,206.78139,160.18274,202.63655,141.97726,197.86647,129.69795,190.784261486813,1521526055487,1521526054780
slip,291.0,203.0,1489936,277.0,187.0,277.0,169.01490022,1521526058694,1521526057975
slip,182.0,43.0,1493206,162.58998,56.63716,152.55774,67.8493,152.0,74.01493277,1521526061954,1521526061260
slip,269.0,164.0,1496251,250.38834,171.87056,234.85089,173.93454,212.01381,172.87672,182.27219,169.47469,168.72229,165.43057,159.0,160.01496378,1521526065054,1521526064354
slip,271.0,180.0,1497865,254.0,180.0,223.515,175.7397,195.75557,173.26537,174.13599,171.1643,151.0,166.5,143.0,162.01497981,1521526066662,1521526065981
slip,304.0,154.0,1506339,280.0073,154.0,264.0,160.0,248.18893,158.0,226.74019,159.0,194.43193,157.976331506477,1521526075150,1521526074433
slip,165.0,142.0,1506798,192.0,142.0,236.28903,145.25433,283.5,144.5,333.0,131.51506915,1521526075590,1521526074896
slip,155.0,169.0,1507398,208.04446,169.50185,248.40077,174.20752,294.96344,174.90651,314.0,174.01507535,1521526076213,1521526075512
slip,252.0,170.0,1519389,224.09532,175.05624,209.15033,178.6549,194.00177,183.19946,179.8709,188.032271519495,1521526088169,1521526087494
slip,296.0,142.0,1523333,259.45218,147.75266,222.44075,148.2919,181.74545,147.0,143.0,145.5,116.428825,141.25978,115.0,141.01523459,1521526092133,1521526091432
slip,219.0,190.0,1529712,182.04541,190.0,153.86469,185.24019,128.18262,172.78842,113.58492,155.641541529819,1521526098492,1521526097808
slip,281.0,147.0,1530278,258.83975,154.74863,230.5087,159.55125,202.11424,160.64429,173.27194,159.7929,150.1503,156.90009,147.0,156.01530396,1521526099073,1521526098353
slip,296.0,139.0,1533731,270.18604,140.6951,253.87605,144.01126,240.07938,145.53824,214.96074,146.0,194.79355,148.6896,171.74509,150.84749,151.0,154.01533879,1521526102554,1521526101854
slip,285.0,185.0,1534457,255.13876,196.46532,235.4551,202.51497,212.47421,208.0119,188.02557,214.17195,172.73694,216.956921534616,1521526103291,1521526102600
slip,295.0,176.0,1541189,130.0,197.01541317,1521526110989,1521526110305
slip,289.0,107.0,1541798,110.0,147.01541958,1521526111005,1521526110324
slip,312.0,149.0,1542546,163.0,171.01542696,1521526111684,1521526110989
slip,212.0,214.0,1543155,190.0,214.0,169.99493,214.0,149.61935,214.0,125.50735,213.16716,96.89125,207.77824,79.22094,199.77675,77.0,198.01543295,1521526111972,1521526111244
slip,320.0,169.0,1545474,284.19275,165.58473,256.5,157.5,237.82169,153.95885,206.02402,145.4072,180.05528,138.77771,158.62563,131.00916,153.0,129.01545624,1521526114297,1521526113616
slip,163.0,132.0,1545913,197.64726,128.02266,216.66367,131.71364,241.68796,139.55528,268.8478,148.28261,293.5088,155.75146,316.57523,157.0,333.0,155.51546106,1521526114784,1521526114096
slip,202.0,158.0,1546650,223.0,168.0,244.0,172.5,265.88846,180.27338,291.42194,183.0,317.93808,172.506271546829,1521526115505,1521526114802
slip,260.0,155.0,1548981,229.07701,158.12085,193.78899,166.25229,158.89113,173.62762,132.74803,174.5496,112.5,170.51549086,1521526117760,1521526117053
slip,162.0,170.0,1549623,204.03568,162.9983,266.3245,151.26971,315.6016,137.52092,329.0,137.51549760,1521526118434,1521526117744
slip,262.0,189.0,1558686,225.94304,189.0,200.35341,192.0,171.53406,193.18242,143.88554,192.32698,119.31745,190.7545,108.0,192.51558823,1521526127496,1521526126840
slip,294.0,150.0,1560811,267.0,150.0,233.78577,154.21103,200.96207,160.4076,171.7238,159.32045,150.84033,156.2062,141.77809,142.556171560961,1521526129634,1521526128946
slip,280.0,184.0,1561409,248.9342,184.0,227.10416,180.59375,203.26361,173.08788,174.5,163.0,165.0,155.51561527,1521526130201,1521526129509
slip,161.0,174.0,1564446,193.351,166.0,233.73499,164.0,267.63245,166.94987,290.5,171.5,315.6931,183.84656,328.0,189.01564605,1521526133284,1521526132589
slip,299.0,165.0,1564915,278.0,165.0,238.9235,173.64919,194.79597,176.94315,150.76958,167.62827,121.5,156.5,121.0,142.01565032,1521526133708,1521526133022
slip,245.0,182.0,1565375,218.30035,170.30035,199.7886,163.68793,180.0,160.0,168.53925,160.10785,167.27083,160.0,167.0,160.0,175.77382,162.95638,179.0,165.12628,179.0,166.7891,179.0,168.16267,179.0,171.44524,170.18532,173.25925,170.26201,173.73799,170.0,175.23547,191.0,171.01565687,1521526134361,1521526133672
slip,210.0,283.0,1570539,189.98457,293.50772,179.06453,296.98386,171.89404,299.702,167.61786,302.25476,167.0,303.34622,167.0,305.01570675,1521526139349,1521526138622
slip,298.0,211.0,1572002,259.84662,217.3681,234.12155,216.84499,212.0689,212.51723,193.86125,206.95375,171.5,201.01572150,1521526140827,1521526140120
slip,307.0,149.0,1574375,292.0,149.0,266.40472,154.07294,233.34973,161.4572,203.41602,169.896,167.5,174.0,142.13422,175.22684,141.0,175.01574502,1521526143175,1521526142507
slip,127.0,160.0,1574864,155.28113,160.0,180.90446,163.47612,210.44348,173.35909,236.0,186.0,266.64093,195.16023,291.0,200.5,321.03824,195.24043,322.0,195.01575025,1521526143699,1521526143005
slip,150.0,147.0,1575689,178.71121,152.5192,209.10606,155.39105,252.823,153.70186,308.99942,146.428651575826,1521526144502,1521526143811
slip,259.0,164.0,1576072,219.02003,160.89334,186.12502,156.92613,155.97754,150.19327,123.62597,142.53705,106.5,137.51576179,1521526144854,1521526144166
slip,283.0,161.0,1576639,244.97522,162.56107,213.49226,165.0,181.51575,164.8964,152.88626,160.22867,139.0,152.01576756,1521526145432,1521526144738
slip,286.0,151.0,1583190,113.0,140.01583308,1521526152654,1521526151937
slip,273.0,191.0,1583725,161.0,181.01583842,1521526152671,1521526151954
slip,267.0,205.0,1584548,151.0,204.01584697,1521526153375,1521526152661
