slip,275.0,168.0,631044,246.0495,174.9938,220.69623,178.01787,193.04288,180.21745,162.87915,183.44505,146.0,184.5,133.0,190.0631193,1521767448943,1521767449109
slip,257.0,182.0,642500,204.71114,179.0,180.79964,180.01431,159.53917,181.62173,142.5762,184.25887642620,1521767460370,1521767460527
slip,278.0,219.0,645938,245.33044,224.30086,206.83232,227.93597,167.38708,230.02452,136.37473,233.5938,103.0,238.0,96.0,240.0646082,1521767463833,1521767464024
slip,258.0,201.0,656098,241.0,201.0,212.7544,201.0,180.91693,203.6083,149.9165,205.60835,125.68476,208.90218,95.0,212.0656236,1521767473987,1521767474177
slip,165.0,222.0,657754,172.0,208.0,214.32898,200.1342,284.5,190.0,335.0,195.0657903,1521767475654,1521767475839
slip,105.0,198.0,658695,134.0,194.0,210.5,200.0658813,1521767476565,1521767476727
slip,214.0,232.0,670177,192.0,232.0,153.3871,223.4418,116.982834,219.03793,82.80292,220.0,49.36456,223.30295,37.0,225.0670320,1521767488070,1521767488269
slip,173.0,192.0,671060,132.23053,200.44237,105.01455,207.12045,77.90653,213.96317,54.777832,211.95557,20.0,208.0671198,1521767488948,1521767489152
slip,283.0,209.0,675569,247.4426,209.0,213.0919,215.80077,175.0,217.5,143.03516,222.29472,115.0,226.5,109.0,228.0675718,1521767493468,1521767493641
slip,265.0,132.0,682819,229.2095,132.0,191.41077,131.01643,142.5,128.5,128.06184,129.59587,100.41676,131.0,92.0,131.0682954,1521767500705,1521767500872
slip,260.0,191.0,683821,230.92474,191.0,200.5702,189.73476,160.98184,191.36073,125.074936,190.27954,98.0,188.5,21.539482,168.72395683980,1521767501732,1521767501888
slip,284.0,208.0,698164,257.0,204.0,224.03317,198.71173,197.42894,196.58931,175.14056,194.26756,135.95659,194.0,120.0,194.0698312,1521767516064,1521767516247
slip,155.0,178.0,699456,206.45395,169.41905,264.7147,164.45712,360.3541,168.13004699564,1521767517314,1521767517516
slip,114.0,152.0,700910,129.0,152.0,154.71898,158.79773,204.0,166.5,285.0,177.0701059,1521767518808,1521767518986
slip,221.0,175.0,719529,185.0,185.0,119.02359,195.48416,76.11419,200.50816,58.444702,200.0,40.5,197.5,36.0,191.0719678,1521767537427,1521767537611
slip,261.0,145.0,720534,247.0,145.0,219.39989,156.05559,190.29283,162.7127,161.1296,165.93355,127.438324,170.34155,111.0,172.0720682,1521767538434,1521767538614
