slip,280.0,207.0,1735403,256.0771,207.0,222.2711,207.0,175.06775,194.48038,121.4003,168.2148,109.06983,139.665861735490,1521614273865,1521614273729
slip,304.0,126.0,1739743,277.0,120.0,233.32338,116.75489,172.1422,113.62582,103.334366,107.65273,74.14042,108.01739850,1521614278222,1521614278194
slip,135.0,156.0,1750547,157.86389,139.96535,199.03897,140.07031,318.79874,150.9175,345.0,154.01750663,1521614289038,1521614288894
slip,252.0,143.0,1751174,200.23297,143.92557,142.5,150.0,64.219574,159.83739,50.83184,158.96637,38.160183,150.16019,38.0,150.01751273,1521614289646,1521614289517
slip,296.0,110.0,1751785,275.0,110.0,223.4494,108.72208,129.3222,113.98105,94.869705,120.7101,73.0,123.5,67.0,124.51751902,1521614290278,1521614290173
slip,309.0,128.0,1753123,265.4405,118.42443,212.71896,113.50509,122.17534,114.05884,88.32275,116.884224,72.294914,120.91153,72.0,121.01753239,1521614291612,1521614291493
slip,290.0,153.0,1754134,252.74973,143.9722,221.62712,143.0,177.67819,152.83046,132.75456,162.24106,111.27891,159.75963,106.0,158.01754242,1521614292615,1521614292517
slip,164.0,130.0,1755526,164.0,146.0,164.0,152.2888,164.0,166.118071755643,1521614294015,1521614293851
slip,260.0,94.0,1767397,245.0,94.0,220.23653,102.75269,185.05824,110.31103,106.72441,126.957855,69.0,137.01767502,1521614305877,1521614305743
slip,180.0,167.0,1767940,220.04398,150.7912,261.59183,145.44194,320.5,142.01768047,1521614306419,1521614306266
slip,128.0,206.0,1768455,167.47052,189.01071,238.41841,172.31631,340.0,152.01768552,1521614306927,1521614306812
slip,42.0,208.0,1776052,51.387527,230.37193,62.13894,248.361191776158,1521614314529,1521614314390
slip,265.0,111.0,1781039,218.29062,87.269424,171.06645,67.22658,134.5,59.5,122.71888,61.656223,104.27089,67.11873,93.0,70.51781147,1521614319521,1521614319408
slip,292.0,199.0,1781679,254.84389,199.0,196.8288,191.03316,111.8981,162.96361,73.0,136.01781756,1521614320131,1521614319997
slip,303.0,162.0,1784247,283.0,171.0,258.5613,178.33226,226.69983,184.66003,186.11609,180.13951,185.0,180.01784353,1521614322726,1521614322573
slip,276.0,123.0,1790815,217.13516,129.98311,129.34116,137.9621,63.126762,144.66986,48.88349,143.61488,38.5,139.01790913,1521614329291,1521614329151
slip,293.0,145.0,1792782,232.65231,138.81941,147.01448,134.26656,104.43067,133.0,85.75849,137.13266,75.5,139.51792879,1521614331252,1521614331137
slip,224.0,156.0,1793424,197.99341,161.0022,194.02887,162.0,193.5,162.01793531,1521614331903,1521614331820
slip,300.0,155.0,1803316,263.99908,157.00017,224.01266,162.62341,156.1362,166.46257,99.90217,166.99673,68.5,162.51803414,1521614341789,1521614341695
slip,81.0,122.0,1803895,104.56846,123.64532,148.44771,130.44821,256.61633,141.8742,291.0,145.01804001,1521614342376,1521614342240
slip,118.0,113.0,1804729,158.24577,104.0,202.53352,107.24518,303.21686,121.770355,312.0,123.01804836,1521614343212,1521614343078
slip,179.0,117.0,1806920,158.0,117.0,146.58572,117.0,143.0,117.01807017,1521614345389,1521614345259
slip,292.0,120.0,1816109,271.0,120.0,223.72456,126.08832,127.15919,141.47346,81.23045,144.0,57.0,139.5,43.5,118.51816224,1521614354598,1521614354473
slip,312.0,140.0,1821814,295.0,136.0,255.841,132.334,207.1082,129.00722,142.7204,133.7933,92.5,134.0,81.21602,129.98241821930,1521614360302,1521614360177
slip,297.0,187.0,1827167,263.0,181.0,197.03691,170.57469,101.65028,157.66455,54.37377,147.12459,38.162533,152.02676,27.558062,157.55356,27.0,158.01827294,1521614365667,1521614365546
slip,316.0,181.0,1827849,308.0,167.0,306.0,159.92436,311.63803,148.979141827948,1521614366320,1521614366160
slip,281.0,138.0,1830645,229.25436,126.70906,121.23676,121.28687,61.716583,130.67558,53.218117,137.41563,37.96621,150.730411830745,1521614369116,1521614368973
slip,316.0,139.0,1835649,124.0,49.01835756,1521614375525,1521614375350
slip,283.0,130.0,1836290,90.0,78.01836407,1521614375534,1521614375385
slip,308.0,155.0,1837038,46.0,141.01837166,1521614375542,1521614375434
slip,176.0,101.0,1837616,65.867645,120.44748,48.0,123.01837722,1521614376098,1521614375963
slip,210.0,132.0,1839807,247.0,140.0,301.0,147.51839913,1521614378292,1521614378154
slip,206.0,99.0,1840411,139.49527,90.26266,84.14714,84.69728,62.42917,85.4570851840478,1521614378854,1521614378720
slip,263.0,143.0,1840703,223.36166,117.0951,200.15704,101.69423,172.56256,90.37849,128.32137,85.144905,82.5,93.01840820,1521614379195,1521614379030
slip,280.0,104.0,1845433,121.0,125.01845511,1521614384742,1521614390023
slip,293.0,100.0,1846035,102.0,115.01846152,1521614384751,1521614390025
