slip,282.0,239.0,2581238,184.69977,250.62227,115.5,266.02581307,1521701848012,1521701848089
slip,305.0,215.0,2585925,268.92236,215.0,240.64091,215.0,201.7284,228.37778,119.41699,283.46686,87.0,306.52586041,1521701852749,1521701852827
slip,302.0,228.0,2592081,239.91876,225.0,197.82784,230.3879,109.283264,257.1402,75.5,271.02592188,1521701858893,1521701858962
slip,304.0,236.0,2598718,265.61673,238.33833,223.35239,245.74252,124.64299,268.72046,81.102036,290.17404,55.0,302.52598825,1521701865531,1521701865618
slip,311.0,198.0,2620741,289.0,198.0,248.52179,201.90926,187.76796,217.90144,124.61941,245.27791,91.5,262.52620859,1521701887562,1521701887617
slip,292.0,200.0,2630698,272.51788,200.0,218.7625,202.92113,129.70435,225.7887,89.0,238.02630777,1521701897482,1521701897552
slip,279.0,212.0,2634107,258.74765,212.0,206.9424,223.38011,120.5,246.02634176,1521701900879,1521701900955
slip,291.0,178.0,2634952,234.24115,180.28842,137.90784,203.75969,103.0,213.02635020,1521701901727,1521701901832
slip,271.0,200.0,2656572,247.02542,194.95271,186.69025,196.0,160.17728,202.30379,106.615036,223.30792,95.5,230.52656662,1521701923368,1521701923462
slip,287.0,178.0,2658677,237.6732,187.84557,148.90393,209.25215,55.5,246.52658757,1521701925465,1521701925551
slip,74.0,198.0,2659357,56.35455,194.35455,49.048393,189.5242,44.74282,188.2476,41.299847,188.0,39.0,188.0,40.0,197.02659495,1521701926201,1521701926271
slip,297.0,184.0,2661531,238.7557,178.0,177.0,186.0,101.13083,204.34384,101.0,206.52661632,1521701928337,1521701928427
slip,303.0,174.0,2670380,216.5,188.0,146.28877,211.35562,92.97031,247.35396,51.0,266.02670481,1521701937185,1521701937282
slip,294.0,203.0,2675522,259.0,209.0,214.15892,221.41264,138.16054,248.6493,106.259895,262.87006,96.0,268.02675622,1521701942328,1521701942421
slip,298.0,211.0,2676687,268.0,211.0,223.2903,207.7196,172.5,214.0,95.4581,236.48088,77.0,245.02676787,1521701943491,1521701943558
