slip,280.0,183.0,2877724,257.01074,183.0,234.03334,183.0,205.85359,190.39925,203.0,191.02877811,1521616417442,1521616417294
slip,292.0,198.0,2888924,275.0,194.0,244.29369,200.86295,211.10608,213.16666,158.65126,244.46796,99.5,279.02889029,1521616428660,1521616428545
slip,298.0,222.0,2894244,260.4632,214.07314,209.983,211.43198,97.8134,224.9065,57.973778,259.7555,54.0,266.02894352,1521616433983,1521616433849
slip,283.0,200.0,2895205,248.83997,200.0,208.22594,201.67023,139.89221,225.99402,77.95674,258.1648,49.5,288.52895302,1521616434931,1521616434794
slip,276.0,227.0,2901353,232.08081,209.59299,204.1887,211.96855,143.54721,231.48239,69.00627,268.11395,47.038185,288.671172901470,1521616441097,1521616440970
slip,204.0,205.0,2901950,244.83264,210.65881,283.8616,227.056842902024,1521616441651,1521616441521
slip,136.0,150.0,2902817,150.0,150.0,194.12128,155.6994,262.01337,172.40657,333.09796,192.94662902914,1521616442541,1521616442413
slip,284.0,186.0,2919332,253.18597,186.0,224.56194,186.0,191.90366,189.89507,157.92967,200.41623,122.5656,212.1448,105.0,224.02919459,1521616459088,1521616458951
slip,272.0,201.0,2931002,241.0816,193.5982,196.36986,199.49693,110.887146,226.08061,71.62318,258.64175,65.0,265.02931100,1521616470731,1521616470595
slip,242.0,192.0,2933438,260.0,186.0,285.9464,186.0,321.1011,184.56662,339.0,183.52933555,1521616473183,1521616473051
slip,306.0,163.0,2933855,257.63782,171.77588,207.27147,181.40518,110.294235,210.4189,62.41111,234.56767,47.2523,250.97293,45.0,253.02933972,1521616473603,1521616473475
slip,317.0,169.0,2934560,284.1604,174.92596,255.59409,184.04207,207.95908,206.26787,128.1474,249.87987,117.0,256.02934678,1521616474309,1521616474165
slip,277.0,248.0,2943859,255.0,248.0,221.82007,238.28738,187.31868,237.45654,151.52165,242.67175,121.95637,252.1977,102.524,261.896,93.25465,270.49442,92.0,272.02944018,1521616483650,1521616483511
slip,184.0,186.0,2944338,217.92162,173.40392,256.2154,174.16212,314.1348,179.53804,327.0,181.02944446,1521616484077,1521616483953
slip,183.0,180.0,2944971,219.97739,178.33585,262.5212,180.87233,315.62106,183.97894,316.0,184.02945069,1521616484700,1521616484551
slip,292.0,217.0,2955295,252.17596,222.97293,207.78963,230.57327,129.54535,257.4546,75.56349,287.004642955392,1521616495019,1521616494890
slip,271.0,197.0,2959334,197.6647,213.93248,103.032394,250.17831,64.25194,278.9618,51.0,296.02959431,1521616499060,1521616498941
slip,304.0,195.0,2967671,271.0619,195.0,233.06993,204.02127,163.81416,235.28983,102.575615,273.059052967768,1521616507395,1521616507268
slip,214.0,160.0,2977002,166.70149,167.64478,131.40268,172.2953,98.721535,181.18353,70.0,197.02977098,1521616516729,1521616516568
slip,306.0,180.0,2977781,263.64316,206.30814,225.05309,229.27086,185.282,254.09328,148.88922,285.66043,132.5,305.52977897,1521616517528,1521616517382
