slip,276.0,183.0,214789,298.5346,189.40097,317.5,192.0214894,1521718512291,1521718512869
slip,259.0,178.0,216360,214.61218,178.0,177.5,181.0,137.39668,185.06703,90.15833,193.42575,51.24682,201.94077,33.0,209.5216486,1521718513880,1521718514462
slip,240.0,200.0,224492,186.60022,207.61993,144.12477,217.48155,53.663315,241.75645,53.49974,253.28586224598,1521718521988,1521718522564
slip,248.0,168.0,226181,210.0,168.0,154.56252,173.17969,56.92897,193.92178,49.92283,204.96463,33.0,215.0226285,1521718523678,1521718524246
slip,266.0,208.0,231192,273.79874,228.79243,282.23575,238.23573231319,1521718528710,1521718529283
slip,308.0,215.0,234783,289.0,221.0,245.21027,228.96495,167.91156,241.54144,87.86046,257.0757,48.76204,261.0,43.0,261.0234899,1521718532293,1521718532888
slip,65.0,207.0,235401,98.03245,198.19026,154.87062,181.92834,248.80164,162.11774,316.47278,157.53891,340.5,158.5235508,1521718532901,1521718533476
slip,97.0,188.0,236193,117.96078,188.0,137.08142,188.0,164.0581,188.0,218.31326,185.25494,303.69128,177.25568,327.37598,175.6443,332.0,176.0236341,1521718533736,1521718534329
slip,106.0,84.0,244176,116.0,63.746063,120.389404,54.526497,127.716225,45.164402244293,1521718541683,1521718542248
slip,235.0,188.0,246282,220.40274,195.29863,191.02199,207.493,156.55922,218.13416,90.8721,230.80966,49.99256,236.24089246379,1521718543769,1521718544358
slip,143.0,307.0,247735,159.83992,303.21344,170.83243,297.0419,178.81172,296.0,185.2081,296.0,185.5,296.0247862,1521718545252,1521718545834
slip,291.0,172.0,256979,246.7296,186.86063,213.26617,197.29105,178.6024,204.40907,139.47717,211.4102,115.28598,216.07138,101.5,221.0257105,1521718554499,1521718555064
slip,300.0,148.0,259383,265.53995,164.70126,239.73543,177.66948,201.1701,190.28293,138.79825,206.93379,108.14101,213.43442,100.0,215.0259510,1521718556905,1521718557484
slip,319.0,176.0,260195,284.73355,187.5939,257.69247,192.71658,222.54155,195.0,174.62547,193.18127,130.5996,189.98672,115.5,192.0260332,1521718557726,1521718558323
slip,280.0,178.0,269973,258.0,178.0,230.69289,180.66142,205.13402,182.49162,176.298,182.0,148.92462,184.76909,127.0,193.0270100,1521718567497,1521718568043
slip,106.0,222.0,270592,139.55919,205.3051,192.89798,202.65944,292.78787,205.0,336.36337,206.24545270730,1521718568121,1521718568698
slip,269.0,149.0,279012,229.5,155.0,197.95169,162.7145,155.99799,177.2008,96.9021,199.30833,78.87833,215.25677,73.0,218.0279141,1521718576535,1521718577089
slip,305.0,174.0,282807,285.17615,176.91193,265.13925,181.9801,236.6451,185.82733,209.16531,190.28969,176.91376,199.69182,130.38976,216.59213,102.40645,228.22612,62.5,243.0282966,1521718580358,1521718580939
slip,307.0,176.0,290683,265.3037,182.62617,230.38367,184.86163,198.75763,186.37465,164.30215,189.1617,136.41977,196.39505,127.0,203.0290810,1521718588206,1521718588807
slip,291.0,185.0,291462,243.85197,187.13506,208.07059,185.3367,177.27312,185.5252,152.99742,189.3577,134.41402,196.49416291590,1521718588980,1521718589549
slip,306.0,166.0,297446,88.0,280.0297606,1521718595906,1521718596487
slip,295.0,206.0,298055,111.0,222.0298215,1521718595921,1521718596512
slip,122.0,155.0,298708,336.0,206.0298836,1521718596629,1521718597197
slip,146.0,165.0,299252,192.66415,147.75374,268.83673,159.86357,343.10043,184.14377299391,1521718596781,1521718597374
slip,238.0,202.0,299938,214.0,206.0,172.76547,213.86688,125.26908,227.17819,91.36858,242.22356,69.0,259.0300043,1521718597437,1521718598051
slip,271.0,182.0,300471,216.64087,186.56796,185.21475,189.07138,133.00287,193.29387,88.51671,199.52777,70.53644,203.95313,51.531292,212.23436300621,1521718598011,1521718598625
