slip,301.0,205.0,4855243,274.3403,174.31761,226.57335,139.93674,187.56369,120.87534,159.90411,119.51622,121.19973,113.172374855359,1521706485287,1521706485381
slip,291.0,145.0,4857997,236.24907,133.7326,167.0,127.04858052,1521706487984,1521706488034
slip,304.0,198.0,4863323,272.98315,166.69984,247.38716,153.88808,222.16551,152.07285,189.55489,154.78214,166.0,157.54863428,1521706493359,1521706493434
slip,281.0,206.0,4866855,239.79636,190.2622,200.5,181.5,165.0,172.04866922,1521706496851,1521706496892
slip,302.0,191.0,4868720,272.58893,169.75961,248.06915,164.14255,218.61195,162.48059,180.55072,162.91772,178.0,163.04868836,1521706498764,1521706498833
slip,312.0,205.0,4873826,205.0,165.04873933,1521706504060,1521706504115
slip,164.0,248.0,4874532,315.0,250.04874649,1521706504963,1521706505062
slip,145.0,185.0,4875259,290.0,222.04875358,1521706505676,1521706505717
slip,256.0,231.0,4875814,227.61148,209.66185,202.58604,200.99564,180.91927,200.17172,178.0,200.04875902,1521706505833,1521706505924
slip,287.0,179.0,4876678,258.99026,164.8201,225.08525,157.9082,194.64313,154.63268,161.30943,152.8879,114.5,153.04876776,1521706506706,1521706506770
slip,273.0,255.0,4880303,280.0,224.04880409,1521706510414,1521706510490
slip,175.0,61.0,4881043,171.91924,30.565325,172.0,30.04881129,1521706511056,1521706511093
slip,219.0,149.0,4882100,201.32933,132.79518,194.71118,122.49456,191.31282,115.2513,191.0,112.71234,204.5,113.04882215,1521706512143,1521706512203
slip,299.0,174.0,4892702,283.0,169.0,261.55765,165.5697,228.46141,163.64102,125.40571,155.72351,116.0,155.04892812,1521706522740,1521706522821
slip,280.0,175.0,4894980,246.24858,165.80925,200.65215,166.57033,105.01997,187.97086,68.75266,202.01315,49.0,207.54895067,1521706524997,1521706525060
slip,239.0,54.0,4895582,254.0,60.0,260.35754,62.0,263.45654,63.456554,264.86093,64.86094,267.90143,66.45072,274.5,69.04895719,1521706525648,1521706525696
slip,203.0,187.0,4897697,225.43756,190.01341,238.0,194.54897784,1521706527720,1521706527773
slip,184.0,123.0,4900210,184.0,103.28077,184.0,89.925896,195.18826,70.14115,197.0,68.04900315,1521706530242,1521706530297
slip,293.0,189.0,4901008,234.09769,189.0,85.31706,167.3925,46.037304,159.50467,38.72081,155.72081,49.5,144.04901103,1521706531031,1521706531103
slip,287.0,256.0,4902710,256.40494,238.62288,198.54488,216.8483,102.082344,185.31465,46.9423,160.65933,37.88369,160.98546,29.860226,159.46506,26.0,158.54902879,1521706532810,1521706532884
slip,288.0,142.0,4903661,271.3683,134.87212,253.64326,117.024155,223.64465,99.054565,189.61507,97.0,149.31027,103.794395,120.36413,114.99076,87.53222,124.840334903788,1521706533719,1521706533772
slip,148.0,291.0,4907091,129.11113,276.05557,123.88724,275.0,112.0,275.04907188,1521706537117,1521706537171
slip,146.0,303.0,4907785,124.74699,297.3293,116.089806,292.77246,111.0,291.54907892,1521706537819,1521706537876
slip,301.0,237.0,4910084,252.68211,213.10463,186.98071,208.46945,99.67464,210.06404,73.0,211.04910189,1521706540121,1521706540168
slip,272.0,187.0,4914110,249.61954,160.61954,225.38487,143.30786,194.87648,144.0247,167.83948,156.08026,112.63276,193.27576,107.0,198.04914208,1521706544137,1521706544260
slip,93.0,265.0,4914733,105.0,244.0,139.83987,226.3867,234.81064,208.63991,344.8173,204.27274914838,1521706544765,1521706544819
slip,282.0,140.0,4915489,232.5941,112.71011,193.93077,107.95888,101.1088,130.67154,54.664745,156.41457,37.5,177.04915586,1521706545516,1521706545581
slip,263.0,204.0,4916012,201.89279,195.2886,133.09955,195.99625,133.0,196.04916067,1521706545995,1521706546070
slip,278.0,214.0,4917735,245.86415,201.40929,215.23741,197.44147,171.05797,201.38016,91.08658,210.06961,54.109985,209.04917853,1521706547780,1521706547849
slip,319.0,191.0,4918686,287.71524,144.67963,247.91592,119.0128,202.80453,105.5778,155.73224,107.75046,69.53113,119.10032,55.5,127.54918814,1521706548742,1521706548800
slip,282.0,224.0,4923066,232.944,231.97237,147.86694,251.8917,111.0,261.04923131,1521706553062,1521706553122
slip,311.0,205.0,4923902,293.0,209.0,266.30542,217.13016,213.26576,228.12238,105.190544,239.1985,42.5,238.54924029,1521706553959,1521706554029
slip,275.0,300.0,4925356,275.0,285.0,275.0,273.09375,275.0,261.88116,275.0,256.54925461,1521706555388,1521706555472
slip,255.0,203.0,4928281,201.7496,197.78441,111.51628,184.70934,57.359623,180.04928347,1521706558274,1521706558376
slip,316.0,222.0,4929951,295.94894,202.55406,276.1532,191.0766,238.1994,189.0,139.80515,203.7887,50.609436,230.15866,40.0,234.04930068,1521706559996,1521706560110
slip,297.0,211.0,4932966,242.61719,179.6263,157.20367,158.20085,105.98938,151.81721,73.09021,151.0,52.5,149.54933072,1521706563001,1521706563074
slip,299.0,244.0,4933692,283.48346,221.48346,268.77515,209.22012,241.98892,199.24654,208.0,192.0,171.34505,198.38597,102.646385,210.60068,87.5,217.54933841,1521706563771,1521706563826
slip,168.0,212.0,4934087,182.0,205.0,218.18298,196.09058,311.4777,167.31023,365.0,145.54934205,1521706564136,1521706564211
slip,258.0,237.0,4935005,229.5,231.0,115.655304,208.5397,31.53119,187.15176,3.0,179.04935070,1521706565001,1521706565063
slip,283.0,122.0,4935464,238.5753,122.0,189.0,117.5,90.23203,116.037834,41.787098,123.45374935551,1521706565481,1521706565538
slip,250.0,224.0,4936064,189.14015,242.9593,72.61852,272.31754,60.0,274.04936118,1521706566049,1521706566109
slip,192.0,281.0,4936525,155.55682,248.53706,100.985054,214.23514,77.443825,199.8663,63.142277,190.38734,52.0,186.54936631,1521706566561,1521706566618
slip,192.0,219.0,4936995,173.0,219.0,144.9768,219.0,111.31327,213.19853,91.67386,207.33595,78.05146,202.2693,75.5,198.5,83.37558,200.0,111.4277,203.91136,186.24417,213.60133,313.40576,230.53622,325.0,231.04937261,1521706567190,1521706567259
slip,134.0,204.0,4937508,198.94656,207.39465,299.7356,206.33672,326.0,206.04937625,1521706567556,1521706567619
slip,268.0,87.0,4941461,224.0,55.04941549,1521706571939,1521706571970
slip,183.0,49.0,4941664,229.0,65.04941782,1521706571964,1521706572027
