slip,300.0,219.0,2255260,243.9263,212.0,206.48317,215.05963,135.00626,229.11906,83.93363,253.76549,75.0,261.02255386,1521721652715,1521721653154
slip,275.0,171.0,2259554,243.5,171.0,194.96658,179.25502,77.91853,214.7117,37.89428,243.10571,37.0,244.02259630,1521721656958,1521721657427
slip,253.0,208.0,2264448,208.30309,210.41077,155.79315,219.33061,69.421524,248.6278,67.0,250.02264514,1521721661849,1521721662297
slip,300.0,177.0,2265997,259.3834,177.0,221.63904,185.13763,191.5,193.02266063,1521721663391,1521721663855
slip,166.0,212.0,2266352,218.02951,209.64961,267.77267,209.25711,346.5,206.02266459,1521721663786,1521721664261
slip,158.0,193.0,2267198,180.0,193.0,220.74892,194.90376,269.8955,195.64178,330.24002,196.02267314,1521721664641,1521721665104
slip,299.0,224.0,2268171,279.0,224.0,232.65417,222.27068,186.37741,223.42075,124.40447,231.3191,121.0,232.02268268,1521721665599,1521721666089
slip,324.0,201.0,2268641,293.79138,193.12738,261.59543,192.0,222.40839,196.49506,169.05412,211.14412,143.0,222.02268746,1521721666075,1521721666545
slip,294.0,208.0,2276771,234.39426,215.89825,112.26709,247.88243,99.0,260.52276836,1521721674166,1521721674630
slip,218.0,218.0,2277168,245.98575,218.8406,276.09692,220.86804,318.0,219.52277255,1521721674584,1521721675041
slip,198.0,173.0,2278035,220.0,173.0,254.72777,166.60602,301.0,164.52278140,1521721675469,1521721675919
slip,294.0,183.0,2289008,236.10056,190.53185,158.12769,216.1291,105.92161,249.021292289085,1521721686412,1521721686869
slip,296.0,216.0,2299450,241.89812,220.60768,168.043,236.78078,105.6819,259.4675,78.5,275.02299537,1521721696865,1521721697330
slip,186.0,228.0,2310867,323.0,224.02311005,1521721708416,1521721708813
slip,308.0,190.0,2320397,277.656,190.0,237.04482,194.44363,181.91063,200.237642320465,1521721717793,1521721718261
slip,165.0,197.0,2330129,212.99461,186.86436,260.46384,185.43665,346.9265,183.697742330235,1521721727562,1521721728049
slip,302.0,202.0,2330749,281.0,195.0,242.17386,187.31055,200.57819,184.0,156.08046,185.93246,102.098175,201.17923,62.0,215.52330864,1521721728195,1521721728651
slip,304.0,214.0,2331089,268.38882,210.0,251.96194,210.3194,226.99625,218.10645,199.77222,228.25525,164.0,254.02331228,1521721728555,1521721729033
