slip,271.0,180.0,1202339,239.05612,180.0,209.40492,176.88203,174.02469,177.4523,132.0,181.0,99.0,186.01202486,1521768282829,1521768282986
slip,235.0,149.0,1211915,206.18687,149.0,174.66534,143.28195,133.774,140.20547,95.4536,138.57814,61.0,136.5,44.264366,143.1913,35.0,146.51212074,1521768292414,1521768292582
slip,264.0,166.0,1212921,237.0,166.0,196.77203,166.0,156.57625,167.32399,128.71756,168.76411,92.39459,171.84036,82.5,172.5,79.0,174.0,67.0,172.51213080,1521768293420,1521768293622
slip,190.0,255.0,1213721,176.0,255.0,153.73303,255.0,126.13497,253.85583,98.76936,250.1966,63.408672,244.44472,47.8717,242.0,34.5,242.01213882,1521768294221,1521768294428
slip,318.0,185.0,1214533,257.60132,168.92752,222.73918,161.7259,190.27191,158.40399,159.0,158.0,155.0,159.01214683,1521768295023,1521768295198
slip,251.0,186.0,1215335,184.90198,188.0732,123.22965,189.21512,65.948204,188.84691,40.742813,187.2879,19.0,187.01215474,1521768295815,1521768295967
slip,246.0,125.0,1224154,215.2897,125.0,195.4444,128.0,170.46843,128.0,142.5,126.5,119.81421,125.98762,103.50733,121.16911,95.5,118.51224336,1521768304675,1521768304856
slip,107.0,136.0,1224517,153.39429,133.90053,232.11789,128.0631224626,1521768304966,1521768305117
slip,98.0,165.0,1224848,161.30862,165.01224933,1521768305273,1521768305427
slip,250.0,151.0,1233829,182.93967,147.8903,124.08158,143.39725,89.92792,143.0,78.640114,146.00996,62.5,151.5,57.0,150.01233977,1521768314319,1521768314480
slip,286.0,221.0,1234748,247.76828,221.0,212.657,214.10387,182.58337,208.49207,138.5887,200.92166,111.0,199.0,67.81863,193.07442,52.0,188.5,40.5,181.01234940,1521768315280,1521768315446
slip,138.0,145.0,1241568,119.81472,136.40736,117.0,130.63503,130.25578,113.744225,138.0,106.01241686,1521768322027,1521768322197
slip,242.0,156.0,1244379,185.00778,148.09303,152.24803,144.60686,117.749825,138.23807,78.00568,126.09246,54.5,123.5,51.0,120.01244528,1521768324867,1521768325040
slip,122.0,189.0,1254223,177.83682,187.53902,319.15918,179.375431254312,1521768334658,1521768334826
slip,153.0,158.0,1262188,187.7552,149.5612,224.78583,142.03966,288.97882,130.06949,327.0,125.51262325,1521768342668,1521768342838
slip,83.0,149.0,1262882,123.90741,151.30556,186.77097,146.61517,209.0,144.0,269.0,138.01263031,1521768343376,1521768343558
slip,100.0,178.0,1263438,135.30487,173.12834,260.02835,186.1661263576,1521768343917,1521768344077
slip,86.0,216.0,1263962,155.50372,232.92365,360.0,255.51264081,1521768344424,1521768344589
slip,124.0,173.0,1264464,176.72325,191.09607,258.41638,202.95392,335.0,209.01264584,1521768344923,1521768345116
slip,100.0,202.0,1265287,166.70543,200.18317,254.63812,201.0,344.5,197.01265425,1521768345767,1521768345954
slip,123.0,181.0,1266025,168.6936,188.60403,202.81415,190.0,298.5,184.0,330.0,180.01266174,1521768346517,1521768346689
slip,292.0,200.0,1266537,238.02306,180.64554,193.2551,173.50069,125.806854,171.18573,80.11774,175.29863,64.5,176.5,56.0,180.0,20.0,192.01266699,1521768347038,1521768347227
slip,285.0,197.0,1275187,223.46057,189.55315,166.05681,182.64107,99.70985,173.48215,63.067566,171.82207,50.0,174.0,40.0,175.01275335,1521768355678,1521768355887
