slip,258.0,202.0,1359260,202.7789,209.20602,163.33394,219.0511,87.87881,251.47272,59.5,268.51359363,1521720540228,1521720540664
slip,320.0,205.0,1372069,282.69247,200.45705,252.5455,199.31169,218.30354,200.31888,185.77438,208.40854,184.0,209.01372175,1521720553043,1521720553506
slip,141.0,176.0,1384273,196.94737,168.52632,297.6006,159.92996,310.0,159.01384378,1521720565246,1521720565700
slip,122.0,163.0,1385032,170.03662,163.51988,232.39307,166.66989,327.89417,179.04404,338.0,181.01385159,1521720566024,1521720566523
slip,290.0,190.0,1399029,258.5509,179.18364,194.24008,159.99269,118.96543,141.35434,107.0,148.01399104,1521720579972,1521720580434
slip,318.0,213.0,1411674,286.71817,209.63957,243.5,207.5,159.68933,210.97845,103.20163,222.53726,72.08158,241.70232,72.0,247.01411801,1521720592668,1521720593131
slip,319.0,167.0,1413245,293.0,167.0,245.84067,165.45604,192.4568,163.26474,135.01389,160.12993,133.0,160.01413351,1521720594216,1521720594660
slip,307.0,174.0,1422776,86.0,121.01422883,1521720604538,1521720604972
slip,162.0,183.0,1423300,301.0,178.01423398,1521720604550,1521720604992
slip,271.0,202.0,1423960,140.0,190.01424017,1521720605239,1521720605689
slip,329.0,187.0,1424347,311.48,187.0,250.0273,182.75136,213.40614,182.93886,183.66797,188.07378,162.93275,194.022421424476,1521720605342,1521720605780
slip,308.0,166.0,1425982,255.42201,168.3578,214.1248,171.47224,170.51164,173.07703,134.0,176.51426089,1521720606955,1521720607419
slip,182.0,199.0,1426709,221.08746,196.89125,266.0176,192.7489,328.7171,192.01426816,1521720607681,1521720608126
slip,164.0,168.0,1427267,187.0,168.0,222.45642,164.32799,274.1325,162.57637,336.0,158.51427382,1521720608248,1521720608719
slip,289.0,289.0,1430719,269.90558,289.0,264.62317,289.0,260.26004,289.0,258.6206,289.0,257.5,289.01430867,1521720611732,1521720612190
slip,324.0,166.0,1439461,308.0,166.0,280.0785,158.23094,242.37146,156.0,190.80421,152.08466,145.71422,151.0,125.440926,151.01439577,1521720620444,1521720620901
slip,318.0,161.0,1444367,290.09845,154.80984,260.86047,155.0,224.03674,156.37347,197.0,157.51444471,1521720625340,1521720625810
slip,284.0,183.0,1446693,229.34213,180.48564,191.343,186.56395,160.0237,192.59526,144.0,194.01446780,1521720627648,1521720628109
slip,322.0,196.0,1449550,301.0,191.0,266.02255,186.5852,225.93143,188.54373,169.56569,197.65207,133.5,207.51449655,1521720630522,1521720630981
slip,326.0,176.0,1453921,290.67645,170.8989,252.56216,173.34827,183.97101,189.01288,128.1315,216.35344,111.547615,231.867361454048,1521720634913,1521720635401
slip,279.0,169.0,1454527,247.45718,164.90979,209.14195,161.54391,175.70091,161.0,145.06956,163.89304,130.0,169.01454614,1521720635481,1521720635959
slip,238.0,209.0,1465640,214.82292,202.18578,209.30826,203.10275,206.00908,203.01465745,1521720646617,1521720647066
