slip,272.0,185.0,706355,234.56606,181.0,202.0,178.0,166.70496,173.97435,132.22223,169.2029,103.960075,165.76001706482,1521683405696,1521683406234
slip,241.0,188.0,712798,192.58197,184.0,156.42397,183.67722,115.46326,185.28987,84.0,185.0712894,1521683412112,1521683412653
slip,205.0,182.0,715864,156.67703,174.79414,119.26663,173.0,77.90796,171.6503,46.02617,168.05132,45.0,168.0715970,1521683415185,1521683415719
slip,269.0,185.0,721474,236.08932,178.23573,198.76381,174.69444,134.35234,167.61337,67.27078,159.7765,63.0,159.0721579,1521683420797,1521683421337
slip,296.0,170.0,727019,261.42697,160.86517,223.78523,151.19563,158.31128,138.27756,106.050606,134.24202,69.907364,135.25386727135,1521683426351,1521683426880
slip,297.0,175.0,727746,270.0,175.0,226.99425,176.76967,179.44221,178.97543,115.040215,182.41893727852,1521683427066,1521683427664
slip,287.0,151.0,734061,271.0,151.0,242.82921,144.82413,210.94437,145.20279,178.96948,146.43147,138.17593,149.90201,76.02028,156.95045,63.5,156.0734198,1521683433415,1521683433994
slip,155.0,161.0,735033,170.0,157.0,215.27663,153.25679,285.15762,151.48988,349.5,150.5735149,1521683434366,1521683434891
slip,136.0,155.0,735568,156.0,139.0,201.58168,130.21527,304.97458,120.56638,326.5,131.0735694,1521683434909,1521683435429
slip,323.0,192.0,743881,301.18896,179.18896,295.09705,174.57278,292.81616,170.63232,293.0,168.04076,293.0,161.5744007,1521683443222,1521683443774
slip,173.0,159.0,746189,225.07388,149.6273,286.45532,152.04782,359.5,157.0746294,1521683445508,1521683446056
slip,289.0,171.0,746775,270.57693,171.0,227.73824,168.38557,174.70058,164.4364,113.00258,162.0,87.87868,157.97574,67.5,156.0746881,1521683446097,1521683446654
slip,217.0,147.0,747171,186.92157,143.0,155.85634,141.94554,126.69635,146.23703,106.0,150.0747258,1521683446474,1521683447030
slip,161.0,161.0,747683,192.0,153.0,236.40276,146.52693,319.43338,143.56259747790,1521683447004,1521683447553
slip,239.0,200.0,754577,222.12979,191.0649,218.0,187.4054,216.76344,181.0538,211.0,168.5754693,1521683453911,1521683454463
slip,302.0,148.0,761929,265.87003,131.81815,237.0,123.5,198.0834,119.88543,137.06027,119.15759,97.201485,124.42318,66.83063,133.08469762076,1521683461293,1521683461829
slip,263.0,185.0,768543,228.3023,178.93024,191.50626,176.94255,138.46036,175.69028,77.275505,167.75232,63.5,166.5768648,1521683467866,1521683468417
slip,248.0,166.0,772604,217.0,156.0,156.80788,147.21913,88.31568,143.72968,67.462494,148.14659,45.5,154.0772708,1521683471926,1521683472462
slip,191.0,149.0,773104,207.0,142.0,244.91626,132.73222,285.3195,125.22866,324.5,120.0773232,1521683472450,1521683473007
slip,158.0,170.0,773799,181.9679,157.83868,196.48758,156.25124,218.21072,153.43857,255.38486,152.0,289.69543,156.04938773993,1521683473207,1521683473750
slip,296.0,264.0,779314,285.0,249.0,291.16898,242.74654,294.1221,238.31686,298.14902,233.85097,302.89093,227.81212779465,1521683478679,1521683479269
slip,298.0,161.0,796978,254.27635,156.93837,200.83717,158.97537,132.17236,164.52397,93.979004,170.8056,75.978264,172.54742,71.0,173.0797105,1521683496325,1521683496922
