slip,299.0,159.0,886820,269.0,144.0,212.69672,125.62893,135.50829,120.27376,101.66423,129.14745,99.0,130.0886917,1521612758548,1521612758392
slip,307.0,166.0,895849,256.3508,146.79225,191.92838,139.02783,124.72437,146.6168,87.0,160.0895946,1521612767574,1521612767690
slip,75.0,261.0,896651,67.0,240.02298,67.0,230.0896748,1521612768373,1521612768396
slip,299.0,169.0,899147,254.23657,163.58847,186.8971,160.12935,112.38238,153.05463,79.87696,148.86787899235,1521612770861,1521612770751
slip,272.0,180.0,909804,251.26903,180.0,198.04015,176.22334,128.89189,173.15776,84.07164,167.38272,83.0,167.0909890,1521612781516,1521612781389
slip,156.0,217.0,910219,215.71155,220.0,313.40567,215.43962,335.0,214.0910293,1521612781921,1521612781771
slip,138.0,132.0,910529,200.56041,121.59194,311.22296,130.12117,321.0,131.0910603,1521612782230,1521612782113
slip,94.0,196.0,910807,156.90509,187.8559,277.22147,178.4679,343.5,168.5910894,1521612782521,1521612782430
slip,110.0,170.0,920051,124.0,170.0,174.1962,162.12025,266.95715,158.93779,359.15695,163.13087920156,1521612791782,1521612791674
slip,317.0,178.0,920584,288.8021,169.7338,251.18669,163.74095,171.83337,155.41447,102.21396,144.06938,72.28596,142.29933,53.959778,142.0920712,1521612792339,1521612792241
slip,269.0,162.0,930958,238.0021,162.0,198.01656,164.0339,153.61862,165.71223,125.19845,166.0931035,1521612802661,1521612802534
slip,261.0,144.0,932849,213.16019,141.0,175.34969,141.78601,141.12297,143.37509,126.5,146.0932926,1521612804556,1521612804434
slip,293.0,132.0,944069,239.76074,135.06429,204.84001,138.10088,168.4639,139.6922,141.03764,141.16458944170,1521612815795,1521612815666
slip,160.0,159.0,944639,216.48604,162.75888,257.8035,166.49712,322.53214,171.00221,337.0,172.0944745,1521612816371,1521612816268
slip,128.0,167.0,945228,143.0,160.0,171.49532,155.82649,214.39822,152.61441,291.7685,152.75943,305.0,153.0945333,1521612816962,1521612816863
slip,124.0,170.0,959098,177.46692,167.38411,237.47986,170.49866,345.5,178.5,372.0,185.0959214,1521612830843,1521612830709
slip,302.0,168.0,959706,257.73358,162.23668,211.66924,158.87903,136.999,151.18451,79.5,147.0,68.25408,145.11401,67.0,145.0959835,1521612831462,1521612831353
slip,273.0,119.0,970999,229.151,111.30729,181.62115,110.0,132.87761,111.276436,110.045204,115.98493,107.0,117.0971087,1521612842718,1521612842601
