slip,250.0,240.0,13797127,230.0,236.0,201.46034,237.28218,171.36082,242.72783,142.55002,252.24736,121.16261,264.0783413797234,1521373857451,1521373857708
slip,277.0,217.0,13797597,233.02606,217.0,208.80565,215.27779,189.01361,212.09338,172.7067,208.19273,172.0,208.013797715,1521373857933,1521373858134
slip,298.0,173.0,13928634,317.0,167.0,329.0,165.513928732,1521373988955,1521373989147
slip,238.0,290.0,13934692,215.47786,282.4949,193.00395,277.80078,169.44939,271.7528,143.28557,267.798313934789,1521373995006,1521373995220
slip,237.0,222.0,13935129,218.0,222.0,194.37138,226.08794,173.07411,227.34859,147.89606,230.64449,123.5,237.0,106.60728,244.66876,106.0,245.013935257,1521373995475,1521373995660
slip,181.0,211.0,13940633,199.0,202.0,238.0642,201.91493,274.75064,207.68767,301.50024,214.1177,324.39984,218.3874713940770,1521374000989,1521374001175
slip,245.0,194.0,13941154,227.0,190.0,201.46124,192.50775,178.71593,196.10895,156.3064,198.8995,132.5,200.5,122.0,200.013941272,1521374001492,1521374001678
slip,303.0,185.0,13941796,276.86603,196.189,257.76324,196.44081,233.36449,191.74876,199.70511,188.12686,180.96945,184.61069,164.54814,177.77406,159.5,171.513941945,1521374002164,1521374002349
slip,188.0,157.0,13943922,242.47685,162.75926,276.6118,164.95914,306.9497,167.0,329.8545,169.1139413944039,1521374004257,1521374004462
slip,314.0,201.0,13944338,274.96933,193.98978,244.3217,184.10724,208.27711,172.09238,167.20337,162.32819,153.3331,162.0,145.81395,162.8372,145.0,163.013944477,1521374004700,1521374004877
slip,292.0,185.0,13944830,268.0,200.0,248.08571,209.14285,225.0114,216.93394,192.78224,225.91313,151.12378,233.35797,134.15251,234.0,118.58087,231.58087,114.0,227.013944990,1521374005209,1521374005384
slip,241.0,280.0,13945396,227.0,280.0,209.11655,280.0,189.58748,277.2125,165.03198,272.50534,136.5,267.5,117.11209,265.15088,94.0,265.0,84.5,263.513945546,1521374005771,1521374005955
slip,308.0,205.0,13946112,278.5128,216.44617,259.17923,218.40297,235.16103,224.29039,203.51471,227.09706,176.13324,230.73335,156.13976,233.64337,140.74097,231.05354,127.0,224.513946283,1521374006503,1521374006711
slip,263.0,147.0,975350,245.0,147.0,222.44708,149.31058,195.6388,152.73206,171.9519,155.878,149.66357,160.3578,139.0,162.0975489,1521525513982,1521525513304
slip,196.0,186.0,985513,218.0,190.0,236.90698,188.72757,261.41986,186.78625,292.50436,182.71683,321.84637,176.9797985639,1521525524132,1521525523496
slip,285.0,161.0,986196,263.0,172.0,239.48318,182.83894,216.57397,186.59013,194.74554,188.0,161.03035,188.57288,135.47185,186.40845,132.0,186.0986323,1521525524816,1521525524121
slip,274.0,179.0,986751,260.0,184.0,243.37704,184.0,225.00716,184.0,204.23975,175.44276,182.0,166.0,165.49736,159.24867,144.0,154.5986889,1521525525384,1521525524710
slip,170.0,192.0,992511,195.97939,188.89806,213.32477,188.0,229.94092,191.08485,243.49533,196.27103,257.24298,202.56741,258.0,203.0992681,1521525531175,1521525530509
slip,304.0,193.0,993033,271.7328,198.0,245.9354,198.0,218.14227,193.96628,186.178,187.19633,163.26678,184.28336,146.7417,182.0,136.0,177.5,139.0,170.0993193,1521525531687,1521525531002
slip,284.0,159.0,993793,256.60593,167.71216,232.79874,174.38701,217.1627,175.0,199.46806,170.23404,184.47516,166.24586,169.5,161.5,166.5,158.5993931,1521525532426,1521525531742
slip,299.0,184.0,994475,276.0,191.0,257.25974,195.34465,239.2475,199.75069,220.33762,202.79422,199.28209,206.67398,180.50978,210.37256,162.17644,212.4385,153.04727,210.23273,152.0,210.0994646,1521525533140,1521525532472
slip,305.0,165.0,995213,268.11642,172.04066,237.4296,176.83556,209.7765,177.0,188.13556,177.0,176.18439,174.39479,175.0,174.0995353,1521525533846,1521525533143
slip,170.0,202.0,1001358,189.88464,202.0,197.22145,202.0,204.19211,207.19211,218.22536,212.49014,233.08734,217.02382,252.41608,221.0,276.46518,218.80464,294.5,211.51001536,1521525540030,1521525539360
slip,182.0,176.0,1002116,197.0,176.0,208.59007,176.0,223.73479,181.2744,239.82153,185.20538,255.8805,188.06918,270.0713,192.02376,285.48367,195.58943,300.00693,193.77623,305.0,186.51002309,1521525540804,1521525540107
slip,148.0,181.0,1002895,180.63535,173.44705,199.07152,173.0,215.78769,173.0,236.12096,173.0,259.24692,173.35957,286.30463,173.0,311.34665,165.41335,317.0,164.01003089,1521525541585,1521525540896
slip,158.0,173.0,1010612,172.13077,150.29231,191.40657,145.0989,192.0,145.01010718,1521525549210,1521525548524
slip,212.0,210.0,1013763,186.0,210.0,159.67477,214.0,129.94681,214.0,109.41393,207.60349,87.51749,200.505831013880,1521525552372,1521525551681
slip,282.0,157.0,1018476,252.2224,182.02208,234.5,192.0,204.40628,193.03299,166.567,190.81285,125.78742,186.87456,103.03865,182.55035,85.55656,176.47511,76.5,169.51018645,1521525557141,1521525556439
slip,295.0,184.0,1020218,267.04553,184.0,240.88342,188.7333,217.68163,189.0,194.45285,189.0,179.80983,186.76196,165.42532,183.650071020355,1521525558849,1521525558171
slip,171.0,187.0,1024214,195.45576,180.0,207.38446,182.82039,217.5043,186.07204,234.97481,186.0,263.10764,176.38799,264.0,176.01024374,1521525562867,1521525562162
slip,326.0,186.0,1024640,310.472,186.352,301.35733,190.60712,291.1057,191.0,267.34665,191.0,229.64473,193.98622,194.03474,198.21286,165.32716,197.6663,150.61542,186.84619,149.0,185.01024801,1521525563294,1521525562621
slip,287.0,191.0,1026896,260.8015,197.09924,240.8514,204.38791,214.5235,210.86913,193.2972,208.47102,179.47636,204.49213,178.0,204.01027013,1521525565506,1521525564810
slip,151.0,207.0,1044783,185.70183,185.43272,209.13214,183.0,236.97159,182.05562,267.3109,177.30711,332.0,159.01044932,1521525583430,1521525582735
slip,191.0,175.0,1045464,209.0,170.0,230.20825,165.35835,248.5,165.0,267.9885,170.74712,288.79666,177.9419,311.58582,185.19528,330.2492,185.86378,335.0,185.01045615,1521525584111,1521525583452
slip,118.0,200.0,1046044,153.01059,188.22914,173.28009,185.71498,196.0611,183.78136,215.80205,183.7335,238.86595,182.6756,258.69345,182.82257,284.0869,180.72311,314.37573,173.94547,318.0,173.01046269,1521525584766,1521525584094
slip,118.0,191.0,1046781,149.92046,183.0,184.6422,184.38211,213.98756,185.0,242.83994,183.78667,269.3034,183.26093,298.12747,181.65959,322.69205,173.36041,327.0,172.01046976,1521525585468,1521525584773
slip,148.0,190.0,1047518,196.10414,174.66089,222.96565,176.69829,251.76485,179.52943,281.00748,186.94934,308.79538,191.9659,331.5,194.01047698,1521525586193,1521525585474
slip,143.0,190.0,1048182,182.85468,181.84062,214.93996,183.9928,251.6753,187.38219,294.52466,191.25175,331.5,192.51048341,1521525586837,1521525586142
slip,261.0,201.0,1048683,224.84534,202.87442,206.3217,205.0,175.65376,203.0,134.10138,204.24577,103.61719,204.58966,78.30948,206.043151048823,1521525587315,1521525586626
slip,179.0,185.0,1051250,218.2724,190.81157,240.95638,195.49272,260.28815,197.35735,274.28366,195.45273,288.3373,190.7485,308.30923,180.72462,310.0,180.01051427,1521525589921,1521525589247
slip,292.0,180.0,1051761,268.0,184.0,233.29153,185.70041,197.10677,186.0,167.63528,184.0,139.12767,184.85904,122.0,187.01051878,1521525590372,1521525589662
slip,295.0,200.0,1060600,264.3236,203.9137,246.59053,204.0,226.63307,204.0,207.24731,204.0,192.41948,205.28673,168.63918,208.872161060748,1521525599240,1521525598552
