slip,264.0,206.0,5844002,232.55699,189.69707,197.9514,182.1336,164.04454,178.56909,141.83672,177.70486,118.53467,178.0,106.5,176.55844110,1521707842820,1521707842859
slip,278.0,231.0,5854434,225.5214,223.59285,191.4357,220.17946,154.0155,214.13313,112.25798,202.16505,107.0,200.05854532,1521707853242,1521707853279
slip,250.0,210.0,5863968,199.27866,196.6836,152.21904,193.09377,112.759674,190.55426,92.22217,192.94873,92.0,193.05864056,1521707862769,1521707862844
slip,185.0,236.0,5864440,205.0,226.0,244.19885,219.57349,299.0171,213.471885864528,1521707863236,1521707863301
slip,153.0,209.0,5865682,194.34724,214.7335,227.78027,216.0,271.5,213.0,302.42474,206.03246,329.2975,202.337815865819,1521707864525,1521707864603
slip,319.0,212.0,5875430,273.04626,195.63007,239.56554,189.09836,198.19872,188.11258,138.40901,195.513,111.34993,207.43338,109.0,209.05875557,1521707874264,1521707874388
slip,273.0,223.0,5878954,246.02986,223.0,215.0504,223.2458,174.72137,227.22446,147.15079,230.63316,123.86802,236.71066,120.0,238.05879052,1521707877762,1521707877851
slip,294.0,222.0,5888599,277.0,218.0,255.90988,216.0,237.18202,216.04892,210.91504,217.0,166.59555,215.70638,144.19302,213.42574,126.0,211.05888725,1521707887434,1521707887457
slip,187.0,261.0,5889057,226.12468,262.5694,265.01212,266.2863,303.1558,264.2213,305.0,264.05889163,1521707887871,1521707887921
slip,118.0,205.0,5889731,142.46764,212.82254,177.37529,223.73085,233.9751,233.31464,241.0,234.05889836,1521707888546,1521707888583
slip,303.0,230.0,5890264,280.0,223.0,241.0152,209.67117,193.56233,195.84068,153.4138,191.08276,130.0,188.5,116.5,178.55890381,1521707889089,1521707889151
slip,295.0,208.0,5890852,269.0,208.0,233.6086,196.68735,198.08707,187.29648,163.1804,180.58896,136.76598,173.80426,118.82,168.950915890981,1521707889687,1521707889738
slip,287.0,217.0,5896793,246.57382,204.57214,211.66397,198.83968,162.86523,196.54807,126.22745,197.11552,103.39332,198.57378,97.0,199.05896901,1521707895610,1521707895675
slip,174.0,223.0,5897308,193.69576,213.96442,214.18759,207.93747,245.41281,200.06923,274.45032,192.63742,310.2337,193.31418,319.0,195.05897457,1521707896168,1521707896216
slip,131.0,199.0,5898122,145.0,199.0,168.73619,194.2665,201.62616,194.31776,243.80733,196.03229,292.5621,200.130175898237,1521707896946,1521707896987
slip,273.0,228.0,5908038,236.40854,228.0,196.01604,228.0,156.17091,229.0,124.247734,229.0,98.0,227.5,90.0,223.05908146,1521707906855,1521707906923
slip,298.0,203.0,5909847,256.2312,188.8095,219.95622,181.4927,186.10452,183.51385,161.10008,192.6133,143.5,202.05909952,1521707908660,1521707908718
slip,317.0,201.0,5918259,288.6419,194.44032,254.02791,189.95773,214.72919,188.33574,173.7024,188.44983,135.12141,192.20155,115.31756,196.731585918386,1521707917093,1521707917159
