slip,272.0,196.0,1233889,248.70197,201.52129,223.96875,204.2539,198.9631,206.25461,174.92987,209.25876,144.17896,215.14632,120.79908,224.60028,113.0,227.01234026,1521717924029,1521717924454
slip,291.0,192.0,1245033,250.3278,199.95084,213.73207,206.88434,178.87424,213.56833,137.82275,221.44937,111.935875,225.383011245150,1521717935150,1521717935567
slip,284.0,217.0,1255004,243.53015,217.0,219.55103,219.0,193.91905,215.49422,165.5669,213.05153,139.32541,213.51164,116.06335,215.062441255151,1521717945152,1521717945618
slip,113.0,202.0,1255366,164.74544,194.76126,224.4944,196.71577,301.82474,202.18597,319.0,206.01255472,1521717945474,1521717945934
slip,136.0,189.0,1255997,150.0,189.0,171.44339,179.15181,196.64067,172.4039,232.89651,171.0,268.94815,174.84973,277.0,176.01256124,1521717946128,1521717946548
slip,260.0,169.0,1265369,219.06076,179.48482,190.1014,187.02596,157.80495,194.8809,129.43962,201.17061,105.99983,206.1429,96.27929,208.92021265484,1521717955487,1521717955937
slip,316.0,168.0,1267239,270.56625,168.0,233.22781,175.91087,173.65532,190.47742,131.31734,205.4096,102.48964,216.4345,88.85476,223.98831,73.80438,241.127981267386,1521717957388,1521717957865
slip,280.0,202.0,1271041,249.23822,206.58725,219.26337,215.14906,182.97708,225.42336,141.7302,244.89168,118.483574,258.07275,100.5,266.5,87.57574,277.31821271192,1521717961192,1521717961658
slip,293.0,152.0,1277080,254.06984,164.90697,231.29362,169.34468,198.50787,176.49792,168.26465,183.937,144.0,191.5,116.5,208.51277228,1521717967230,1521717967709
slip,209.0,154.0,1281664,180.14091,156.44968,155.85791,162.02507,127.956314,167.25546,102.04372,171.5217,84.9222,175.01297,79.0,176.01281780,1521717971785,1521717972258
slip,156.0,187.0,1282347,182.0,192.0,221.21255,195.914,280.4522,204.67593,368.0,216.51282453,1521717972455,1521717972909
slip,322.0,184.0,1282871,289.12497,184.0,257.01688,176.8771,217.98198,172.11784,163.88448,168.0,123.750175,173.16663,104.562195,178.21031,87.45529,183.41788,86.0,184.01283020,1521717973022,1521717973474
slip,300.0,130.0,1283287,278.44745,142.90483,256.2855,149.4572,220.61298,155.5645,160.45746,161.06915,117.606575,168.42418,95.56405,171.49084,81.05667,172.77148,67.44751,173.01283458,1521717973458,1521717973914
slip,148.0,153.0,1298003,170.0,153.0,207.42267,158.12569,261.6223,162.88521298090,1521717988090,1521717988539
slip,124.0,176.0,1298760,145.0,167.0,171.88568,160.56381,203.17296,153.20235,241.43094,150.25493,289.10953,148.52968,312.5,150.51298899,1521717988902,1521717989366
slip,90.0,179.0,1299476,107.0,179.0,116.69859,179.0,119.37387,179.0,121.648476,179.0,123.42875,179.0,125.87275,179.0,130.5,179.0,135.73361,172.46619,146.03499,167.78601,158.19843,165.98016,181.85445,163.84065,208.8511,160.79433,245.85866,161.62439,256.0,162.01299763,1521717989765,1521717990209
slip,289.0,196.0,1299978,258.13232,196.0,232.14737,196.0,203.6381,193.76883,158.12651,188.3291,111.457504,181.76854,87.53457,178.21922,67.243385,175.22607,66.0,175.01300139,1521717990145,1521717990594
slip,309.0,164.0,1308636,287.0,164.0,258.94086,161.51897,229.99016,161.38943,195.56247,163.01903,161.6832,170.14934,139.02368,176.1601,92.68092,190.44385,93.5,196.51308794,1521717998798,1521717999247
slip,297.0,143.0,1311072,262.65677,148.64407,233.8872,150.85213,200.79395,156.6681,160.92577,165.26546,107.29154,179.76567,86.69051,190.32051311209,1521718001213,1521718001683
slip,282.0,155.0,1316960,263.0,155.0,237.63045,158.83188,208.8373,162.11627,176.23694,168.16588,137.9721,180.24043,99.30862,199.2044,82.12863,210.46361317108,1521718007109,1521718007621
