slip,183.0,283.0,13456918,151.45735,285.804,127.5223,294.1493,106.725,301.47812,92.0,307.013457015,1521373345126,1521373345320
slip,266.0,201.0,13457493,247.0,201.0,224.25189,198.48254,201.40823,198.0,158.85121,207.22975,92.17796,236.06659,76.0,246.013457621,1521373345731,1521373345925
slip,228.0,242.0,13463912,249.0,242.0,276.7527,248.2509,300.21634,254.6576813464010,1521373352124,1521373352324
slip,211.0,195.0,13464574,194.0,195.0,165.17747,193.157,139.28827,193.0,116.49837,199.50055,97.0,207.513464681,1521373352793,1521373352976
slip,297.0,217.0,13465141,251.94815,219.5162,221.578,224.03836,185.22412,235.70142,178.0,238.013465247,1521373353360,1521373353525
slip,196.0,201.0,13468132,222.0,201.0,253.92928,207.74117,294.06982,212.9221513468238,1521373356347,1521373356571
slip,170.0,156.0,13470814,192.0,156.0,221.17416,158.3189,264.16006,167.88309,317.2835,183.00494,326.0,187.013470940,1521373359053,1521373359305
slip,248.0,210.0,13471228,211.07689,206.0,182.26546,205.0,157.24405,207.23413,130.5,208.513471327,1521373359437,1521373359615
slip,232.0,235.0,13483609,212.0,235.0,191.31735,238.72113,169.20982,248.19579,145.32959,266.2116,141.0,270.013483715,1521373371827,1521373372031
slip,252.0,189.0,13484174,218.29312,185.0,189.12674,198.50565,161.1712,212.02701,115.97952,254.38287,110.0,260.013484280,1521373372395,1521373372558
slip,178.0,160.0,13493639,208.17606,160.0,248.893,165.8155,321.30997,185.51147,335.0,190.013493756,1521373381869,1521373382036
slip,205.0,159.0,13502558,220.0,154.0,250.5406,161.14745,280.71912,169.56445,310.9804,177.73402,312.0,178.013502695,1521373390805,1521373390996
slip,269.0,180.0,13511659,237.30716,169.96494,219.45273,167.95439,202.14632,165.3496,194.5,164.513511756,1521373399868,1521373400069
slip,292.0,172.0,13512192,262.3386,174.42233,238.32222,180.91945,221.42883,184.75316,207.05069,191.94931,198.5,200.513512298,1521373400409,1521373400643
slip,184.0,153.0,13521744,209.11555,153.0,237.52621,156.07893,276.23654,164.0473,281.0,165.013521849,1521373409962,1521373410147
slip,194.0,164.0,13526016,223.89091,165.97818,248.88576,171.26123,278.135,172.77264,304.02185,173.013526153,1521373414263,1521373414457
slip,249.0,190.0,13526453,212.80515,191.59926,188.68292,194.66463,167.78374,195.0,152.03188,195.013526551,1521373414660,1521373414866
slip,300.0,197.0,13526966,264.54477,197.0,245.62921,202.3427,222.88953,208.46013,204.5,215.0,190.5,220.513527083,1521373415195,1521373415399
slip,202.0,183.0,13527563,234.03418,173.43346,260.74344,174.0,289.1656,177.0,296.0,177.013527702,1521373415815,1521373416008
slip,204.0,192.0,13532031,244.01262,194.54774,274.1637,201.33264,277.0,202.013532146,1521373420261,1521373420450
slip,237.0,188.0,13532616,219.0,188.0,199.6132,194.29028,180.48085,197.23372,159.56985,199.94542,148.5,202.513532715,1521373420827,1521373421026
