slip,307.0,141.0,1517488,279.03485,146.8188,249.52428,147.28366,214.48819,142.05424,162.37181,136.08975,120.0,130.5,97.65168,129.24106,74.99379,126.19876,62.0,124.51517669,1521768649705,1521768649887
slip,297.0,182.0,1525965,261.55704,185.43176,228.29305,186.55388,189.99767,186.0,148.0767,183.5024,99.0,178.5,95.0,178.01526114,1521768658148,1521768658323
slip,147.0,173.0,1534559,213.41869,189.052341534644,1521768666678,1521768666845
slip,101.0,166.0,1535233,152.6916,163.40796,213.5951,165.51468,248.5,167.01535341,1521768667375,1521768667545
slip,283.0,159.0,1544265,264.47394,159.0,207.74928,149.32344,131.17543,138.02025,94.40521,135.0,76.066086,133.42218,63.5,128.5,63.0,124.01544413,1521768676448,1521768676620
slip,266.0,123.0,1545011,250.0,117.0,229.30089,113.71681,211.83174,113.0,201.77806,117.40731,191.37944,120.31028,188.0,122.0,183.83847,121.0,176.7457,121.0,168.64099,115.11279,159.89485,116.12784,148.5,113.0,136.54187,108.270935,114.674164,97.97839,98.57241,88.750571545278,1521768677313,1521768677485
slip,253.0,114.0,1551972,235.0,108.0,212.7822,99.742584,197.72646,93.10065,187.69063,90.23021,176.30176,87.57544,171.03868,87.0,158.01862,87.0,150.3077,87.0,136.24246,87.0,126.457954,87.0,114.39979,87.01552207,1521768684241,1521768684413
slip,133.0,149.0,1552665,177.73146,143.31714,250.90302,126.75463,311.63834,112.877241552785,1521768684820,1521768684995
slip,227.0,156.0,1554740,191.0,158.0,135.08167,158.0,91.548706,159.36038,59.06398,160.871,29.559723,161.0,23.5,161.01554878,1521768686912,1521768687110
slip,255.0,96.0,1561571,241.0,96.0,223.58762,100.701035,200.08493,101.0,171.17479,101.0,138.0,104.0,102.2368,106.741905,73.90004,112.518745,58.0,115.51561752,1521768693786,1521768693983
slip,242.0,86.0,1562403,176.85971,84.0,128.32442,89.850105,91.292114,97.69235,72.0,102.5,50.0,111.0,48.0,110.01562553,1521768694587,1521768694784
slip,251.0,135.0,1563226,199.25407,128.96356,157.21707,121.86019,110.17623,117.37164,88.84354,117.0,67.0,117.5,62.0,115.01563376,1521768695414,1521768695610
slip,304.0,172.0,1563814,272.9262,174.06429,237.184,175.0,186.4983,169.21773,98.0892,152.7716,68.5,150.5,52.812767,155.63745,31.5,159.0,23.0,158.01563996,1521768696030,1521768696290
slip,170.0,147.0,1567834,189.0,150.0,246.0,129.5,294.77884,107.02279,309.5,98.51567994,1521768700028,1521768700226
slip,125.0,190.0,1568635,145.0,190.0,192.87679,191.14218,317.81775,175.84062,344.0,179.01568784,1521768700820,1521768700998
slip,122.0,225.0,1569115,161.31691,215.85147,232.12112,204.81314,325.26266,189.14677,355.5,184.01569236,1521768701270,1521768701462
slip,273.0,160.0,1578171,241.0,160.0,184.1164,162.0,123.893814,160.57616,89.72334,160.1231,52.215466,165.15691578309,1521768710343,1521768710517
slip,224.0,113.0,1584306,177.7505,106.25017,151.04733,105.0,131.54866,106.28761,121.62822,109.30219,108.0,113.01584443,1521768716477,1521768716676
slip,264.0,166.0,1589234,221.27972,177.45338,187.81345,173.59247,148.87515,167.64586,110.07662,163.70023,88.5,160.0,82.0,159.0,64.34327,154.33731,56.0,151.01589404,1521768721438,1521768721591
slip,259.0,114.0,1590045,223.51071,112.86461,192.50742,112.0,158.02905,112.0,127.81298,112.0,88.5,113.0,71.9726,115.20548,56.045105,116.720726,47.5,115.51590227,1521768722261,1521768722468
slip,302.0,176.0,1590654,287.0,176.0,254.12077,172.0,207.84213,174.83847,144.81573,180.3703,76.925125,188.4366,60.22869,192.37141,36.859856,194.94267,19.5,195.01590836,1521768722872,1521768723049
