slip,281.0,216.0,2001423,252.71016,217.42899,212.01863,225.66046,129.27211,258.44006,89.62744,283.779422001500,1521721337664,1521721338095
slip,275.0,231.0,2010380,229.89897,232.04453,184.68138,240.83481,116.43197,265.712,113.0,268.02010457,1521721346623,1521721347071
slip,314.0,209.0,2026277,272.843,202.3843,227.97403,200.53479,156.14339,208.77036,86.5,225.5,50.5,256.02026393,1521721362559,1521721363001
slip,300.0,224.0,2036943,275.12247,217.03062,243.30478,213.96977,201.24876,217.10208,119.64547,237.71594,92.5,268.02037049,1521721373215,1521721373723
slip,313.0,216.0,2047343,268.00836,208.81894,218.08209,212.65672,115.48584,236.87854,74.82298,265.4877,72.0,267.02047449,1521721383616,1521721384080
slip,202.0,217.0,2047855,225.03314,215.59337,262.9567,211.21738,312.29324,205.68285,346.5,200.52047961,1521721384126,1521721384584
slip,155.0,189.0,2048314,171.0,189.0,203.76814,189.0,258.81525,189.39105,330.5726,188.31212,339.0,188.02048432,1521721384596,1521721385053
slip,319.0,199.0,2058224,267.15427,196.92302,207.1591,209.69498,109.76593,248.7809,98.5,267.02058350,1521721394516,1521721394974
slip,273.0,205.0,2067359,233.84044,208.02176,173.96938,224.67088,91.26779,268.98842067425,1521721403588,1521721404085
slip,316.0,227.0,2078200,278.64505,217.81001,238.74887,218.85005,167.96056,239.42535,103.10791,268.446042078306,1521721414468,1521721414935
slip,212.0,217.0,2078713,248.76411,214.1023,286.09616,211.40028,324.52585,207.944642078818,1521721414981,1521721415448
slip,197.0,206.0,2079097,216.78152,191.51366,244.87845,190.00607,288.5,193.02079203,1521721415369,1521721415823
slip,291.0,183.0,2079630,257.0677,183.0,223.57259,184.60686,184.12259,196.95914,110.06986,233.34412,103.0,239.02079737,1521721415904,1521721416349
slip,297.0,238.0,2080016,283.0,238.0,270.16937,229.4385,254.78531,227.57854,237.957,229.8086,213.22319,233.17262,186.63815,242.73131,162.0,256.52080154,1521721416319,1521721416798
