slip,279.0,230.0,1020081,250.8559,214.21397,225.68138,210.22928,160.0696,208.0,55.536232,214.09149,31.0,226.51020207,1521720076784,1521720077246
slip,293.0,230.0,1023345,263.384,228.48486,214.16019,229.36499,140.50905,246.77403,120.0,253.01023421,1521720080003,1521720080476
slip,175.0,231.0,1024427,190.0,225.0,245.97943,224.90256,298.90427,223.0,327.5,223.01024533,1521720081113,1521720081550
slip,135.0,196.0,1024908,163.0,196.0,222.06082,200.58841,323.78915,209.59395,344.0,212.01025024,1521720081605,1521720082049
slip,266.0,229.0,1028873,233.51944,216.53041,190.5,211.5,82.08649,221.30849,39.88961,235.819,18.0,249.51028979,1521720085559,1521720085989
slip,282.0,217.0,1031588,246.44922,205.53622,222.9206,203.0,183.76363,207.34836,109.949585,221.86795,65.5,239.0,50.0,250.51031725,1521720088305,1521720088758
slip,253.0,211.0,1033669,192.86003,217.80128,97.94242,251.18214,77.0,260.01033724,1521720090304,1521720090749
slip,303.0,206.0,1043681,266.26627,197.07915,230.5,194.0,168.22151,210.45496,90.597336,247.33882,80.0,254.01043788,1521720100367,1521720100831
slip,302.0,193.0,1055633,273.9727,185.99454,239.323,185.61154,196.1011,187.16893,131.70844,195.1373,98.0,200.51055747,1521720112324,1521720112788
slip,205.0,185.0,1056024,256.7484,174.22516,316.0,171.01056112,1521720112689,1521720113163
slip,140.0,220.0,1057030,203.68999,222.26407,305.88077,234.94095,320.0,237.01057136,1521720113718,1521720114170
slip,256.0,226.0,1069329,211.72539,230.04225,130.87657,247.53085,51.32261,266.875581069395,1521720125971,1521720126445
slip,319.0,206.0,1071149,301.0,202.0,259.28683,197.05362,185.62338,206.53697,102.509544,234.88622,48.5,267.01071254,1521720127833,1521720128279
slip,277.0,239.0,1072642,256.0,239.0,222.2066,244.23041,152.52472,263.04977,70.0,289.51072708,1521720129288,1521720129726
slip,112.0,220.0,1081035,141.0,220.0,207.33365,225.0,325.3869,229.0,338.0,229.01081140,1521720137721,1521720138131
slip,294.0,207.0,1081974,267.0,201.0,225.09741,203.91425,145.09715,220.96164,85.68476,242.89131,63.953957,253.023031082092,1521720138668,1521720139135
slip,295.0,196.0,1082563,276.0,189.0,240.28516,190.60577,192.69861,204.84418,97.0,247.51082660,1521720139237,1521720139698
slip,160.0,258.0,1104162,201.8436,245.69646,301.40866,245.08673,308.0,245.01104249,1521720160829,1521720161271
slip,143.0,181.0,1104813,179.44121,165.79567,216.9955,166.11095,280.67288,173.47969,335.97427,187.866961104941,1521720161518,1521720161964
slip,147.0,166.0,1105475,176.29582,160.11362,216.67368,159.0,268.40686,159.0,369.0,162.01105593,1521720162170,1521720162621
slip,136.0,174.0,1106277,188.9851,177.0,237.28738,178.30959,310.32324,186.69795,321.0,188.01106406,1521720162986,1521720163447
slip,79.0,211.0,1106833,140.0924,191.09694,236.20993,177.33466,328.5,176.5,354.5,189.51106950,1521720163530,1521720164009
slip,278.0,172.0,1107375,253.72754,171.4773,212.23846,172.9702,121.5,186.0,62.817184,202.63672,59.0,204.01107453,1521720164034,1521720164479
slip,282.0,201.0,1111683,236.29257,201.0,128.88208,230.04353,36.00956,264.33493,46.0,266.01111760,1521720168339,1521720168778
slip,320.0,185.0,1118930,268.09085,194.63638,220.18369,210.40036,142.226,248.163731119017,1521720175595,1521720176049
