slip,317.0,174.0,3849540,268.9393,174.4427,228.46834,181.9031,132.80096,199.84694,66.79453,207.48524,51.5,208.53849667,1521703652289,1521703652350
slip,302.0,198.0,3853799,267.00842,198.0,221.5,198.0,151.99672,192.99966,92.0,188.53853888,1521703656512,1521703656578
slip,315.0,175.0,3855641,299.0,175.0,264.79938,175.0,227.21567,176.27138,179.99664,174.11073,104.0,167.03855747,1521703658370,1521703658449
slip,314.0,186.0,3859254,292.4274,186.0,268.9572,184.0474,230.06366,186.37971,177.26543,191.32915,99.99997,194.88889,90.0,196.03859380,1521703662006,1521703662082
slip,273.0,200.0,3860852,239.45146,201.42616,193.18451,202.74812,149.5,201.53860908,1521703663531,1521703663647
slip,302.0,186.0,3863076,281.29996,186.0,242.34442,189.86623,185.98827,190.63438,106.30215,190.81926,96.0,191.03863163,1521703665786,1521703665877
slip,281.0,192.0,3864446,253.8271,192.0,214.69455,196.86972,123.97441,202.89676,110.0,204.03864511,1521703667136,1521703667231
slip,228.0,154.0,3865751,214.0,141.0,211.20929,134.83717,211.0,131.39166,224.8954,125.41422,241.22641,122.23156,261.0,127.53865888,1521703668512,1521703668549
slip,294.0,207.0,3874648,78.0,197.03874737,1521703678326,1521703678383
slip,326.0,172.0,3875271,75.0,160.03875431,1521703678339,1521703678402
slip,289.0,197.0,3876156,75.0,167.03876255,1521703679023,1521703679115
slip,169.0,194.0,3882080,188.0,189.0,204.5,195.03882196,1521703684822,1521703684899
slip,322.0,165.0,3888428,286.52408,165.0,259.35324,166.75229,208.5904,175.48192,123.73415,194.15851,71.59474,206.90987,37.895737,216.931273888576,1521703691199,1521703691280
slip,307.0,141.0,3890573,286.40866,141.0,252.02168,136.74922,186.49548,143.31306,99.350296,156.2604,90.0,158.03890660,1521703693283,1521703693377
slip,295.0,173.0,3894591,233.5,180.5,167.88054,176.72205,78.5,165.03894667,1521703697293,1521703697354
slip,298.0,186.0,3900821,233.59334,187.20024,161.97455,185.21991,88.340195,180.33505,43.0,169.03900908,1521703703537,1521703703657
slip,298.0,173.0,3911263,261.2778,177.18056,223.4063,182.52821,168.0061,187.567083911340,1521703713962,1521703714048
slip,129.0,170.0,3911885,166.65031,164.0,217.35727,165.03572,360.0,171.03911991,1521703714616,1521703714704
slip,154.0,166.0,3912794,205.48749,169.47963,286.18866,175.421,370.5,180.53912891,1521703715515,1521703715589
slip,302.0,174.0,3924632,276.7847,174.0,237.73184,176.71832,195.6635,178.23468,143.5,175.03924708,1521703727331,1521703727401
slip,287.0,141.0,3930392,238.48013,146.85199,198.07825,150.14235,141.00237,151.0,127.0,151.03930470,1521703733092,1521703733182
slip,311.0,155.0,3932330,286.0,155.0,255.98566,152.0,220.40714,153.24316,177.57283,153.0,103.95321,155.474433932446,1521703735068,1521703735123
slip,268.0,151.0,3934924,229.31293,162.23547,183.74957,169.81459,135.0,179.03934979,1521703737604,1521703737685
slip,269.0,149.0,3936570,243.71082,149.0,212.50587,154.35631,178.36569,157.46953,150.58514,155.50946,146.0,155.03936646,1521703739269,1521703739394
slip,292.0,146.0,3940748,265.94794,146.0,229.57213,146.67078,183.09846,147.0,123.15929,144.27536,116.0,144.03940836,1521703743461,1521703743530
