slip,210.0,199.0,3779404,181.0,217.0,95.26258,273.356,52.5,294.03779476,1521617579967,1521617579807
slip,320.0,209.0,3782845,272.1221,221.07945,202.20415,239.75273,110.17865,264.8229,56.431255,284.958043782951,1521617583438,1521617583339
slip,309.0,192.0,3785848,291.0,192.0,252.59521,200.29013,172.59334,228.9177,89.15613,279.37223785953,1521617586444,1521617586322
slip,262.0,173.0,3789097,209.34956,181.08636,105.83726,224.85416,70.38433,261.3792,50.5,282.03789183,1521617589673,1521617589536
slip,314.0,181.0,3793243,282.40564,187.28989,248.46495,195.95064,188.31561,221.90944,125.375145,266.598573793340,1521617593827,1521617593673
slip,288.0,146.0,3795657,211.49974,174.70323,143.89635,202.04185,106.40815,229.88498,59.241974,266.279723795763,1521617596250,1521617596123
slip,211.0,158.0,3796352,186.65395,163.72849,84.28432,205.18547,26.0,262.53796414,1521617596904,1521617596736
slip,233.0,126.0,3799332,285.0,146.03799459,1521617600508,1521617600340
slip,207.0,130.0,3800923,36.0,255.03801041,1521617602392,1521617602225
slip,302.0,122.0,3801511,47.0,265.03801609,1521617602401,1521617602287
slip,310.0,153.0,3802014,62.0,233.03802121,1521617602946,1521617602782
slip,306.0,185.0,3802612,261.13843,177.81612,224.04657,175.46512,165.19997,177.5756,45.97885,210.55623,34.0,215.03802729,1521617603217,1521617603095
slip,309.0,218.0,3806054,240.28412,211.26776,140.66542,208.93724,67.353386,218.30925,34.71787,236.7116,21.0,247.03806160,1521617606650,1521617606519
slip,253.0,231.0,3807162,198.77074,240.16878,143.24367,260.90366,59.0,313.53807228,1521617607718,1521617607613
slip,234.0,254.0,3809004,219.1292,233.24054,214.41104,228.30827,216.13527,221.33092,220.0,216.53809109,1521617609596,1521617609460
slip,288.0,151.0,3811782,260.0,145.0,218.52719,142.0,188.415,148.34264,170.5,154.03811868,1521617612357,1521617612196
slip,192.0,238.0,3813085,239.39662,238.0,293.60333,241.90295,297.0,242.03813171,1521617613662,1521617613515
slip,278.0,182.0,3825555,214.91199,185.38464,157.48688,204.82689,82.206215,250.33948,56.5,272.53825651,1521617626143,1521617626005
slip,297.0,222.0,3828875,243.84996,251.51431,152.43875,297.28064,100.55336,314.86166,84.0,319.03828962,1521617629452,1521617629333
slip,258.0,254.0,3829477,245.60802,235.21605,245.0,229.09145,261.5,219.53829574,1521617630060,1521617629891
slip,294.0,195.0,3830941,258.03683,202.49232,218.5426,214.15247,149.82642,240.58679,112.147224,264.2599,94.5,290.03831045,1521617631536,1521617631404
slip,254.0,108.0,3836347,212.97531,110.5537,174.0,118.5,100.42266,151.67989,63.201813,186.59795,42.5,210.03836452,1521617636943,1521617636804
slip,320.0,157.0,3839243,290.3295,168.6679,244.16347,184.27884,159.97371,217.78786,97.97678,252.01355,56.0,276.53839348,1521617639839,1521617639691
slip,295.0,129.0,3845909,53.0,162.03846016,1521617647586,1521617647429
slip,284.0,168.0,3846475,68.0,203.03846603,1521617647600,1521617647468
slip,294.0,177.0,3847041,65.0,272.03847148,1521617647638,1521617647507
slip,300.0,145.0,3847650,274.52698,137.24164,241.00656,132.12079,183.9436,135.60158,95.468895,150.29634,34.463943,191.78348,25.0,203.03847768,1521617648259,1521617648170
slip,253.0,132.0,3852256,125.0,191.03852362,1521617653577,1521617653423
slip,313.0,220.0,3852801,120.0,265.03852918,1521617653591,1521617653464
slip,299.0,96.0,3853431,55.0,162.03853559,1521617655503,1521617655360
slip,272.0,224.0,3854318,49.0,227.03854425,1521617655517,1521617655381
slip,276.0,159.0,3855066,21.0,214.03855195,1521617656203,1521617656090
slip,159.0,213.0,3855846,214.39226,219.16498,302.79813,221.35252,371.0,220.53855944,1521617656432,1521617656304
slip,275.0,167.0,3856456,213.84866,163.0,178.7804,176.58235,98.5,223.0,61.98165,263.260563856563,1521617657050,1521617656935
slip,252.0,114.0,3859011,227.0,114.0,188.09483,119.82792,141.17163,136.48662,52.90222,187.92552,14.296791,231.042163859117,1521617659604,1521617659471
slip,197.0,184.0,3859533,230.88834,186.0935,282.89923,188.0,313.5,188.03859631,1521617660121,1521617659985
slip,173.0,183.0,3860678,231.23,174.58046,278.455,179.83034,375.5,195.03860783,1521617661272,1521617661146
slip,320.0,162.0,3871684,248.35506,148.92834,151.80592,150.06459,96.878235,159.85278,62.63602,183.36398,49.9034,205.00285,48.0,209.03871800,1521617672288,1521617672169
slip,263.0,152.0,3873683,222.26556,165.77719,180.51245,180.2026,73.0,216.53873754,1521617674243,1521617674097
slip,278.0,158.0,3880070,231.71143,158.0,160.43869,161.60689,45.0,178.0,6.0,218.03880146,1521617680635,1521617680499
slip,283.0,203.0,3884315,233.68634,214.04428,169.16718,232.16162,63.768787,263.2312,63.0,264.03884420,1521617684921,1521617684762
slip,263.0,155.0,3884953,227.32286,172.0411,167.94408,204.71298,107.155815,253.723593885019,1521617685505,1521617685390
slip,297.0,209.0,3889143,65.0,295.03889231,1521617690897,1521617690739
slip,270.0,133.0,3889614,219.0,142.0,43.0,204.03889720,1521617690925,1521617690773
slip,251.0,178.0,3890244,61.0,221.03890343,1521617690966,1521617690812
slip,262.0,161.0,3890957,36.0,211.03891024,1521617692983,1521617692863
slip,184.0,190.0,3891366,372.5,163.03891473,1521617693012,1521617692884
slip,141.0,160.0,3891836,311.0,127.03891954,1521617693043,1521617692933
slip,280.0,125.0,3892168,53.0,255.03892266,1521617693048,1521617692951
slip,315.0,144.0,3892541,31.0,242.03892670,1521617693713,1521617693550
slip,226.0,189.0,3892999,54.0,238.03893055,1521617693725,1521617693606
slip,277.0,190.0,3893354,235.78596,186.0,180.22621,189.64781,80.317154,215.38443,37.120102,245.292243893442,1521617693929,1521617693787
