slip,296.0,165.0,1544406,271.0,165.0,233.44812,168.10645,196.74689,168.0,159.98553,167.0,128.9606,167.0,80.05321,161.00719,80.0,161.01544543,1521684687762,1521684688323
slip,274.0,189.0,1554590,257.0,189.0,220.67755,181.3898,183.61597,178.18399,148.28267,177.14922,115.0,175.5,89.02647,175.617421554716,1521684697937,1521684698478
slip,263.0,138.0,1564037,222.82327,131.06978,186.90845,129.079,151.65378,129.5403,117.07818,131.18675,92.83228,136.82437,85.0,139.01564165,1521684707387,1521684707928
slip,200.0,163.0,1564805,223.0,153.0,253.56577,148.77632,292.0,148.0,316.9976,153.59967,320.0,154.01564934,1521684708153,1521684708704
slip,157.0,185.0,1565446,193.97375,173.20393,239.69762,170.5501,276.54938,172.0,323.05203,173.3811,334.5,179.01565596,1521684708815,1521684709401
slip,254.0,193.0,1576221,223.0,183.0,145.41321,169.29434,88.69104,166.0,62.717484,166.70515,44.457123,168.0,37.639843,168.0,25.5,168.01576347,1521684719569,1521684720119
slip,282.0,182.0,1576881,255.40263,173.48053,221.08763,169.17397,178.65291,164.6771,122.497314,166.80016,86.0,174.5,64.21026,181.85983,64.0,182.01577010,1521684720229,1521684720802
slip,283.0,189.0,1578412,262.0,179.0,227.31393,168.79114,180.98648,159.59729,126.890045,153.0,98.42833,150.34451,78.877266,151.60818,73.0,152.01578538,1521684721760,1521684722330
slip,312.0,171.0,1589847,271.77866,148.8286,228.905,136.64133,147.04773,121.60573,114.49657,124.42955,88.287674,136.5702,86.0,138.01589974,1521684733193,1521684733748
slip,254.0,175.0,1598760,219.79335,165.6897,165.59239,157.81479,62.57716,161.69464,40.62119,177.5167,25.5,197.01598857,1521684742075,1521684742619
slip,159.0,178.0,1599346,198.04411,149.77882,261.38107,131.65472,332.5,116.51599444,1521684742664,1521684743211
slip,155.0,132.0,1599925,170.0,132.0,221.70982,132.83469,305.53775,143.25902,364.5,150.51600030,1521684743252,1521684743810
slip,146.0,269.0,1605023,175.18425,269.0,178.0,269.01605139,1521684748361,1521684748900
slip,147.0,151.0,1609138,187.23193,141.78743,247.36063,146.3734,360.8283,168.3471609242,1521684752465,1521684752979
slip,260.0,181.0,1609670,198.02429,175.55646,154.4792,174.01653,115.0,172.5,72.652275,170.776821609777,1521684752999,1521684753567
slip,250.0,170.0,1610055,212.78535,166.03096,168.89233,160.5057,92.693344,153.40666,51.13215,157.46696,40.5,159.01610162,1521684753382,1521684753907
slip,168.0,166.0,1610536,182.0,156.0,220.54666,146.66411,272.0,141.5,346.0,149.01610653,1521684753875,1521684754475
slip,294.0,180.0,1616448,265.0,172.0,214.10565,164.33275,172.50775,159.5586,120.714905,159.945,91.746414,161.57835,85.0,162.01616564,1521684759784,1521684760328
slip,288.0,212.0,1618383,279.0,198.0,276.0,191.32745,278.48294,188.00682,286.51047,185.16318,296.90762,177.55774,309.53992,170.2556,310.0,170.01618532,1521684761754,1521684762327
slip,290.0,172.0,1622143,242.83618,166.50078,198.67577,164.0,122.734245,163.06662,93.929184,164.65123,68.782555,167.13527,58.0,168.01622271,1521684765493,1521684766052
