slip,186.0,257.0,14369122,153.74525,257.0,125.029305,263.9363,103.37321,269.57748,86.74524,275.5471814369219,1521374573420,1521374573623
slip,267.0,182.0,14369655,204.91,191.61652,169.58752,187.23523,141.5,184.0,126.29934,187.3779314369762,1521374573963,1521374574137
slip,158.0,100.0,14502386,135.70659,104.11677,128.2769,110.084656,123.90569,115.09431,122.615875,120.53651,123.0,122.014502514,1521374741606,1521374741809
slip,140.0,87.0,14502899,171.17845,73.90266414502987,1521374742076,1521374742251
slip,158.0,163.0,14504129,138.75525,171.54079,131.728,172.0,126.20072,172.0,125.5,172.014504244,1521374743334,1521374743512
slip,252.0,201.0,14511263,218.35266,214.65976,194.87627,222.46393,176.39316,227.1517,161.5,227.514511361,1521374750454,1521374750744
slip,255.0,187.0,14511872,220.62512,187.0,191.77505,188.15312,166.10208,190.04988,141.8781,191.42438,139.0,192.014511979,1521374751068,1521374751249
slip,169.0,180.0,14521616,198.67326,172.88449,220.76048,171.20247,245.0,171.0,272.11667,172.0,299.2473,172.0,314.50735,169.4991814521764,1521374760853,1521374761036
slip,206.0,165.0,14528196,185.0,165.0,158.83255,169.86697,132.44943,174.22823,104.19867,181.5298,84.51802,189.59279,71.5,193.014528322,1521374767414,1521374767626
slip,298.0,186.0,14531101,274.43777,186.0,252.36778,179.70277,226.58511,174.67221,204.78304,172.0,181.03604,173.5952,163.8068,175.41933,153.4067,176.0,150.0814,170.1628114531260,1521374770350,1521374770543
slip,267.0,206.0,14531794,248.0,212.0,218.05766,219.42476,187.34023,224.24896,153.22188,231.5186,111.14206,240.17159,101.338264,246.83087,99.0,248.014531922,1521374771016,1521374771276
slip,279.0,186.0,14533965,238.91351,195.76416,206.50626,199.84938,173.37471,199.06874,139.937,197.49686,112.633705,197.0,91.3122,197.60799,87.0,198.014534102,1521374773196,1521374773434
slip,142.0,169.0,14534979,180.29012,166.96776,220.8856,172.1306,276.77286,174.16519,342.0,166.514535106,1521374774198,1521374774402
slip,111.0,176.0,14535576,140.06664,168.0,171.5,171.0,209.09868,173.53185,262.66763,177.0,328.62924,167.02295,333.0,166.014535736,1521374774827,1521374775021
slip,299.0,188.0,14544869,256.9258,188.0,222.49892,187.0,188.09389,187.31392,158.9937,190.33438,137.39134,195.06354,120.15203,198.10614545019,1521374784108,1521374784309
slip,294.0,163.0,14545585,262.67813,172.0,240.90039,172.0,215.0047,169.17702,185.05,164.90953,161.53123,163.56065,148.0,162.514545714,1521374784808,1521374784988
slip,271.0,201.0,14548322,261.0,184.0,279.0,167.514548419,1521374787507,1521374787685
slip,76.0,170.0,1224303,101.72043,170.0,120.63484,178.18091,141.0,177.51224419,1521525785447,1521525784722
slip,235.0,215.0,1226569,200.93481,215.0,180.54987,215.0,160.97432,215.0,149.92105,211.73685,149.0,211.01226685,1521525787706,1521525787028
slip,287.0,185.0,1228321,268.0,185.0,244.73915,179.39131,220.76048,173.33612,197.05238,166.72925,179.5805,162.74934,175.0,162.01228448,1521525789470,1521525788778
slip,271.0,194.0,1231282,236.263,194.0,204.09453,201.51138,174.33804,204.80652,150.94046,202.11755,129.0,196.01231387,1521525792409,1521525791716
slip,250.0,155.0,1234166,228.1048,159.49127,209.16948,160.0,185.17688,153.05896,161.3841,146.59602,142.21675,138.60838,130.0,132.51234283,1521525795305,1521525794596
slip,286.0,169.0,1236326,259.94476,178.01381,235.31795,180.0,208.38167,178.9101,174.56418,173.83463,148.02914,169.50485,125.49128,167.606521236452,1521525797474,1521525796800
slip,288.0,195.0,1239991,255.21991,195.0,231.71812,188.23938,204.39719,180.56738,177.18874,170.44577,155.45175,160.68823,143.44576,155.22289,143.0,155.01240129,1521525801150,1521525800487
slip,257.0,164.0,1240674,219.47353,172.68047,194.39752,174.28766,173.13048,172.52174,152.0,169.0,137.0,165.51240791,1521525801813,1521525801134
slip,274.0,170.0,1250208,244.35513,175.08061,220.69603,177.08693,195.19658,176.30568,167.50833,172.29079,138.42294,169.27115,133.0,169.01250325,1521525811350,1521525810645
slip,177.0,139.0,1250677,204.6466,148.0,233.53972,150.65398,266.3337,155.39136,298.64435,161.81985,320.0,160.01250837,1521525811859,1521525811172
slip,152.0,137.0,1251211,169.0,137.0,190.32164,138.64288,220.0,145.0,250.58777,152.51755,287.5,151.5,355.5,141.51251361,1521525812384,1521525811719
slip,279.0,202.0,1261130,244.3552,198.08357,214.22081,190.59604,184.75684,182.09912,157.07362,173.5276,139.16226,168.22607,140.0,167.01261257,1521525822281,1521525821571
slip,291.0,205.0,1267457,261.567,205.0,242.09494,205.0,214.35913,197.30203,191.75539,191.55107,171.18762,185.07216,159.0,181.01267583,1521525828604,1521525827935
slip,247.0,217.0,1271657,233.0,217.0,208.67636,217.0,183.07214,214.13402,163.07904,214.07707,142.5,212.51271762,1521525832784,1521525832084
slip,270.0,132.0,1273795,252.0,144.0,228.75108,153.9419,205.39859,157.74686,180.94194,161.53548,151.0,163.51273900,1521525834921,1521525834223
slip,262.0,157.0,1275195,223.45898,165.56763,197.61134,164.18958,172.83606,164.0,148.9633,159.86177,134.57573,158.59781275310,1521525836331,1521525835672
slip,283.0,177.0,1275760,256.68994,183.71834,236.73495,185.0,210.76233,182.03087,182.38983,180.20848,154.32117,177.2202,132.85124,173.97874,116.99603,170.1988,113.0,169.01275909,1521525836930,1521525836242
slip,298.0,165.0,1284428,271.66562,175.1254,244.04512,182.20102,212.5926,188.01306,191.52106,189.0,164.3537,187.44716,161.0,187.01284544,1521525845569,1521525844863
slip,148.0,143.0,1284887,175.77316,153.17181,193.0563,156.23943,217.5923,158.15248,249.4357,161.1272,281.51706,164.4517,309.33997,159.28638,315.0,158.01285036,1521525846060,1521525845357
slip,145.0,180.0,1285593,175.83081,170.36153,199.01073,165.78342,234.49667,166.47588,261.8651,168.1508,293.84897,165.55458,301.0,164.01285741,1521525846765,1521525846075
slip,252.0,188.0,1295938,237.0,184.0,214.58154,175.23262,191.41354,166.48271,168.5019,161.20052,143.79315,158.55666,133.5,159.01296054,1521525857075,1521525856364
slip,290.0,171.0,1299786,259.8621,186.80106,242.5,188.5,206.92563,180.8535,162.6657,173.53523,134.47156,169.92953,121.5,165.51299923,1521525860947,1521525860232
slip,234.0,186.0,1307172,206.54025,186.0,181.79504,186.0,151.45845,187.0,128.50774,184.62694,118.0,182.01307276,1521525868299,1521525867602
