slip,297.0,108.0,5936961,267.17606,119.30281,224.11237,125.48127,108.5,145.0,73.56846,157.88113,53.25829,169.70003,17.489489,200.44675937109,1521621624556,1521621624388
slip,285.0,143.0,5941865,277.0,160.0,251.5072,175.33014,213.2561,184.03613,128.79514,194.53185,85.672066,199.2043,37.353317,212.856285942003,1521621629449,1521621629291
slip,272.0,140.0,5948583,229.87296,143.84818,146.79285,156.61539,77.630424,170.01956,42.321846,197.0127,26.5,214.55948670,1521621636119,1521621635974
slip,104.0,162.0,5958256,146.06712,154.28227,187.4685,146.81947,250.0,143.0,277.09576,146.85352,300.0,153.0,312.71487,156.89308,324.69263,163.34631,335.4595,170.32822,351.5,182.05958458,1521621645908,1521621645752
slip,51.0,182.0,5959149,70.47266,176.87561,109.56907,171.3908,156.49681,168.43355,229.97646,168.6892,275.12628,173.68771,325.68292,184.97853,332.0,187.05959267,1521621646713,1521621646561
slip,171.0,145.0,5965607,187.25816,145.0,182.89273,133.07127,175.38019,125.97524,169.53674,120.402565,160.0,114.05965765,1521621653213,1521621653070
slip,295.0,173.0,5969346,254.12108,169.68684,213.65158,171.33438,148.11728,181.05437,83.69278,203.72623,68.041405,210.652865969473,1521621656919,1521621656829
slip,278.0,121.0,5978940,259.0,135.0,222.21994,141.32481,154.10448,156.71144,71.40274,183.66559,35.0,209.0,38.0,211.05979079,1521621666530,1521621666383
slip,313.0,125.0,5980971,313.0,143.73994,317.3339,152.50082,317.0,158.95636,318.3929,165.57167,318.0,167.0,319.0,166.05981130,1521621668578,1521621668453
slip,114.0,83.0,5984561,100.0,83.0,85.59351,86.762596,69.69704,97.30296,66.0,101.05984677,1521621672128,1521621671971
slip,215.0,62.0,5986859,195.53566,56.249874,183.17279,55.05986955,1521621674402,1521621674264
slip,206.0,65.0,5989603,175.0,67.05989732,1521621677895,1521621677741
slip,184.0,77.0,5990233,255.0,70.05990361,1521621677906,1521621677763
slip,78.0,166.0,5991686,315.0,201.05991846,1521621679751,1521621679571
slip,316.0,215.0,5992188,38.0,234.05992295,1521621679761,1521621679607
slip,321.0,188.0,5992766,134.0,189.05992894,1521621680362,1521621680190
slip,288.0,196.0,6003812,247.38472,200.68863,192.29663,208.55551,103.75357,228.76552,74.64873,252.34494,69.0,256.06003899,1521621691349,1521621691195
slip,164.0,143.0,6004403,145.58664,143.0,141.29138,143.0,132.7492,148.500526004519,1521621691965,1521621691877
slip,281.0,150.0,6008982,251.25998,156.9675,212.23608,164.70567,150.61804,175.05457,116.5,184.0,88.77879,190.6755,72.75232,200.63011,69.0,203.06009092,1521621696542,1521621696388
slip,291.0,132.0,6014746,266.72574,139.65485,242.43504,143.2565,209.66252,146.39432,173.38643,150.8785,135.8942,153.73483,106.18442,161.12624,99.0,164.06014894,1521621702343,1521621702215
slip,178.0,154.0,6019886,154.33865,132.33865,150.14989,122.89931,147.0,114.077934,154.28688,106.62788,162.0,102.06020022,1521621707471,1521621707323
