slip,285.0,130.0,1278204,264.0,130.0,230.49101,136.00163,187.76361,143.89563,109.03276,162.38832,58.5,170.0,45.03552,171.84341,43.0,172.01278332,1521684311308,1521684311872
slip,302.0,160.0,1287340,272.40552,161.05945,237.1139,168.47153,180.69432,181.2804,122.89618,195.52596,106.0,197.51287446,1521684320423,1521684320975
slip,191.0,183.0,1311161,210.1138,164.11034,241.97023,157.50212,286.6791,156.84569,291.0,157.01311278,1521684344254,1521684344811
slip,292.0,165.0,1311887,253.88112,165.0,219.25835,168.21771,170.0524,172.65793,119.30482,175.70384,89.365326,177.51357,85.0,177.01312004,1521684344983,1521684345525
slip,285.0,155.0,1321933,252.23332,156.22084,224.41974,159.2716,189.1318,165.30022,157.00623,172.4271,117.25044,178.34369,77.5,173.01322060,1521684355037,1521684355579
slip,280.0,296.0,1327800,262.156,280.156,260.90002,273.50012,261.0,265.394841327918,1521684360893,1521684361413
slip,299.0,155.0,1333358,255.9256,158.7038,223.46608,164.6378,186.39917,173.4002,133.0,183.0,106.976494,185.07512,106.0,185.01333485,1521684366461,1521684367015
slip,189.0,174.0,1333912,219.61717,174.0,254.50697,174.0,304.5,175.51334010,1521684366987,1521684367532
slip,190.0,157.0,1334533,252.82637,150.25282,306.80573,156.65468,310.0,157.01334638,1521684367619,1521684368175
slip,267.0,160.0,1345701,222.39075,160.0,175.78748,157.0,128.42317,158.51802,80.468445,161.87044,79.0,162.01345798,1521684378777,1521684379337
slip,274.0,148.0,1347774,242.99261,148.0,197.5,143.5,123.86235,159.35628,87.2079,168.3101,65.75534,169.719421347879,1521684380854,1521684381383
slip,293.0,180.0,1350028,253.16336,180.0,215.53194,181.28122,180.28694,183.70119,146.87502,182.630681350126,1521684383101,1521684383669
slip,293.0,174.0,1353278,274.0,174.0,244.04965,179.75887,212.56953,184.41457,184.27608,192.40623,119.0,208.0,90.979675,215.75508,90.0,216.01353405,1521684386381,1521684386972
slip,287.0,152.0,1357660,245.32556,156.77356,206.91397,157.78096,166.31346,159.28468,115.99996,162.88,78.5315,164.35071357775,1521684390752,1521684391289
slip,300.0,161.0,1360481,241.2315,163.73071,197.06506,167.92654,123.23471,180.56752,71.77058,177.140761360586,1521684393562,1521684394130
slip,240.0,142.0,1362501,176.98473,149.44366,134.65273,156.83682,76.1333,166.73514,54.0,168.51362598,1521684395574,1521684396123
slip,249.0,151.0,1363100,221.0,151.0,175.39565,147.13582,138.4649,147.4366,116.0,150.51363185,1521684396162,1521684396712
slip,287.0,173.0,1369382,133.0,178.01369489,1521684403236,1521684403749
slip,253.0,171.0,1369991,114.0,171.01370089,1521684403249,1521684403846
slip,192.0,202.0,1370548,36.0,193.01370676,1521684403946,1521684404489
