slip,315.0,168.0,1168363,289.679,168.0,254.98389,165.0,207.58525,165.0,144.51869,165.0,107.0,166.5,88.5,167.51168479,1521613219662,1521613219543
slip,290.0,146.0,1178281,266.0,140.0,226.01572,135.60188,180.64244,135.0,97.48384,143.82092,61.168636,149.80522,63.0,150.01178408,1521613229590,1521613229472
slip,297.0,174.0,1179616,255.19113,174.0,205.92503,168.8394,119.59937,158.76175,97.5,153.51179721,1521613230903,1521613230762
slip,243.0,104.0,1182584,191.02258,97.521805,131.61395,98.628586,88.58014,104.44921,72.534035,108.80824,67.0,109.51182670,1521613233852,1521613233758
slip,269.0,145.0,1183567,236.43988,140.90523,198.04242,140.40584,156.8287,144.72908,118.58288,153.74011,112.0,157.01183654,1521613234835,1521613234688
slip,300.0,122.0,1191906,254.9499,126.35654,207.1087,132.69565,121.91285,146.72664,111.27373,144.0,98.85529,141.97371192022,1521613243201,1521613243097
slip,156.0,198.0,1192523,199.54988,190.87857,251.14015,185.85748,347.29123,170.968521192641,1521613243820,1521613243733
slip,124.0,154.0,1193122,177.67995,154.84,247.94673,156.91277,321.0,159.01193210,1521613244391,1521613244244
slip,300.0,140.0,1203970,278.0,140.0,223.63939,146.83504,135.23405,152.99193,85.38754,156.81079,61.660496,159.16743,41.79159,160.01204097,1521613255276,1521613255172
slip,314.0,130.0,1208160,284.72098,124.048065,247.12341,125.60114,204.774,131.47792,149.49301,143.05737,130.69681,148.390961208276,1521613259455,1521613259361
slip,310.0,154.0,1211042,257.46994,130.21907,229.3598,129.7378,193.20407,140.92151,180.0,146.01211140,1521613262322,1521613262185
slip,166.0,175.0,1211740,204.98154,175.0,247.96661,164.65054,301.5,158.01211844,1521613263025,1521613262893
slip,292.0,118.0,1215170,259.14304,118.0,222.40195,119.373825,186.83719,133.8898,137.67,160.24875,129.0,163.51215275,1521613266457,1521613266347
slip,146.0,92.0,1219829,134.0,122.75668,145.0271,134.35141219935,1521613271114,1521613270970
slip,290.0,158.0,1236340,246.32913,149.69621,192.36172,143.15425,116.24323,135.95863,91.65839,132.40898,69.706436,128.14128,66.0,129.01236467,1521613287649,1521613287550
slip,298.0,162.0,1240208,305.18033,144.12022,291.90747,137.41248,272.12982,132.95639,233.77406,127.27956,162.24997,125.575,110.183945,131.50287,90.26351,134.61241,74.80844,135.01240421,1521613291600,1521613291456
slip,212.0,193.0,1240859,261.45602,193.49825,305.48926,197.148931240932,1521613292112,1521613291984
slip,286.0,136.0,1249410,216.82294,133.50504,152.7832,130.62447,107.20515,131.4318,92.150955,127.858491249516,1521613300695,1521613300556
