slip,196.0,150.0,1442288,179.56764,131.85146,179.0,128.50186,183.90826,120.455635,185.0,119.01442404,1521613884008,1521613883864
slip,303.0,167.0,1452364,258.2762,167.0,218.75662,167.0,152.61815,166.41435,88.33233,163.37628,54.5,162.51452479,1521613894087,1521613893965
slip,282.0,155.0,1461253,261.0,155.0,220.3658,148.06361,148.85402,136.53735,79.799065,133.23228,61.154423,142.61519,51.7004,147.53307,48.0,150.01461390,1521613903000,1521613902870
slip,255.0,252.0,1470517,255.0,238.0,263.0239,232.59283,275.5,227.5,291.5,218.51470632,1521613912240,1521613912111
slip,323.0,206.0,1472258,283.4289,192.76198,223.30284,180.66795,120.80053,174.6634,67.09393,176.2873,41.5,183.51472374,1521613913982,1521613913907
slip,181.0,180.0,1472951,214.57567,174.2616,259.27316,165.30714,325.5483,158.23573,328.0,158.01473039,1521613914647,1521613914512
slip,123.0,137.0,1473455,159.65685,137.0,203.92973,138.05469,300.34927,140.275391473561,1521613915165,1521613915063
slip,299.0,126.0,1483486,263.32965,126.0,222.70952,127.05452,174.17502,129.08829,90.72265,140.55766,66.734184,150.6329,51.5,156.01483614,1521613925220,1521613925120
slip,263.0,148.0,1493282,212.84044,151.37915,147.22153,154.69652,85.63234,155.26308,72.64551,155.20569,71.0,155.01493370,1521613934978,1521613934832
slip,311.0,136.0,1502408,260.52066,121.444954,166.54782,105.36402,98.45498,101.29776,66.95833,110.01945,51.539154,116.442021502526,1521613944130,1521613944067
slip,174.0,167.0,1503092,209.90216,174.0383,247.15309,177.0887,292.6911,174.0165,306.0,172.01503191,1521613944797,1521613944688
slip,285.0,123.0,1503935,247.9498,123.0,174.51259,121.14447,78.33249,122.35422,57.28546,124.78576,37.470963,121.0294951504033,1521613945636,1521613945587
slip,288.0,105.0,1504374,240.53151,98.40756,195.46466,94.747475,144.7413,94.0,111.1727,100.13092,109.0,101.01504481,1521613946090,1521613945967
slip,145.0,167.0,1504994,166.15392,154.36435,200.88034,142.9599,259.0269,128.61508,328.98453,124.8298951505102,1521613946706,1521613946578
slip,94.0,135.0,1505358,134.0725,124.23388,197.93727,120.40314,322.7026,137.3629,327.0,139.01505465,1521613947073,1521613946933
slip,296.0,151.0,1515265,258.12875,146.03577,219.16951,142.86925,173.10031,138.49313,100.006424,130.87581,82.04681,127.565956,69.563286,123.17247,68.0,122.01515413,1521613957020,1521613956893
slip,306.0,127.0,1521259,253.7988,135.44829,191.98831,143.00172,112.7101,153.71468,84.29106,155.0,66.866714,152.70303,63.0,152.01521386,1521613962990,1521613962871
slip,281.0,145.0,1522741,258.71902,145.0,219.70413,142.12347,171.39664,143.31186,129.32574,151.82025,125.0,153.01522818,1521613964428,1521613964305
slip,275.0,159.0,1525244,240.5688,154.25958,202.26251,153.0,157.67952,153.9421,99.10332,157.0,76.9757,157.91869,76.0,158.01525372,1521613966976,1521613966881
slip,304.0,135.0,1525982,286.0,135.0,234.65677,132.97458,171.49376,127.57807,112.76239,116.9496,93.310295,105.930984,81.0,94.51526098,1521613967711,1521613967588
