slip,288.0,144.0,1772212,264.0,151.0,229.4105,157.33842,192.65251,157.83156,157.8531,153.48164,103.0,139.5,76.823296,131.11757,66.031784,125.2738341772381,1521768980130,1521768980305
slip,282.0,161.0,1780142,246.68369,168.6795,208.77213,170.0,147.75912,171.0,81.69437,168.69974,57.5,172.5,47.899437,179.2877,34.835083,181.72163,26.917028,178.10043,23.5,174.01780333,1521768988082,1521768988250
slip,262.0,146.0,1782237,236.31,152.0,212.133,148.65958,174.73724,142.72913,95.5,129.5,69.93099,130.0,53.83105,130.57433,38.771553,129.877151782428,1521768990177,1521768990360
slip,304.0,177.0,1783134,250.86888,189.67395,223.6032,191.25864,192.97209,188.20906,160.5,185.0,124.11606,179.1021,103.39434,174.23239,90.14272,169.55353,86.5,166.51783337,1521768991085,1521768991270
slip,284.0,156.0,1785796,263.01553,153.50554,237.35432,148.92825,198.96278,140.53273,134.42847,130.69563,76.5,131.5,64.829636,141.76605,47.233414,150.8833,35.401352,155.71973,27.26922,154.653841785998,1521768993747,1521768993949
slip,222.0,206.0,1786329,194.86563,206.0,167.69151,206.0,136.48988,209.52844,107.228134,216.19296,73.0,225.51786468,1521768994218,1521768994434
slip,285.0,160.0,1794902,264.0,160.0,223.82524,165.9473,177.12827,169.54288,117.08898,170.27542,76.52935,168.0,61.459488,167.1892,47.01315,165.0022,36.730503,162.17021,30.5,159.51795083,1521769002832,1521769003012
slip,252.0,113.0,1795563,222.0,113.0,181.124,108.67585,139.21375,106.73899,99.112854,104.508064,69.21419,108.732155,60.0,109.5,55.205364,110.0,47.5,110.01795725,1521769003473,1521769003667
slip,166.0,163.0,1796248,129.34634,161.98383,101.66813,157.94469,75.979004,155.3986,55.238937,155.27094,37.5,158.01796367,1521769004118,1521769004294
slip,163.0,157.0,1798697,205.0,160.0,270.8466,162.74142,306.5,163.51798770,1521769006519,1521769006744
slip,134.0,151.0,1799263,162.71667,143.9425,205.43997,137.7943,267.5,130.01799348,1521769007096,1521769007301
slip,293.0,154.0,1808829,243.58452,143.05382,176.14975,135.25864,102.72184,132.14305,59.24535,134.79665,26.5,152.0,26.0,153.01808978,1521769016727,1521769016925
slip,272.0,145.0,1817882,230.50273,147.81769,192.80695,148.39311,150.28212,145.24312,85.755035,142.1514,59.5,144.0,48.0,148.01818030,1521769025781,1521769025956
slip,281.0,139.0,1843350,258.0,139.0,220.34804,134.42732,172.85521,130.52368,109.63039,120.88043,83.0532,117.15798,62.5,118.5,52.0,118.01843500,1521769051249,1521769051419
