slip,315.0,150.0,4724395,273.74384,153.04045,207.93939,170.10985,111.86081,204.04416,43.5,235.04724502,1521619464008,1521619463848
slip,297.0,142.0,4738076,281.0,142.0,251.8004,139.7882,211.45801,145.41821,113.36975,166.1805,39.91491,204.876534738191,1521619477698,1521619477617
slip,242.0,202.0,4750653,198.44804,214.18399,152.35866,227.58662,65.30858,266.77695,60.0,270.04750739,1521619490249,1521619490121
slip,314.0,195.0,4751498,300.0,195.0,282.16443,195.0,256.982,197.22423,209.7707,208.88275,125.70647,246.705614751614,1521619491119,1521619490970
slip,322.0,186.0,4784457,276.31247,189.93422,237.13863,195.39886,177.71661,210.68579,113.5,236.04784562,1521619524071,1521619523922
slip,190.0,178.0,4869748,190.0,199.0,190.0,236.54869854,1521619609359,1521619609194
slip,144.0,249.0,4870165,193.9706,269.26202,254.0,288.54870251,1521619609763,1521619609613
slip,275.0,196.0,4870452,304.181,186.60223,310.0,183.04870517,1521619610026,1521619609873
slip,132.0,306.0,4870783,254.43639,262.79822,362.95633,205.357594870837,1521619610344,1521619610200
slip,166.0,214.0,4871019,288.65662,151.752,363.0,94.54871092,1521619610607,1521619610522
slip,94.0,290.0,4871265,136.0,280.0,334.10938,210.49951,343.0,207.04871353,1521619610862,1521619610736
slip,299.0,196.0,4991734,279.57468,184.0,274.2388,184.0,265.309,184.0,236.24133,192.15594,198.33113,203.427284991911,1521619731419,1521619731290
slip,289.0,195.0,5004097,250.04797,196.43912,214.53996,200.6893,131.35721,218.7755,61.5,248.55004203,1521619743711,1521619743580
slip,305.0,170.0,5013274,272.7189,175.39801,239.61089,182.5734,169.26262,203.0954,104.7963,233.10185,51.0,260.05013373,1521619752879,1521619752755
slip,162.0,185.0,5049723,179.0,185.0,213.16914,181.21477,248.87897,174.56746,272.5,168.55049864,1521619789370,1521619789197
slip,123.0,177.0,5050646,146.0,173.0,185.62381,168.8665,235.53221,164.22435,331.16333,154.7012,338.0,154.05050751,1521619790260,1521619790122
slip,287.0,157.0,5062830,264.0,163.0,218.45044,176.77272,115.170715,212.09106,50.634995,240.55281,40.0,246.05062948,1521619802457,1521619802328
slip,289.0,221.0,5063215,263.11624,221.0,229.5009,224.1874,143.02455,248.44785,64.78926,274.515875063332,1521619802838,1521619802700
slip,305.0,208.0,5063868,262.04654,209.70985,220.0,217.5,115.462975,248.60532,70.84417,268.64456,64.37067,278.1104,64.0,279.05064006,1521619803511,1521619803373
slip,135.0,216.0,5064304,175.4258,211.82977,222.04425,210.2634,306.0,207.0,343.04684,196.95316,344.0,196.05064433,1521619803943,1521619803795
slip,58.0,229.0,5073817,94.68374,234.0,142.59514,232.28418,237.32478,223.9594,291.24158,214.8297,301.0,213.05073955,1521619813464,1521619813322
slip,320.0,198.0,5074575,262.7973,199.0881,178.47827,216.87231,97.43121,249.65205,49.0,277.55074681,1521619814187,1521619814042
slip,280.0,201.0,5075004,261.0,201.0,207.54297,213.84729,108.269646,257.61774,63.5,280.55075090,1521619814597,1521619814441
