slip,288.0,248.0,4533722,267.97192,240.16199,259.5,238.5,257.5,239.04533809,1521706022033,1521706022088
slip,300.0,195.0,4548895,268.87592,186.52109,267.0,186.04548943,1521706037176,1521706037252
slip,304.0,214.0,4549818,271.64777,231.64691,238.5,232.0,204.15648,232.03374,172.56384,239.01291,167.0,241.04549934,1521706038160,1521706038200
slip,170.0,213.0,4568638,234.66328,202.87129,320.32443,204.94257,324.0,205.04568735,1521706056963,1521706057058
slip,193.0,205.0,4569504,245.5,209.5,285.5749,206.05939,319.33395,203.44434,337.0,200.54569652,1521706057879,1521706057934
slip,170.0,265.0,4570187,188.00916,256.83282,225.89838,256.73865,276.60492,257.04570286,1521706058509,1521706058579
slip,189.0,257.0,4570635,219.0,257.0,266.09497,252.35178,319.0,246.04570742,1521706058965,1521706059018
slip,302.0,225.0,4570956,271.57547,214.89388,241.68398,212.6842,200.30225,214.54361,99.42165,229.22089,66.221634,245.5069,65.0,247.04571073,1521706059298,1521706059361
slip,315.0,199.0,4573288,290.0678,188.0113,268.1516,185.01895,243.46443,186.82906,219.08063,192.2043,188.62477,199.43756,157.63623,206.07275,140.5,209.54573425,1521706061648,1521706061722
slip,247.0,113.0,4580042,233.0,123.0,236.0,148.54580129,1521706068352,1521706068388
slip,303.0,178.0,4582201,280.0,169.0,248.76053,160.7521,206.79056,155.59122,123.660355,163.08618,114.0,164.04582298,1521706070525,1521706070574
slip,278.0,188.0,4592650,233.66164,168.9436,162.52225,172.05673,96.799385,186.4002,47.90601,219.377124592737,1521706080962,1521706081014
slip,189.0,209.0,4593047,204.0,203.0,245.35893,198.70552,316.39526,198.04593136,1521706081360,1521706081446
slip,111.0,227.0,4593498,163.20114,227.0,217.86339,227.0,324.13196,219.86693,334.0,218.04593614,1521706081837,1521706081903
slip,294.0,227.0,4601321,275.0,223.0,249.05725,219.71262,218.87466,219.0,182.7557,215.08092,140.0,211.0,91.20312,200.1377,89.0,200.04601448,1521706089676,1521706089731
slip,249.0,218.0,4606537,230.9463,199.9463,228.95587,199.0,225.91714,196.30571,209.9562,184.427844606652,1521706094875,1521706094942
slip,286.0,191.0,4607131,260.96072,191.0,215.82878,188.69286,146.46957,198.92174,90.5,210.04607208,1521706095435,1521706095501
slip,271.0,187.0,4613566,214.86221,171.45796,172.78255,169.64767,135.31848,177.44356,113.22186,194.95274613653,1521706101878,1521706101951
slip,275.0,247.0,4615214,242.65219,220.3261,227.64322,219.26433,208.7404,219.0,189.34344,226.27895,174.82239,233.76534,168.0,241.04615352,1521706103578,1521706103638
