slip,276.0,166.0,8308707,260.0,166.0,224.06497,166.0,189.29504,171.4676,158.47978,177.50404,130.5,181.0,101.4383,186.17352,69.07509,193.98123,49.0,199.08308887,1521807481133,1521807481044
slip,293.0,210.0,8319586,245.7559,199.23668,213.44244,196.58568,164.16391,196.09409,150.5,195.5,126.0,197.08319735,1521807491980,1521807491890
slip,293.0,213.0,8330090,263.25372,205.50203,237.82701,207.0,198.40387,210.32452,185.0,214.0,162.7016,217.68425,145.40965,221.10733,129.21857,223.0,108.8526,224.15338,87.0,219.58330315,1521807502563,1521807502471
slip,87.0,188.0,8330517,108.560646,176.31976,144.38988,166.57451,238.62326,154.33868,313.05447,160.60269,347.5,165.08330637,1521807502883,1521807502809
slip,108.0,202.0,8331127,164.9774,191.10579,226.31714,187.45366,312.0,196.0,327.0,199.08331276,1521807503522,1521807503429
slip,320.0,199.0,8341066,306.0,199.0,287.70483,199.0,260.10916,199.0,229.07834,200.29216,193.5,201.0,148.91696,204.48015,109.54562,199.918878341247,1521807513493,1521807513400
slip,290.0,190.0,8351913,252.17128,190.0,226.50302,194.35258,197.46204,197.61533,152.5,201.5,112.16678,203.0,54.0,198.58352084,1521807524329,1521807524249
slip,213.0,102.0,8357247,229.0,102.0,240.68019,108.72017,245.0,112.58357416,1521807529665,1521807529586
slip,144.0,215.0,8362943,168.92233,203.27913,210.0,188.5,282.69266,155.49524,326.10907,143.72273,331.0,142.58363124,1521807535369,1521807535278
slip,130.0,180.0,8363680,150.0,175.0,168.42737,173.64957,188.97049,171.69458,227.5,165.5,311.4031,162.6147,368.5,160.58363839,1521807536085,1521807535977
slip,302.0,189.0,8375437,274.0,189.0,238.20564,187.0,205.98065,190.1447,172.10727,194.61159,153.0,197.0,117.669846,201.0,94.07272,201.0,85.0,201.08375616,1521807547863,1521807547775
slip,297.0,187.0,8385215,254.86136,191.26791,223.64867,194.4054,196.60426,197.51715,165.0,199.5,126.78214,197.46368,109.0,194.58385386,1521807557631,1521807557546
slip,287.0,192.0,8386925,253.021,192.0,229.44035,189.55531,200.60806,189.0,157.92345,188.0,126.644875,184.18277,99.5,182.58387095,1521807559344,1521807559258
