slip,274.0,151.0,606144,260.0,157.0,211.12431,167.54478,131.39197,185.1303,58.85594,201.74858,17.0,217.5606263,1521771176516,1521771175390
slip,305.0,165.0,612149,280.0,156.0,220.3803,151.76549,59.23824,166.05202,11.5,202.5612257,1521771182510,1521771181396
slip,256.0,83.0,617481,158.78561,107.53682,63.078217,140.96872617568,1521771187821,1521771186719
slip,194.0,132.0,621306,172.56917,136.0,169.34499,136.0,167.74443,136.0,163.5,136.0,161.0,136.0621453,1521771191704,1521771190569
slip,156.0,130.0,622919,174.33525,87.202324623003,1521771193253,1521771192101
slip,178.0,48.0,626412,154.0,60.0,128.62965,71.77283,84.00925,96.369225,23.0,134.5626521,1521771196776,1521771195642
slip,281.0,72.0,626829,259.6275,78.340454,242.58228,83.87917,198.4442,92.72057,73.88382,114.25282,29.0,140.5626948,1521771197198,1521771196102
slip,101.0,149.0,627234,142.08617,149.56631,286.39914,157.30978,371.0,160.0627343,1521771197598,1521771196484
slip,107.0,248.0,627641,147.28253,227.61958,287.94272,216.85286,355.0,213.5627749,1521771197999,1521771196872
slip,267.0,158.0,628116,302.6323,162.0,311.5,162.0628217,1521771198485,1521771197336
slip,83.0,159.0,637439,110.0,166.0,201.28043,183.21521,316.32797,205.50821,364.5,198.5637558,1521771207808,1521771206685
slip,286.0,167.0,638006,199.69795,185.3598,78.666145,232.92479,26.5,259.5638081,1521771208331,1521771207205
slip,258.0,125.0,647792,233.88284,130.05858,185.06973,133.31197,55.234604,157.73708,0.0,169.5647900,1521771218150,1521771217023
slip,238.0,143.0,654438,41.0,244.0654502,1521771225622,1521771224478
slip,286.0,193.0,654853,324.0,179.0655045,1521771225640,1521771224496
slip,317.0,183.0,655291,20.0,219.0655430,1521771226310,1521771225241
slip,222.0,185.0,655689,23.0,220.0655753,1521771226339,1521771225286
slip,258.0,165.0,655986,47.0,204.0656075,1521771226346,1521771225354
slip,283.0,181.0,656339,259.82956,174.0,242.6165,182.55112,210.12646,208.24886656447,1521771226697,1521771225574
slip,206.0,78.0,662034,190.0,65.0,180.31566,53.315662,176.0562,49.5281,175.0,47.5,175.0,46.0662183,1521771232433,1521771231305
slip,244.0,161.0,669751,139.28255,191.23915,45.5,229.0669813,1521771240064,1521771238963
slip,191.0,134.0,671993,136.5831,137.44876,85.6593,152.75085,34.5,170.5672077,1521771242327,1521771241219
slip,289.0,164.0,676460,222.41888,167.82124,111.21564,189.547,43.5,219.5676553,1521771246803,1521771245696
slip,268.0,159.0,682423,237.31467,159.0,178.06592,173.37535,130.5,185.5682486,1521771252736,1521771251625
slip,280.0,105.0,692067,225.0,87.0692216,1521771263762,1521771262615
