slip,309.0,172.0,1917342,281.8866,164.92784,252.27599,166.17241,203.33978,177.59834,135.11838,210.05649,81.82376,249.40102,55.5,271.01917457,1521791926483,1521791926015
slip,258.0,199.0,1928272,204.56989,216.17204,138.14278,251.29327,75.26472,293.34491928359,1521791937384,1521791936953
slip,278.0,164.0,1938217,244.84987,177.26756,189.6634,207.02448,121.86537,250.66759,98.92182,268.68918,79.5,283.01938304,1521791947335,1521791946889
slip,259.0,153.0,1938856,206.73381,178.17831,194.0,185.01938902,1521791947930,1521791947485
slip,288.0,182.0,1939295,264.96774,188.83871,232.44908,202.28882,169.5,235.5,106.5,271.51939362,1521791948389,1521791947967
slip,195.0,220.0,1939821,240.31058,214.98274,274.33502,214.4637,316.6236,212.78371939929,1521791948954,1521791948519
slip,312.0,190.0,1940345,240.531,184.499,154.07176,192.75778,101.47862,210.49054,52.562614,228.865691940452,1521791949477,1521791949050
slip,258.0,157.0,1950281,217.34874,178.44803,144.01283,221.25043,89.04485,257.63678,67.5,270.51950357,1521791959383,1521791958949
slip,138.0,151.0,1955808,125.239655,128.9586,123.727516,122.91008,127.91072,116.08928,144.22351,112.256111955924,1521791964948,1521791964513
slip,280.0,179.0,1960923,229.51436,205.79196,132.0,267.01960978,1521791970005,1521791969567
slip,244.0,133.0,1965733,210.0,116.01965831,1521791976479,1521791976007
slip,293.0,174.0,1969758,259.40366,193.69441,204.86769,238.03114,160.15349,264.423251969825,1521791978853,1521791978421
slip,303.0,211.0,1970295,267.6348,229.57265,242.2468,247.16881,210.54674,269.65637,178.12604,289.86661970403,1521791979427,1521791978999
slip,291.0,153.0,1972836,275.0,141.0,248.38469,138.36923,214.38004,145.26,152.5074,172.90997,78.05878,224.577151972942,1521791981967,1521791981568
slip,168.0,251.0,1973508,196.29425,243.53632,229.809,239.13742,300.12775,230.0085,367.0,219.51973606,1521791982633,1521791982191
slip,257.0,127.0,1974607,229.43596,133.891,190.33012,148.75383,97.5766,200.80331,72.886566,233.82008,50.646355,268.463381974694,1521791983719,1521791983298
slip,127.0,261.0,1975046,145.0,247.0,175.54797,238.20488,230.88268,225.74442,309.48093,207.62976,338.77875,197.14161975186,1521791984210,1521791983789
slip,302.0,181.0,1975460,278.1119,181.0,239.87787,194.04248,186.68134,214.73503,117.20402,256.53064,115.0,258.01975549,1521791984575,1521791984140
slip,117.0,253.0,1975806,145.0358,233.9821,167.93808,223.16223,224.3081,207.14658,299.0327,186.09662,333.37524,174.02074,336.0,173.01975944,1521791984969,1521791984524
slip,294.0,133.0,1976403,242.88286,153.31865,178.04877,191.4702,124.353294,231.82715,79.21695,275.77557,59.5,307.51976510,1521791985537,1521791985114
slip,252.0,193.0,1977182,188.67946,199.23303,101.885635,222.45755,63.42056,235.39119,55.0,239.01977259,1521791986287,1521791985848
slip,142.0,232.0,1977516,151.08894,213.15256,180.94891,201.66994,260.4967,176.1134,344.08536,163.083151977614,1521791986640,1521791986204
slip,183.0,252.0,1978062,221.34166,237.14433,286.12317,222.46191,381.0,203.01978147,1521791987175,1521791986721
slip,72.0,249.0,1986481,95.438324,237.51088,130.43219,231.9335,234.42502,227.77719,314.81665,222.36191,353.5,217.01986608,1521791995641,1521791995205
slip,285.0,181.0,1987593,266.6405,181.0,230.16898,184.94205,176.45792,193.63579,93.796234,220.14139,56.830627,233.14587,49.5,246.01987698,1521791996723,1521791996285
slip,266.0,189.0,1997121,213.12877,207.08565,126.19534,255.88348,126.0,256.01997176,1521792006208,1521792005754
