slip,282.0,209.0,7447284,252.0,205.0,196.66995,208.19153,84.90468,221.95695,41.211765,241.66997,18.0,249.07447392,1521806105757,1521806105718
slip,292.0,214.0,7457791,264.0,209.0,209.1954,210.77289,118.92264,228.32191,56.662678,241.85089,36.0,246.57457898,1521806116262,1521806116184
slip,269.0,212.0,7471098,234.35168,210.40276,197.4745,211.11734,148.6437,217.38281,61.58634,234.81255,27.0,251.57471218,1521806129580,1521806129510
slip,282.0,195.0,7476329,264.0,188.0,245.64429,182.52885,204.09239,174.94507,123.62588,163.16547,44.0,160.0,24.0,161.07476472,1521806134835,1521806134757
slip,37.0,167.0,7479108,78.09874,164.56554,134.5893,165.47398,249.6893,177.7769,346.4816,196.118137479242,1521806137604,1521806137516
slip,214.0,231.0,7479907,264.4178,231.0,296.95905,228.50613,320.76785,224.881877480014,1521806138376,1521806138292
slip,309.0,214.0,7490264,293.0,214.0,251.82893,210.673,200.78535,217.39616,102.365364,233.14983,40.043045,250.149377490383,1521806148744,1521806148670
slip,241.0,235.0,7492349,184.62949,232.89886,124.430275,236.55478,66.756134,243.16049,29.0,250.57492456,1521806150818,1521806150745
slip,279.0,226.0,7502354,253.0,226.0,202.57195,221.91132,134.35094,228.46387,71.8016,240.35509,25.0,247.57502473,1521806160834,1521806160787
slip,244.0,248.0,7513567,223.0,244.0,191.58945,237.83841,154.75429,234.28297,122.47984,235.7808,36.726593,250.268087513704,1521806172070,1521806171985
slip,132.0,228.0,7513897,154.0,224.0,201.85599,219.12663,309.82327,209.90533,340.5,208.07513987,1521806172349,1521806172271
slip,123.0,222.0,7514604,190.42084,222.51402,252.36249,224.07382,325.1283,226.0,339.5,226.07514713,1521806173074,1521806172978
slip,312.0,194.0,7524396,267.24652,195.19667,216.5363,200.93297,120.42967,216.82393,64.987015,232.50325,29.0,241.57524514,1521806182882,1521806182800
slip,304.0,197.0,7534359,255.78024,195.44418,211.16199,204.61382,129.24297,225.09079,45.0,244.0,41.0,244.07534507,1521806192869,1521806192790
