slip,248.0,243.0,1039515,197.08566,256.80084,107.05701,291.25024,66.5,305.51039598,1521771853665,1521771852523
slip,197.0,180.0,1048104,80.94681,251.30432,63.0,263.01048148,1521771862225,1521771861085
slip,173.0,173.0,1053883,190.0,173.0,203.5,179.01053971,1521771868042,1521771866940
slip,264.0,188.0,1060424,160.95335,220.95053,78.71895,246.58783,39.0,259.01060497,1521771874567,1521771873463
slip,163.0,205.0,1060955,201.10666,197.60587,282.56702,185.42575,324.0,180.01061044,1521771875112,1521771873994
slip,121.0,201.0,1061437,141.0,201.0,284.93335,214.46313,347.5,220.01061521,1521771875592,1521771874473
slip,103.0,54.0,1066619,76.554825,65.96012,61.01326,77.989395,56.37489,94.75067,49.399704,100.30015,54.5,92.01066757,1521771880824,1521771879726
slip,292.0,170.0,1071312,225.87303,168.79637,79.0,194.0,70.0,202.01071405,1521771885471,1521771884348
slip,263.0,151.0,1078534,227.8616,161.03954,140.65297,197.53737,74.94642,240.63561078608,1521771892675,1521771891577
slip,214.0,142.0,1082508,146.5,161.51082549,1521771896615,1521771895514
slip,315.0,157.0,1085830,257.9146,162.45084,179.85124,180.035,110.146225,202.9727,72.321594,212.842821085937,1521771900004,1521771898893
slip,278.0,171.0,1086612,222.77557,189.68977,111.52702,239.537111086674,1521771900741,1521771899616
slip,294.0,180.0,1088192,263.33066,191.15248,152.5,231.0,123.0,246.01088275,1521771902341,1521771901227
slip,277.0,171.0,1088909,226.87813,181.93513,124.004234,217.99844,58.0,255.51088991,1521771903060,1521771901947
slip,327.0,190.0,1105638,282.72635,199.73546,241.59143,209.9544,172.8578,231.05171,108.56322,258.7497,85.5,269.01105777,1521771919844,1521771918740
slip,292.0,180.0,1111016,218.78273,200.80432,90.0,239.51111097,1521771925165,1521771924057
slip,286.0,142.0,1112511,257.6042,147.91579,166.50142,166.09972,79.985504,195.63806,49.0,209.51112605,1521771926671,1521771925545
slip,273.0,173.0,1117255,243.35515,180.6857,81.5,221.01117327,1521771931394,1521771930262
slip,139.0,212.0,1121046,186.94287,220.01121164,1521771935236,1521771934115
slip,295.0,161.0,1122042,259.7551,161.0,202.9076,161.89403,80.57485,179.410861122115,1521771936182,1521771935066
