slip,159.0,61.0,3486519,178.62457,46.58362,190.0,47.03486635,1521794616087,1521794615653
slip,304.0,238.0,3490568,262.95496,224.42213,223.19768,224.0,165.07481,232.69739,105.64239,251.66484,70.5,262.53490726,1521794620176,1521794619752
slip,132.0,239.0,3491092,158.45773,234.72183,206.79166,223.50735,313.70642,204.22345,328.0,202.03491197,1521794620648,1521794620215
slip,270.0,215.0,3494903,245.67592,217.91377,213.58394,224.6211,171.73633,234.72527,95.49265,260.45447,60.5,274.03495009,1521794624460,1521794624000
slip,122.0,238.0,3495577,142.0,228.0,184.28856,216.76424,284.14133,202.11449,329.72253,195.42749,333.0,195.03495683,1521794625134,1521794624687
slip,307.0,204.0,3496133,281.0,204.0,244.5199,206.28001,207.87863,212.91884,117.97377,251.363943496238,1521794625686,1521794625245
slip,303.0,216.0,3496494,269.7822,216.0,243.51472,216.0,203.00024,219.10341,93.22812,250.18263496611,1521794626059,1521794625616
slip,68.0,269.0,3497874,84.937584,277.95837,98.71114,287.140753497979,1521794627433,1521794626990
slip,182.0,209.0,3501122,209.9712,201.7572,252.38857,193.68062,314.36288,189.13724,330.0,188.03501218,1521794630670,1521794630198
slip,308.0,212.0,3501997,259.21762,212.0,222.36035,214.04921,130.99828,236.39073,111.0,242.03502102,1521794631554,1521794631084
slip,299.0,201.0,3502581,261.28375,203.16573,226.0,207.0,174.16086,221.25345,88.15395,255.539643502668,1521794632116,1521794631668
slip,300.0,189.0,3506566,267.85654,189.0,234.27483,191.34065,191.85985,202.30255,114.61711,235.58559,67.90806,275.71817,66.0,269.03506674,1521794636123,1521794635700
slip,299.0,200.0,3507231,262.14175,201.96455,234.82579,205.00871,202.44894,207.19534,148.9137,222.66882,35.0,269.53507347,1521794636798,1521794636363
slip,314.0,212.0,3511152,289.0,212.0,246.38799,218.47878,180.32373,229.7518,114.89164,243.1352,71.686005,259.81308,59.5,264.53511278,1521794640730,1521794640285
slip,131.0,224.0,3511962,163.78566,205.23471,191.28564,198.53418,241.50252,190.41345,314.0022,189.9568,322.0,191.03512090,1521794641541,1521794641144
slip,159.0,252.0,3512411,172.0,232.0,208.04279,220.2279,256.44736,214.79721,314.35757,212.89107,340.0,210.03512538,1521794641987,1521794641563
slip,104.0,166.0,3513064,133.87698,147.22461,135.0,147.03513169,1521794642618,1521794642181
slip,159.0,260.0,3529973,193.2002,237.91992,234.11517,228.86061,322.72333,219.22766,325.0,219.03530078,1521794659527,1521794659087
slip,278.0,204.0,3530506,219.89265,204.0,182.06467,202.0,120.54122,205.67183,51.643345,221.79054,51.0,222.03530624,1521794660073,1521794659634
slip,272.0,183.0,3530985,238.58852,188.67792,168.2305,210.07802,127.0,224.03531040,1521794660488,1521794660021
slip,294.0,206.0,3531501,255.85661,196.13309,220.39857,193.11655,181.23804,191.56776,116.001335,198.1031,41.0,217.53531616,1521794661068,1521794660603
slip,133.0,200.0,3532161,162.4948,178.09538,213.3389,171.1157,307.23422,171.74959,352.86728,176.483413532289,1521794661739,1521794661285
slip,293.0,222.0,3534054,266.257,222.0,238.45364,224.47856,198.92755,226.78046,122.5,236.0,36.5,267.53534169,1521794663618,1521794663162
slip,306.0,194.0,3534673,289.0,194.0,251.69336,190.64232,212.29341,190.0,177.55055,188.0,111.0,189.5,34.5,208.53534789,1521794664240,1521794663767
slip,284.0,108.0,3536062,301.9075,108.0,306.80533,108.0,314.0463,108.0,315.0,108.03536210,1521794665659,1521794665249
slip,86.0,111.0,3549829,89.01098,89.59122,103.00958,79.593293549959,1521794679407,1521794678947
slip,299.0,124.0,3551231,317.01138,124.0,325.53696,136.02463,333.0,142.03551400,1521794680849,1521794680403
slip,97.0,289.0,3552566,115.0,281.0,126.25687,280.30478,129.0,280.03552704,1521794682161,1521794681708
slip,292.0,199.0,3556284,237.72272,200.47095,200.77687,205.28998,165.94386,211.51404,115.96442,226.63007,78.74976,241.80011,61.59119,252.006293556431,1521794685879,1521794685435
slip,292.0,205.0,3562938,272.0,201.0,251.90044,200.20717,218.38458,200.91576,182.92595,204.77777,141.11768,209.55798,89.041985,227.91957,75.657394,238.53441,69.983665,248.70477,67.70779,258.75333563131,1521794692579,1521794692147
slip,314.0,227.0,3563685,280.27148,219.1086,234.09016,211.37183,164.18417,205.7834,100.57106,209.97256,36.597202,230.108413563802,1521794693249,1521794692830
slip,64.0,258.0,3565588,64.0,244.0,67.2259,235.77411,70.39812,229.80566,71.87974,226.24052,77.5607,223.219653565716,1521794695166,1521794694711
slip,266.0,218.0,3570051,219.98381,215.37297,190.54391,216.8728,160.06642,220.6141,108.20946,236.95343,42.0,259.03570179,1521794699629,1521794699226
slip,290.0,207.0,3574016,256.6584,207.0,222.38934,210.85263,184.21431,216.42064,113.539215,229.29216,36.58625,254.811553574131,1521794703583,1521794703119
slip,277.0,215.0,3574635,255.0,221.0,225.4864,225.61263,202.6535,229.8693,175.50365,235.26239,134.5,248.03574741,1521794704188,1521794703759
slip,296.0,169.0,3577496,280.0,169.0,241.87611,171.54985,192.53743,179.20364,129.87976,193.03207,74.5,212.0,45.851906,249.962623577625,1521794707073,1521794706619
slip,93.0,211.0,3578042,83.37077,193.22462,89.6319,184.3681,130.5527,178.1206,288.10913,171.05736,339.1506,170.56392,347.0,171.03578170,1521794707622,1521794707187
slip,149.0,214.0,3578449,213.2894,201.0,298.39026,198.92645,356.0,197.53578554,1521794708007,1521794707557
slip,145.0,223.0,3578907,192.36786,213.42258,256.06464,214.0,356.5,214.03579013,1521794708465,1521794708008
slip,236.0,223.0,3579472,203.83327,223.0,176.12134,222.6318,137.82436,230.25192,34.0,279.53579571,1521794709022,1521794708575
slip,245.0,204.0,3579932,209.79991,204.0,177.7245,209.84476,76.72808,245.47884,57.0,273.53580030,1521794709479,1521794709050
slip,289.0,163.0,3582914,257.80655,163.0,229.0,163.0,197.67456,169.06851,166.7102,173.82245,107.951836,191.97282,46.5,221.03583040,1521794712491,1521794712042
slip,268.0,182.0,3583405,236.83238,187.88109,208.36505,195.1411,178.93677,204.76015,89.08954,247.25673,71.0,256.03583510,1521794712962,1521794712504
