slip,327.0,180.0,4301488,291.6842,173.52046,254.96124,170.21402,215.60393,169.10416,175.5,170.5,126.89983,172.60457,73.0,180.54301625,1521795556366,1521795555897
slip,306.0,182.0,4306968,265.44797,179.806,234.95824,180.0,200.36829,180.28833,164.69989,181.74231,119.61885,185.31041,61.332672,196.57796,39.5,207.54307126,1521795561867,1521795561406
slip,279.0,165.0,4311807,246.14815,165.0,212.27939,160.21397,174.94185,159.63373,137.16988,160.03609,109.09793,161.37628,78.04721,162.463524311944,1521795566687,1521795566267
slip,299.0,161.0,4321591,244.42438,159.48367,202.98267,161.00063,140.83357,168.28844,96.49908,173.27788,74.06824,178.89049,70.0,180.04321729,1521795576473,1521795576012
slip,138.0,180.0,4322167,155.78001,180.0,195.9734,176.28952,290.70227,168.43433,355.0,164.04322273,1521795577014,1521795576577
slip,132.0,170.0,4322872,149.92836,173.36717,162.78384,181.43547,181.5275,195.685,206.20695,211.72215,255.69087,245.12726,285.0655,262.89456,295.0,267.54323010,1521795577751,1521795577287
slip,119.0,182.0,4331899,144.7787,175.22206,180.8714,169.35477,286.2425,154.55785,314.5,152.04332025,1521795586769,1521795586328
slip,284.0,187.0,4332336,251.5066,189.20471,220.0793,192.6018,185.05647,196.27322,129.70161,210.06294,85.83179,227.92445,68.70346,237.386964332463,1521795587204,1521795586744
slip,324.0,186.0,4335242,298.47076,180.23538,283.88797,180.08072,257.01178,178.50066,222.63637,175.69421,187.44868,174.45428,145.60965,172.69206,119.373436,173.0,89.64561,171.591424335411,1521795590151,1521795589715
slip,319.0,180.0,4342442,302.0,180.0,274.8278,180.0,239.22797,180.7517,190.36148,183.05286,96.36236,188.5442,77.930984,196.34253,73.0,197.04342590,1521795597334,1521795596879
slip,296.0,146.0,4351060,266.30692,143.86139,231.43733,140.93489,194.93996,140.58583,164.54424,143.27286,136.93169,147.8396,107.52101,156.45679,106.0,157.04351199,1521795605940,1521795605503
slip,147.0,186.0,4351648,189.88597,149.10344,281.38794,108.903015,320.6713,107.088584351765,1521795606507,1521795606028
slip,153.0,212.0,4353616,167.0,218.0,202.19223,219.68544,253.0251,216.93822,295.0,212.04353712,1521795608455,1521795607989
slip,295.0,162.0,4362567,279.0,162.0,255.05199,153.43971,227.22765,149.28712,200.65254,147.15604,166.5,150.0,127.791985,155.563434362736,1521795617476,1521795617026
slip,268.0,157.0,4370909,239.14584,153.66026,211.68333,153.83167,181.17383,156.9817,152.25182,162.82846,129.4268,169.55412,128.0,170.04371026,1521795625770,1521795625338
