slip,298.0,191.0,1541034,267.86127,196.37958,194.50685,217.26582,120.68416,240.68423,80.61526,250.39648,67.34606,251.85043,47.199585,252.01541151,1521784878807,1521784878700
slip,220.0,87.0,1541816,237.51323,110.59877,249.0,117.51541904,1521784879558,1521784879440
slip,216.0,278.0,1544425,266.892,256.25421544540,1521784882195,1521784882099
slip,223.0,209.0,1545266,129.33008,227.75073,48.0,248.01545310,1521784882971,1521784882894
slip,260.0,207.0,1554508,205.0,207.0,165.08322,210.83334,128.51157,210.49939,100.686356,213.03485,81.08758,213.0,72.33291,213.0,64.94188,214.00969,59.761497,215.61925,55.04148,217.97926,49.57848,221.81613,46.950565,226.14832,43.064575,227.64514,39.76916,229.11542,34.593376,229.0,30.391138,229.0,25.436378,221.21819,19.538658,219.63466,19.5,220.01554809,1521784892464,1521784892362
slip,269.0,221.0,1560952,230.82542,231.64888,194.6023,240.84943,137.63591,262.6098,112.616806,269.70218,101.876305,273.6714,92.192894,278.40356,84.223724,281.0822,78.834915,283.04126,75.34648,285.0,73.76086,285.0,74.0,292.01561253,1521784898907,1521784898820
slip,327.0,179.0,1561477,298.94754,163.20253,269.78516,151.55824,201.40437,135.7632,133.13824,128.57637,111.02834,126.0,92.0917,127.13631,73.001495,129.27246,56.988365,134.80466,47.646008,140.62833,40.527264,149.2091,35.618744,156.96877,29.333721,162.24971,26.510292,163.8299,24.11903,165.44049,22.02639,166.9736,21.5,167.51561798,1521784899452,1521784899363
slip,59.0,231.0,1562150,69.0,216.0,107.98107,214.0,160.86948,215.53511,230.4617,223.35167,258.8138,229.47775,277.6115,235.49585,292.15137,239.28784,305.84555,241.16911,313.54898,242.0,318.42902,242.0,321.57895,242.0,325.93866,242.0,328.3696,242.0,334.68243,236.31758,340.5,238.01562462,1521784900118,1521784900017
slip,105.0,165.0,1562940,128.7133,174.64163,150.2326,182.12016,179.09564,189.52391,208.36932,194.79515,241.45392,198.42418,262.32434,199.66585,278.82108,201.2821,282.96426,202.0,288.5,203.5,287.0,204.5,288.16788,205.38928,291.5,206.5,277.172,206.0,263.36212,201.41248,233.07521,197.8844,132.32423,192.16135,34.545704,195.48712,-1.0,205.51563348,1521784901005,1521784900927
slip,267.0,202.0,1563707,203.04341,209.29778,104.4647,221.43646,75.25249,225.26263,53.04905,227.0,41.715553,225.11467,33.44225,222.86057,30.279438,222.0,28.5,229.5,26.0,229.99222,26.0,235.64407,26.0,239.29759,31.66122,242.830611563923,1521784901578,1521784901462
slip,293.0,192.0,1564155,212.92863,193.93031,124.68008,202.07413,80.6447,206.47105,62.66486,212.13406,48.534557,212.0,39.488003,212.0,31.894827,210.0,29.5,210.0,28.0,210.0,28.0,216.0,33.481915,221.22287,35.323895,225.97168,39.0,229.66273,41.864147,234.46603,51.039383,241.15945,52.0,242.01564437,1521784902092,1521784901998
slip,292.0,252.0,1570700,271.65894,249.03273,259.034,245.87924,242.9942,242.74855,220.8985,242.0,197.60841,242.77448,162.23286,244.44395,128.25978,245.90175,90.0,246.0,66.63323,244.95685,50.65744,245.0,37.07346,244.00734,37.0,244.01570923,1521784908578,1521784908525
slip,311.0,170.0,1571360,270.85687,157.0,250.95114,160.47281,228.3791,166.83224,198.70802,174.89781,157.38689,179.88174,108.760025,188.545,91.53903,188.81863,72.82578,191.70538,59.72509,192.19168,50.5,192.0,47.186474,190.09323,44.0,188.5,40.5,189.0,51.765926,206.45741,62.075806,214.806851571693,1521784909346,1521784909250
slip,290.0,198.0,1572021,257.51526,196.25153,191.2524,193.07828,114.530365,189.18877,66.89437,185.5232,40.5141,185.0,19.5,191.01572130,1521784909786,1521784909691
slip,41.0,205.0,1572311,66.86304,189.39421,88.20318,184.78767,130.29326,179.0975,198.92259,176.81412,253.0985,177.0,287.11502,179.6115,302.57352,181.75735,321.5,182.0,330.63715,182.0,340.87003,184.0,348.79294,181.1553,349.0,181.01572579,1521784910234,1521784910147
slip,94.0,184.0,1572771,143.10843,168.0,181.67247,168.0,224.48274,171.78865,264.1511,175.26259,284.06647,179.241,301.756,183.47891,315.80463,184.68047,328.0,188.0,337.82477,190.29486,345.37238,194.02928,350.0,197.51573027,1521784910685,1521784910569
slip,297.0,210.0,1585755,260.55743,203.31967,224.304,200.09314,165.08142,199.0,100.90336,203.6774,71.75822,209.05688,52.40902,210.59918,40.784172,211.0,33.999664,208.0,24.936487,206.82275,20.533,206.0,16.5,206.0,17.0,216.5,17.0,220.75427,24.530306,227.0,25.5,227.01586118,1521784923775,1521784923687
slip,282.0,151.0,1599452,242.72272,151.0,194.64804,159.81844,128.21712,174.48773,92.74283,185.3143,71.384056,192.08305,50.012016,199.59279,30.413555,206.156391599584,1521784937238,1521784937143
slip,258.0,191.0,1601097,222.0,191.0,177.95615,192.8738,110.74596,196.41016,83.69579,197.87888,64.048134,200.99197,54.75554,200.89206,46.5,202.5,40.07381,205.96309,26.5,212.01601248,1521784938907,1521784938810
slip,257.0,171.0,1601813,208.71126,172.52063,154.16057,177.96779,98.83142,182.41685,77.346466,184.73071,65.26873,187.63751,60.1251,189.87491,57.21581,191.0,57.0,191.74045,57.0,192.0,57.0,194.51282,57.0,196.01819,66.29065,202.86331,68.0,205.01602029,1521784939686,1521784939584
slip,295.0,175.0,1602538,233.66069,171.4256,189.28517,169.77617,142.33492,164.35922,124.47842,164.0,113.69064,162.88489,105.548805,163.0,107.0,165.21588,113.091965,166.0,121.91875,166.0,134.0,166.01602723,1521784940380,1521784940271
slip,57.0,211.0,1603333,63.176712,194.35284,80.60592,192.0,112.07539,192.96147,145.38504,195.07697,176.79202,199.28296,203.45944,201.18243,223.70578,204.2843,237.24396,207.31099,250.5,211.0,259.69104,211.78185,268.79535,212.0,281.19742,210.45065,292.30984,209.61502,302.04187,208.13687,311.5571,206.48857,319.44733,206.0,324.5,206.0,329.81326,206.0,334.75204,206.0,340.4661,206.0,345.84644,206.0,349.8345,204.582751603760,1521784941413,1521784941327
slip,71.0,226.0,1604016,71.0,206.62366,83.86658,198.56671,128.1905,194.05997,187.86284,191.12865,222.36057,191.0,250.28133,192.0,270.1405,194.02554,283.54483,194.0,290.33295,194.0,296.00027,195.0,300.44135,197.29424,306.96,197.0,313.0752,198.2688,316.23306,200.48871,322.38486,202.3462,324.0,203.92055,326.73877,204.0,329.84476,204.0,335.84216,204.0,335.5,205.5,337.0,205.0,338.0,205.0,320.30978,205.0,298.08682,206.56981,246.03323,213.66205,169.17404,221.3997,114.14528,226.37903,78.58671,228.76485,52.342148,226.04277,39.70994,221.31554,24.017372,214.80695,18.01963,214.0,18.0,214.01604679,1521784942333,1521784942239
slip,281.0,202.0,1604861,232.3153,202.0,188.06111,205.73602,111.846924,214.67213,56.28445,220.66888,35.33049,219.84822,20.5,218.51604999,1521784942658,1521784942565
slip,328.0,167.0,1605235,117.0,193.01605608,1521784944984,1521784944891
slip,34.0,200.0,1615142,52.02111,204.5475,59.376602,214.3766,77.46981,221.69522,84.0,224.01615280,1521784952937,1521784952845
slip,221.0,276.0,1621243,239.0,276.0,252.5,283.51621341,1521784958999,1521784958962
slip,213.0,275.0,1621830,233.1945,267.0,245.0,276.01621947,1521784959604,1521784959491
slip,277.0,212.0,1627268,248.89893,212.0,210.5006,212.0,135.48709,212.68959,93.4179,214.1359,61.43293,211.57216,32.140938,207.663641627377,1521784965031,1521784964951
slip,280.0,198.0,1629397,251.198,192.4396,232.42744,188.61896,212.89586,185.20674,191.0,182.0,159.67178,181.17598,127.08149,182.0,94.55575,184.2222,63.54208,186.63655,37.347557,190.68483,23.066128,194.54309,16.903236,197.54839,13.5,201.51629631,1521784967286,1521784967202
slip,286.0,228.0,1639129,255.16663,222.84312,217.31549,220.5123,177.10944,223.49088,144.70859,228.93378,120.41606,233.35948,93.11893,239.97838,79.88214,243.58827,68.44712,245.42548,63.088943,246.63702,58.469402,247.0,54.559227,247.0,51.39205,247.0,48.482357,248.75882,45.167824,250.0,43.143185,250.0,40.108364,250.0,41.0,251.41466,41.0,252.92732,39.5,256.01639486,1521784977140,1521784977046
slip,265.0,172.0,1645466,232.70415,172.0,197.37685,182.94617,149.09166,191.93048,111.2509,199.4998,89.29021,201.40784,71.94679,203.0,52.21359,204.96713,32.41323,209.0667,20.0,213.51645608,1521784983265,1521784983240
slip,275.0,211.0,1646042,239.4751,210.62292,207.93048,207.79305,178.05115,205.95482,150.15375,203.73625,129.82281,201.83252,114.287346,203.42816,100.39583,204.0,86.9818,204.0,73.96041,201.2401,64.413086,199.20187,58.773598,198.5912,55.198345,197.09917,52.0,197.0,48.715233,197.0,47.475475,197.0,46.016132,197.0,44.5,197.0,45.0,196.0,57.233482,198.11453,66.5,214.01646397,1521784984051,1521784983964
slip,306.0,193.0,1646897,253.81143,185.43527,203.50056,183.07814,118.31917,183.0,110.12623,183.0,84.0,186.0,61.3953,186.97365,43.0,188.5,30.730602,197.23091,23.106798,202.59547,16.578032,205.1055,13.373595,207.0,13.0,208.18474,13.0,209.0,13.0,210.0,22.450281,210.45029,23.0,211.01647264,1521784984927,1521784984840
