slip,283.0,231.0,1826314,241.37161,244.46994,206.53021,255.68251,154.35,275.77438,130.24425,285.21375,116.243515,290.4569,97.277145,294.34457,79.576225,296.0,70.216095,296.0,66.423836,296.0,60.47822,291.85867,60.0,292.17548,60.0,291.5,58.0,292.01826691,1521785356550,1521785356493
slip,245.0,160.0,1827167,163.739,186.58171,101.706055,208.51389,67.619804,220.36938,49.442368,233.08214,41.02029,246.56348,35.0,247.01827275,1521785357137,1521785357030
slip,288.0,134.0,1827883,257.00107,163.99893,232.11218,188.40184,198.92403,232.01659,179.10828,251.55779,164.78131,269.4257,151.94576,280.40802,137.14944,289.7504,125.09424,292.98953,113.34646,293.5307,106.973465,294.0,101.28846,295.0,96.83061,295.0,93.5566,295.0,90.56436,296.43564,89.36178,296.0,88.5,296.0,86.28725,296.71277,84.653984,297.0,78.72552,297.0,71.80259,297.0,66.443214,297.0,61.507477,299.995031828281,1521785358142,1521785358035
slip,296.0,128.0,1828655,246.74785,144.66388,164.86536,190.94916,88.919136,237.09508,51.80397,271.7366,51.0,273.01828763,1521785358623,1521785358526
slip,331.0,180.0,1838840,314.0,180.0,292.37592,185.7265,263.4113,191.46416,218.36807,197.92113,138.46104,216.87366,127.529175,220.99222,106.46361,228.2063,87.862305,232.87793,71.21193,237.21494,59.78071,244.72806,52.177208,248.32912,47.818867,250.72705,44.5054,252.2473,39.643013,254.78566,36.239483,257.76053,38.465126,257.86627,39.0,258.01839151,1521785369014,1521785368908
slip,282.0,191.0,1851126,232.99722,200.85764,193.98866,209.00252,133.97649,226.50392,109.93114,232.63657,90.11704,236.90349,66.67057,241.91618,54.0,242.0,50.3172,244.93655,42.5,246.5,43.017212,247.0,40.251812,249.0,35.7497,249.0,34.92616,250.0,34.35272,251.0,32.789795,252.2102,30.32647,252.67354,28.33625,253.0,28.0,253.01851501,1521785381362,1521785381304
slip,303.0,193.0,1851748,268.71283,196.78067,238.05461,199.70648,199.26584,203.20253,145.81384,214.21843,114.86708,222.32368,98.364235,226.27263,77.27586,230.58374,63.393078,233.4682,50.491135,239.25443,40.744354,241.78732,37.3111,243.34445,34.283783,249.57433,34.0,252.90524,34.0,254.48369,34.0,255.5,41.0,256.6172,41.0,257.5,43.0,257.01852110,1521785381970,1521785381869
slip,57.0,246.0,1852313,63.198162,225.80183,83.95015,223.12811,117.599625,221.42612,157.88872,220.0,226.16101,223.64766,265.12482,223.0,289.29663,223.0,312.623,219.29507,332.54364,214.3369,337.0,213.01852538,1521785382397,1521785382306
slip,79.0,166.0,1852837,132.00659,166.0,167.93195,166.92046,206.1034,165.55586,264.46048,164.0,287.21027,166.51501,306.06845,171.02281,316.5,174.0,326.32544,175.0,328.5888,176.5888,331.05774,177.0,332.61456,177.0,335.2921,177.0,337.7643,177.0,341.56055,177.0,345.1866,177.0,350.08496,177.01853200,1521785383059,1521785382975
slip,79.0,199.0,1853446,106.401215,193.45988,123.7392,193.0,135.61816,191.84546,148.16069,189.85492,161.69026,186.33098,174.19998,183.70001,187.04607,182.32822,205.0,177.5,216.43767,179.0,226.01414,179.0,232.18716,179.0,238.81487,179.0,240.73308,179.0,244.09418,179.0,246.0,179.0,247.0,179.0,248.0,179.0,248.0,178.0,248.0,177.01853895,1521785383759,1521785383681
slip,308.0,166.0,1865327,263.0807,176.97627,230.0961,185.92728,185.11197,200.62935,147.8458,212.46169,131.72658,216.45468,119.6699,220.12378,106.46335,225.46074,96.99734,229.00089,88.3983,230.0,80.58677,233.24794,71.773384,238.58128,65.260315,243.55476,61.185165,250.07417,57.27627,253.48248,56.203705,256.5926,55.0,260.7138,54.183567,263.63287,52.528946,265.47104,51.12367,265.0,49.5308,265.0,49.0,265.01865724,1521785395583,1521785395480
slip,285.0,211.0,1879251,237.72809,219.81798,196.92429,230.01892,146.53145,241.87999,114.5,248.0,99.33273,251.91681,74.09823,254.0,60.38221,256.0,51.028618,256.0,39.176807,256.64703,36.0,257.01879434,1521785409297,1521785409210
slip,323.0,201.0,1880996,288.58618,211.5468,260.06235,219.70491,230.57678,229.47441,185.48868,242.86038,139.87737,259.58896,125.52871,265.21423,110.88872,269.91672,98.8056,272.1493,91.96337,273.67276,83.39856,274.2669,73.49853,275.78592,62.575844,276.0,53.58834,274.0,45.991684,272.59833,48.10389,274.4026,52.0,277.0,51.0,276.0,52.550686,279.5507,54.090355,280.0,55.0,281.0,56.5,287.01881422,1521785411281,1521785411203
slip,303.0,206.0,1881718,281.0165,206.0,249.70197,197.48079,210.5864,193.81927,169.16168,188.39522,133.65836,185.47865,108.81209,185.95488,88.32545,186.0,75.21646,188.19589,65.03174,190.32275,58.64051,193.17975,51.083843,193.63872,45.632545,195.55118,41.001816,198.74954,40.0,201.60837,40.0,208.79405,39.0,211.95096,39.0,217.46922,39.0,220.82999,39.0,223.90718,39.0,226.87155,37.057484,229.91377,37.0,230.01882087,1521785411947,1521785411861
slip,309.0,209.0,1891433,285.0,217.0,246.24693,229.41086,198.1665,244.13547,155.8323,255.94154,127.25049,262.78937,116.70753,264.38208,99.867294,268.94528,84.0,274.5,74.57938,275.47354,69.01285,277.32904,63.670967,277.0,58.762337,271.3498,58.168568,272.0,55.975113,272.0,54.0,272.0,53.00696,272.0,51.0,272.0,52.0,279.0,52.0,280.18552,60.25591,280.01891926,1521785421786,1521785421685
slip,64.0,208.0,1892098,109.48147,186.82932,138.7019,181.25961,170.23085,176.75383,201.37169,175.0,230.65309,174.0,255.53732,174.0,272.9668,175.0,288.72748,176.15704,298.7803,177.72253,307.54413,178.0,309.7499,179.74991,312.35953,180.0,313.81323,180.0,317.0,180.0,320.87543,180.0,321.74005,180.0,323.86584,180.0,328.54022,180.0,331.9806,180.0,335.3776,180.0,339.148,180.0,343.30685,180.0,344.0,180.01892557,1521785422420,1521785422324
slip,77.0,165.0,1892760,105.10513,162.4586,137.19385,169.86224,174.57751,175.72049,225.2839,184.21045,259.88846,189.86105,290.68732,195.93747,304.18542,198.7038,317.60416,201.20139,325.07108,203.01422,330.53326,204.58888,334.11847,206.11845,336.2425,206.0,338.1778,208.3556,344.67496,209.78331,345.0,210.01893081,1521785422944,1521785422855
slip,287.0,177.0,1902739,247.45396,194.27303,219.7486,209.95084,186.22989,227.3707,168.51015,238.6429,152.43953,246.28024,138.60564,252.61972,121.79643,257.52417,99.0,263.5,88.272125,264.71597,76.862495,265.0,70.21679,268.75665,64.788574,270.4038,63.0,272.8354,60.510075,273.97986,59.5,276.0,58.058704,276.0,57.246895,276.0,57.0,276.01903096,1521785432955,1521785432863
slip,78.0,285.0,1911611,121.94722,267.349121911717,1521785441578,1521785441488
slip,312.0,207.0,1914519,295.0,213.0,277.2079,216.59857,253.66934,217.0,220.30348,215.91922,190.90358,218.82695,161.44391,223.36613,133.3962,228.11876,108.075485,238.27948,90.82946,247.58527,78.869446,258.13055,73.854164,267.50522,69.64432,274.06705,66.57571,276.8081,64.52868,279.94263,64.120544,281.0,64.0,285.37656,64.0,288.19653,64.0,289.5197,64.0,290.5,64.0,292.53647,64.0,295.145571914902,1521785444761,1521785444679
slip,148.0,173.0,1922630,122.423645,179.57635,116.464874,191.28104,112.139496,202.72101,113.0,208.51922746,1521785452609,1521785452492
