slip,303.0,246.0,1151663,279.0,239.0,249.79593,234.28357,214.73592,232.46678,177.82956,231.03073,139.33603,233.0,103.02777,233.0,77.039665,234.6424,54.30181,235.0,39.386475,237.0,27.5,238.5,20.5,238.01151885,1521784369641,1521784369509
slip,271.0,221.0,1165764,239.1353,216.53383,194.61124,211.9948,150.39626,207.81454,104.491196,209.77974,86.187164,212.16481,71.39511,219.80244,63.869534,225.91309,57.0,233.0,51.554497,241.30688,51.0,254.01165947,1521784383698,1521784383601
slip,282.0,201.0,1166403,225.08966,202.49292,160.40616,211.89124,99.4933,224.25336,83.66421,231.13432,70.01223,236.70905,60.27403,240.24199,55.605785,242.39421,50.77368,246.11316,47.06949,247.64351,43.592743,250.40726,39.77877,252.48082,39.0,253.01166609,1521784384363,1521784384244
slip,265.0,193.0,1167076,205.05173,194.96687,128.18883,203.88559,68.55152,214.61497,50.65508,219.66899,34.13102,220.0,26.61395,217.0,23.0,221.51167209,1521784384959,1521784384854
slip,314.0,206.0,1167892,291.0,206.0,249.18602,214.12523,161.61067,225.55635,65.40191,239.9171,13.5,244.01168009,1521784385762,1521784385653
slip,304.0,242.0,1180897,280.0,235.0,252.04726,230.53775,222.25153,229.68773,185.22586,228.0,127.71246,229.43542,57.047535,234.9966,45.973076,235.00208,32.233826,233.0,26.050468,236.89906,26.0,237.01181090,1521784398841,1521784398753
slip,323.0,184.0,1181494,275.3097,179.01813,238.92133,182.89763,156.26639,190.66772,85.085144,199.15248,60.821438,202.0,46.77907,204.27132,37.541576,205.69168,34.73003,207.26997,34.0,208.75014,34.0,210.5,40.0,213.63692,40.0,225.88892,40.0,237.01181750,1521784399502,1521784399390
slip,291.0,166.0,1182154,230.24915,152.75986,193.87657,148.3371,139.91797,147.88354,110.0,151.01182242,1521784399995,1521784399909
slip,45.0,186.0,1182349,65.77762,165.23938,99.41725,162.6775,179.5156,170.80014,235.31952,184.01854,277.19443,194.15431,307.49454,200.88768,321.31528,206.81326,338.5,211.5,345.0,214.51182553,1521784400304,1521784400188
slip,67.0,218.0,1182829,92.4146,201.47467,135.94669,201.0,189.0,205.5,246.12752,210.76595,269.2963,214.74074,294.67334,220.31569,318.87277,229.7491,336.57196,228.762,338.0,229.01183024,1521784400777,1521784400671
slip,318.0,183.0,1194628,266.1673,187.30545,224.01541,189.89845,128.19281,205.25392,62.198307,221.30835,44.04322,227.9856,27.5,227.51194775,1521784412528,1521784412422
slip,261.0,207.0,1197595,191.04863,214.1569,103.61036,224.04453,71.093155,226.52713,48.432495,225.05406,29.001717,223.11073,25.0,224.01197702,1521784415454,1521784415357
slip,304.0,217.0,1201509,273.21683,217.0,249.92505,212.81252,209.55571,209.00446,97.576675,210.1586,47.777058,208.52045,42.07315,210.58943,32.327316,209.05455,22.66573,210.0,17.160656,210.91968,16.0,211.5,16.0,211.0,16.0,212.5,16.0,215.58733,16.0,222.69775,26.5,232.51201809,1521784419559,1521784419473
slip,275.0,234.0,1202384,248.68793,225.79195,240.78505,220.42804,232.37665,216.79222,222.44083,210.44083,213.74931,206.5831,208.28922,203.6446,203.3041,200.53606,201.24918,196.49834,199.5,194.5,199.0,192.17078,197.70215,192.0,198.0,189.13799,198.0,188.5,198.0,188.0,205.55263,188.0,207.24953,188.0,211.55032,188.0,215.0,198.5,217.48647,196.48647,219.35428,198.35428,221.78693,199.0,224.86752,199.0,227.80309,199.0,232.48889,199.0,235.9968,199.0,243.03749,199.0,247.9328,199.0,252.75592,199.0,257.24274,199.0,261.85004,194.68326,264.4158,187.75258,265.0,186.3034,265.0,185.5,265.0,185.0,265.0,194.10245,265.0,199.9851203186,1521784420935,1521784420847
slip,316.0,181.0,1206232,297.0,176.0,282.86368,175.0,268.35703,175.0,247.21574,176.82632,211.53671,183.36972,162.68243,197.87482,130.48615,205.6101,113.940926,208.0059,97.67198,210.592,86.656006,211.0,74.90706,213.68216,63.63442,216.3414,55.001278,221.1423,46.840267,225.69585,40.67339,232.87769,40.0,234.01206517,1521784424268,1521784424161
slip,260.0,202.0,1208622,232.0562,207.08069,175.47911,220.4189,85.992516,235.42184,65.43443,236.3043,51.779266,234.75325,39.721935,228.22995,31.209011,222.9254,24.013433,215.81075,18.5,212.0,19.140015,218.57996,19.0,219.01208795,1521784426546,1521784426468
slip,261.0,209.0,1209156,206.57759,212.44514,119.50147,216.5555,71.42979,218.0,48.907455,216.65639,34.21185,216.87881,27.360212,215.59006,25.104969,220.47516,28.11018,227.11018,30.843075,229.84308,34.0,230.0,35.0,230.0,36.0,230.0,37.5,230.0,38.0,230.0,39.0,231.0,39.827057,232.0,40.0,233.5,40.89187,236.89188,44.0,240.0,52.427864,242.90465,69.91751,241.94434,92.568535,238.0809,121.95955,232.51012,145.22977,225.61569,159.70334,218.46518,172.63255,212.18373,181.0146,207.9927,190.39175,204.53609,197.48749,205.0,205.0,209.5,209.45819,210.86455,212.80676,212.40338,199.46825,212.0,198.02687,213.94627,198.0,216.70744,198.0,219.079911209874,1521784427624,1521784427527
slip,247.0,239.0,1211978,200.7605,239.0,127.28,241.34706,56.84198,244.69855,35.655178,239.04434,27.95209,230.10864,20.78204,224.83653,19.384972,223.0,18.5,223.0,19.0,231.47343,19.0,237.79001,19.0,244.065341212183,1521784429932,1521784429836
slip,320.0,209.0,1212460,270.4671,199.2321,207.37076,188.91011,113.306305,180.0,77.928116,183.16078,64.055336,186.23616,53.082672,190.39314,44.72751,192.6545,40.576347,195.42365,35.046333,197.73842,32.5,198.0,29.477911,199.6814,29.0,202.72433,28.0,204.71078,28.0,206.5,28.0,207.5,28.0,210.0176,28.0,216.78944,28.0,229.0746,28.0,234.01212812,1521784430562,1521784430457
slip,319.0,174.0,1212962,285.462,166.99416,261.08353,164.00928,221.48279,162.54741,131.37941,165.56342,104.721565,171.25569,85.44135,173.19682,70.81839,174.3523,60.763268,175.20612,54.049732,176.0,50.3517,178.6483,46.118008,181.76398,44.624363,183.37564,41.23614,186.76385,41.0,189.93884,39.089375,194.6425,43.0,203.98155,43.0,210.01213274,1521784431025,1521784430930
slip,233.0,168.0,1214541,157.58098,170.69206,93.26404,175.17708,64.806145,177.63876,50.603523,179.82184,41.043278,181.32613,37.648438,182.0,33.661705,183.0,30.216345,184.78366,28.525808,187.94838,28.0,190.64027,27.537241,194.85104,25.993109,201.02756,18.5,205.51214770,1521784432524,1521784432429
slip,289.0,159.0,1214972,262.5847,172.20766,242.39812,179.17197,212.62117,185.62517,168.21585,188.0,105.31885,192.19724,71.23931,196.56007,51.06015,202.72493,33.27312,206.67761,22.548532,209.33635,21.0,210.01215157,1521784432912,1521784432790
slip,302.0,220.0,1215484,274.83542,222.3882,255.70946,224.0,227.61119,221.34596,185.36575,221.64229,143.52733,223.0,105.708725,225.6225,82.60309,227.7598,59.311554,226.59369,46.363274,218.90884,33.40103,211.95601,23.541462,209.09024,18.5,209.0,18.5,209.0,17.0,218.14029,17.0,224.0926,24.5,242.01215786,1521784433535,1521784433610
slip,282.0,201.0,1217009,262.53152,201.0,218.56233,205.96214,127.06277,219.3787,93.37115,221.63498,67.42791,226.97974,49.989853,232.40305,33.800995,234.4199,24.5,232.51217142,1521784434892,1521784434786
slip,300.0,227.0,1217558,250.24489,223.16086,199.95609,228.5627,101.78978,242.52919,65.76872,248.64626,54.439713,250.0,47.98237,251.00587,44.84928,251.57536,41.746014,252.0,38.559673,252.0,35.0,252.0,37.0,253.0,33.47085,253.76457,32.0,254.5,33.0,256.7946,44.328396,260.3284,49.434383,268.01016,56.0,284.01217899,1521784435651,1521784435540
slip,187.0,113.0,1219226,202.0,113.0,206.96762,113.0,229.7425,107.314381219341,1521784437096,1521784437005
slip,320.0,207.0,1221363,288.96436,207.0,252.23074,209.76254,203.95074,210.8838,111.18817,218.70938,69.98088,221.71497,49.48437,223.25156,32.807396,218.72296,22.888878,215.2963,16.59082,216.0,16.0,216.01221542,1521784439293,1521784439198
slip,289.0,206.0,1221977,246.94325,205.28166,202.0378,204.81703,155.39522,206.45016,117.93425,203.1682,94.44022,200.05502,69.4691,195.32646,41.64711,190.95589,19.925966,191.279461222130,1521784439880,1521784439814
slip,278.0,194.0,1222588,232.0206,194.17586,185.45912,195.0,108.53774,197.26184,87.13533,198.76692,62.567097,198.0,49.008778,196.3343,39.412174,195.0,35.669147,193.44609,33.5,192.0,35.0,202.01222802,1521784440553,1521784440433
slip,299.0,208.0,1238360,269.097,201.51323,221.84421,197.28831,124.16608,195.0,67.57251,197.85258,44.778873,198.54808,22.03694,199.01238477,1521784456231,1521784456132
slip,274.0,209.0,1250446,236.81548,207.40129,197.41656,205.70988,155.02008,207.89214,82.33183,215.109,74.81534,218.611,56.367443,225.04079,37.66917,229.466171250576,1521784468326,1521784468231
slip,326.0,178.0,1253377,281.76102,172.0348,248.53888,169.89299,196.92014,172.87999,123.65541,185.62357,109.0,191.0,88.56104,196.78421,68.16226,202.75133,55.873955,207.04727,44.67288,210.23631,27.618132,218.190931253589,1521784471339,1521784471252
slip,291.0,197.0,1253995,261.84595,197.0,232.8167,194.0,191.22763,195.13008,119.14098,196.65166,75.30761,200.66924,62.575687,201.74243,49.396698,202.0,41.10345,202.0,29.767584,203.0,22.718594,203.0,17.5,203.0,17.120699,203.0,15.0,203.46967,15.0,205.04033,15.0,209.01718,25.29342,211.29343,26.0,212.01254316,1521784472072,1521784471973
slip,152.0,261.0,1258646,171.12653,266.12653,178.4747,266.0,182.78078,266.0,185.30324,266.0,194.89561,266.01258783,1521784476533,1521784476440
