slip,291.0,123.0,6979387,249.17564,123.0,216.61914,124.86094,162.58217,139.73335,76.614265,182.509866979496,1521805211139,1521805211070
slip,296.0,103.0,6982807,269.0,98.0,227.00375,97.0,189.71725,96.45131,126.77275,106.84545,93.5,113.56982914,1521805214558,1521805214487
slip,306.0,112.0,6988856,271.9933,107.29967,242.57706,107.856255,211.17735,111.697395,197.5,113.06988943,1521805220591,1521805220514
slip,270.0,112.0,6997150,245.17773,106.48394,210.42488,105.29781,169.5,109.56997223,1521805228869,1521805228795
slip,174.0,164.0,6997682,221.31967,156.4041,266.08246,150.3196,289.0,146.56997770,1521805229415,1521805229342
slip,118.0,179.0,6998409,155.17055,172.02441,194.35526,166.02226,280.50626,155.64113,339.0075,150.142216998527,1521805230170,1521805230097
slip,276.0,130.0,7006457,247.80168,128.74301,216.47188,125.647197006521,1521805238164,1521805238077
slip,313.0,138.0,7014161,268.14447,130.86491,236.72493,130.63214,204.664,137.0847014249,1521805245892,1521805245810
slip,159.0,169.0,7023758,208.58133,169.0,265.69293,166.01706,329.0,162.57023845,1521805255489,1521805255416
slip,132.0,167.0,7024303,161.0,160.0,206.02055,155.8322,317.815,140.65704,344.0,143.07024410,1521805256055,1521805255960
slip,297.0,143.0,7032276,239.51567,129.6392,206.57011,131.7765,172.84087,137.93507,118.5,161.57032384,1521805264027,1521805263969
slip,266.0,114.0,7042356,235.60495,111.800705,201.53218,111.07042419,1521805274062,1521805273977
