slip,290.0,89.0,6462986,246.32147,89.0,207.15672,95.69123,148.66895,116.09142,109.10651,136.18462,89.5,146.56463106,1521804529148,1521804529076
slip,277.0,152.0,6471706,222.54381,149.79468,166.7657,155.47768,113.5,162.06471790,1521804537833,1521804537762
slip,314.0,125.0,6489914,268.0683,121.0,233.3591,122.22008,194.32199,127.56585,103.5,152.56490021,1521804556066,1521804555980
slip,299.0,139.0,6491442,259.39008,149.64148,224.41522,155.00737,189.27151,158.03642,156.93756,159.54427,134.0,160.56491560,1521804557603,1521804557565
slip,256.0,133.0,6497128,192.71782,141.81061,137.482,154.09155,88.65051,160.174096497213,1521804563256,1521804563170
slip,258.0,137.0,6506340,228.34581,131.84274,186.23563,130.24942,146.8067,131.327736506413,1521804572459,1521804572359
slip,139.0,152.0,6506977,156.5339,152.0,189.97824,153.53679,236.71552,155.35718,295.55826,157.58656,331.17722,156.986376507117,1521804573159,1521804573076
slip,104.0,162.0,6507727,138.01372,166.57535,191.8248,170.34337,293.11945,170.10234,350.93665,162.86626507834,1521804573877,1521804573796
slip,288.0,137.0,6515701,253.09872,132.52467,221.35126,128.03513,179.5,127.06515793,1521804581836,1521804581764
slip,290.0,176.0,6523895,251.40631,183.14638,220.49854,188.63663,157.43205,202.74995,121.5,210.56523982,1521804590028,1521804589945
slip,287.0,115.0,6525262,235.8255,107.939064,197.92291,103.51383,152.90858,102.79065,146.0,103.06525350,1521804591395,1521804591347
