slip,282.0,197.0,6200881,228.96011,197.0,157.26913,209.28848,102.0,218.56200966,1521804098300,1521804098230
slip,248.0,147.0,6209902,211.68843,150.40426209941,1521804107281,1521804107189
slip,285.0,148.0,6210476,221.67725,150.61023,184.72241,154.4333,167.5,156.56210561,1521804107896,1521804107808
slip,260.0,139.0,6219165,230.29523,139.0,191.5,125.56219209,1521804116547,1521804116496
slip,199.0,135.0,6219558,241.57867,135.0,291.40314,137.88063,334.5,146.56219643,1521804116977,1521804116906
slip,144.0,117.0,6220382,174.0,121.0,253.28752,123.87335,356.0,127.06220466,1521804117802,1521804117717
slip,315.0,133.0,6229080,292.0,133.0,245.70732,130.19699,202.0,128.56229164,1521804126502,1521804126406
slip,300.0,135.0,6238343,263.59656,135.0,229.8962,136.3859,197.76022,136.91199,166.90602,138.45476238452,1521804135786,1521804135712
slip,295.0,121.0,6239039,244.55785,121.67085,200.56966,119.77035,132.98325,117.356544,123.0,117.06239127,1521804136464,1521804136395
slip,253.0,105.0,6246906,194.06015,107.495705,154.17949,108.79282,119.0,109.0,117.0,109.06247009,1521804144345,1521804144248
slip,185.0,154.0,6247340,213.0,154.0,262.7008,158.0,309.06335,158.06247431,1521804144770,1521804144712
slip,177.0,167.0,6248101,209.4978,169.21397,255.38216,174.03821,320.28296,183.48375,342.0,186.56248188,1521804145526,1521804145450
slip,317.0,160.0,6256959,268.4938,147.62344,226.15607,142.01115,159.06534,147.352166257047,1521804154385,1521804154321
slip,303.0,172.0,6264214,240.49467,170.56746,204.16801,166.02016,191.5,164.56264298,1521804161636,1521804161574
slip,289.0,166.0,6266245,249.0,163.0,201.43935,158.80254,130.89935,159.210436266329,1521804163665,1521804163588
