slip,290.0,215.0,7729662,268.0,215.0,216.29198,213.0,81.08534,211.71669,53.294376,211.0,28.272285,212.381857729781,1521806570519,1521806570427
slip,251.0,204.0,7740907,199.34274,207.15308,115.06889,222.78377,38.358273,230.21642,14.0,229.57740994,1521806581735,1521806581685
slip,255.0,203.0,7750219,160.85054,214.59277,130.0,219.0,90.0,227.07750301,1521806591039,1521806590997
slip,299.0,213.0,7750782,273.0,213.0,226.97742,218.92181,175.50009,224.26665,83.051994,236.522547750902,1521806591640,1521806591543
slip,114.0,194.0,7754354,146.27783,190.61522,221.5492,185.00705,383.5,177.07754441,1521806595181,1521806595081
slip,136.0,218.0,7755133,190.76385,223.4465,298.2271,224.81711,334.5,219.07755241,1521806595980,1521806595908
slip,277.0,204.0,7767405,258.0,196.0,222.3716,200.35045,195.0,204.07767513,1521806608251,1521806608167
slip,281.0,198.0,7779802,258.66284,198.0,229.89287,194.84903,190.86078,195.62074,121.0,205.0,68.0,214.07779953,1521806620693,1521806620616
slip,323.0,176.0,7780681,297.89478,176.0,265.9347,179.97595,208.18509,190.59348,57.12378,230.445077780819,1521806621557,1521806621465
slip,104.0,189.0,7793283,130.20294,189.0,171.22067,182.21379,219.0,182.0,369.5,186.07793442,1521806634180,1521806634112
slip,138.0,186.0,7794074,159.84872,177.46051,172.39792,172.72578,218.28712,166.31917,323.0,161.5,340.0,166.07794222,1521806634960,1521806634871
slip,284.0,197.0,7804207,238.44656,193.0,202.57422,194.0,170.52177,195.74782,127.60205,200.22073,81.08589,205.61426,50.0,209.57804366,1521806645103,1521806645037
slip,319.0,187.0,7814585,271.4588,184.47227,230.51154,184.0,163.5,185.5,64.0,195.5,63.5,200.57814756,1521806655494,1521806655415
slip,154.0,216.0,7819011,168.0,216.0,184.56285,205.28743,217.5,197.5,342.01498,185.0,344.0,185.07819181,1521806659919,1521806659844
slip,298.0,182.0,7819663,242.86708,190.38194,186.0,196.0,128.90375,202.51204,97.83169,204.32063,78.92316,204.22485,57.461994,202.5747819811,1521806660549,1521806660465
slip,330.0,176.0,7820463,292.34943,172.96654,258.69577,172.0,219.12509,173.62036,156.14711,179.14833,141.0,181.0,91.92124,185.85828,71.5,189.07820644,1521806661385,1521806661298
