slip,299.0,148.0,2113069,265.0,150.0,213.65192,156.60712,152.11479,167.48206,99.09198,173.88506,59.0,171.02113188,1521773426669,1521773425533
slip,280.0,161.0,2122794,258.00366,161.0,215.6706,163.53317,174.45105,166.29205,151.5,167.5,138.0,166.02122897,1521773436380,1521773435278
slip,254.0,150.0,2131342,220.08687,157.37242,169.97232,164.66031,81.5,168.02131415,1521773444897,1521773443754
slip,172.0,136.0,2131712,208.24997,138.375,245.95491,141.1061,284.1207,146.3793,340.5,160.52131852,1521773445334,1521773444216
slip,205.0,165.0,2132366,248.19418,163.24683,290.72476,164.187912132450,1521773445931,1521773444795
slip,274.0,119.0,2143211,244.43045,119.0,201.693,111.027452143276,1521773456757,1521773455666
slip,321.0,151.0,2152368,297.19992,151.0,268.11264,153.2125,231.49966,155.60872,192.96295,157.33488,130.5,159.5,120.0,158.02152516,1521773465998,1521773464917
slip,314.0,149.0,2153971,254.12166,146.51013,218.02225,144.13737,180.82108,138.71645,119.91583,121.58476,87.5,111.02154089,1521773467570,1521773466441
slip,297.0,119.0,2162295,265.0,119.0,216.26778,120.052826,180.44574,116.8996,127.63657,106.243232162402,1521773475883,1521773474784
slip,176.0,114.0,2162678,196.22926,118.84585,221.33617,122.59291,257.7732,127.22165,293.64072,133.7045,306.5,136.52162787,1521773476268,1521773475159
slip,161.0,169.0,2163287,208.47385,169.51822,253.06345,172.0686,318.67706,176.95386,336.5,179.52163396,1521773476877,1521773475756
slip,297.0,85.0,2165351,283.0,85.0,249.05988,85.0,217.0,82.0,188.22363,74.79569,160.5,66.02165469,1521773478951,1521773477843
slip,188.0,111.0,2166013,231.83778,116.94241,270.8692,121.98062,313.0,128.02166120,1521773479602,1521773478499
slip,258.0,117.0,2175472,212.36111,117.0,178.33823,112.06764,122.0,88.52175564,1521773489048,1521773487924
slip,292.0,129.0,2183954,257.0,132.0,219.70706,131.18535,189.12178,127.03479,141.74605,114.68651,115.0,108.02184061,1521773497543,1521773496411
