slip,270.0,67.0,726953,251.5428,55.271397,247.10963,53.703213,244.35382,49.53073,238.91357,46.27571,235.20676,44.10338,232.17845,42.589226,230.0,43.0727166,1521783723419,1521783723325
slip,325.0,189.0,736229,264.6072,204.07855,133.45456,229.82904,42.483047,244.37288736327,1521783732579,1521783732547
slip,241.0,214.0,741248,148.5,223.5,32.787125,246.11417,28.0,248.0741303,1521783737562,1521783737460
slip,252.0,214.0,749819,214.9841,221.00398,165.78409,231.42798,87.97653,249.22743,71.0,253.0749885,1521783746141,1521783746059
slip,272.0,201.0,757506,253.66121,173.32243,247.34343,163.01514,241.69228,156.69228,235.83862,151.87897,233.35335,151.0,232.5,151.0,230.05687,158.82939,230.0,159.0757718,1521783753972,1521783753863
slip,254.0,219.0,767765,246.0,199.65485,243.61649,194.23299,242.12988,191.25977,242.0,188.0767936,1521783764189,1521783764078
slip,268.0,221.0,771233,209.25581,216.32558,152.81535,210.2017,81.64317,206.83675,54.73568,207.11494771322,1521783767575,1521783767490
slip,301.0,195.0,773757,257.31827,198.49565,212.72496,203.58829,163.9842,211.46397,123.31023,217.66997,97.13175,221.51819,75.80737,224.79886,63.0,225.5773888,1521783770145,1521783770050
slip,265.0,212.0,777294,242.53668,212.0,217.28189,217.96867,188.32907,223.21289,157.99408,227.68483,128.0,232.5,86.406586,227.23444,85.0,227.0777402,1521783773656,1521783773560
slip,296.0,164.0,781433,264.97302,168.81079,238.91753,174.32797,205.64551,177.70082,162.0,184.0,99.43327,192.0,69.064255,192.0046,51.0,193.5781592,1521783777848,1521783777753
slip,283.0,136.0,784048,241.34526,146.10335,184.93199,160.9032,120.621284,176.22978,94.32834,181.64793,69.50786,186.4626,52.017067,189.72417784167,1521783780420,1521783780314
slip,300.0,201.0,786645,230.43918,212.8035,170.82715,222.16756,131.58755,228.0,116.65814,229.03108,103.5,230.5786753,1521783783010,1521783782921
slip,285.0,154.0,790918,82.0,137.0791028,1521783788237,1521783788134
slip,299.0,175.0,791612,109.0,209.0791765,1521783788252,1521783788152
slip,321.0,150.0,792278,94.0,156.0792483,1521783788928,1521783788915
slip,294.0,176.0,794242,261.86203,183.68967,238.29062,185.98184,209.38383,192.22275,181.03806,196.14429,155.62624,199.62492,125.988174,196.39822794364,1521783790617,1521783790537
slip,295.0,173.0,794969,278.79385,173.0,253.55304,179.84358,225.91765,185.43839,192.71227,189.48482,159.4194,192.1173,127.61263,193.0,103.49533,190.49933,97.0438,185.78285,105.0,167.0795131,1521783791384,1521783791317
slip,307.0,148.0,795613,272.72437,159.59427,241.84866,168.74539,191.28421,184.50053,122.1557,209.20517,89.44526,223.26105,71.70381,228.24498,58.599014,233.17184,53.392426,235.0,51.87291,235.0,52.0,236.5,56.0,236.0,58.0,236.0,58.0,237.0,59.101715,239.10172,59.57019,241.57019,60.5,242.5796021,1521783792274,1521783792193
slip,284.0,151.0,801574,258.4523,151.0,214.08759,157.44658,129.26273,165.60393,86.63013,169.0,65.77022,173.43764,39.161648,187.22557,35.0,190.0801693,1521783797951,1521783797840
slip,329.0,178.0,802388,306.0,178.0,273.14896,188.28368,234.46707,200.73053,163.05798,227.97755,132.01842,238.7762,111.92645,244.40724,93.96787,250.82986,75.12489,252.82693,59.0,256.0802567,1521783798823,1521783798764
slip,54.0,199.0,803060,74.129364,186.53447,90.70535,183.5491,113.0409,180.52788,151.2026,174.73807,250.04723,167.173,310.69812,171.10944,321.98856,173.0,332.0,176.0,333.83173,176.91586,337.48843,177.9769,339.90054,179.95027,345.3741,183.81175,348.0,186.0803348,1521783799606,1521783799514
slip,75.0,192.0,803692,113.17534,192.0,142.41536,194.31453,167.02281,198.12785,189.30359,200.16295,214.63138,202.09596,237.29556,205.18507,257.32138,207.10164,278.81827,207.0,291.8957,205.77608,300.5892,202.90405,310.90674,198.04663,324.5792,193.2104,339.5833,187.80556803978,1521783800233,1521783800145
slip,310.0,178.0,818918,282.0,184.0,231.86748,200.42538,174.00592,218.49808,142.54796,228.12915,122.73993,233.06502819026,1521783815280,1521783815174
slip,285.0,197.0,822241,225.29572,206.95071,150.33224,219.44463,111.13914,218.0,78.2994,214.55592,57.984386,209.85379,45.85772,205.86835,41.0,204.0822360,1521783818614,1521783818524
slip,288.0,160.0,825477,227.97037,164.64474,189.21188,167.02306,123.134315,170.52438,103.70742,170.0,96.0,170.0825596,1521783821869,1521783821770
slip,238.0,212.0,831560,169.02568,213.35806,133.7487,211.77487,103.00492,209.27805,81.02532,205.36256,70.5,198.5831657,1521783827912,1521783827803
slip,286.0,195.0,832167,233.07458,205.3936,181.54285,215.68352,132.55402,225.40106,104.65327,229.90668,82.52101,233.15062,68.524765,235.0594,57.0,233.5832300,1521783828554,1521783828450
slip,293.0,180.0,832959,258.85715,183.82857,214.82181,192.71286,135.72661,214.76439,119.957924,218.47449,99.177635,225.65085,77.811714,229.04707,55.194687,231.2537833087,1521783829342,1521783829251
slip,325.0,183.0,834780,270.30283,195.4559,223.8349,209.04718,152.05936,231.86575,106.70021,244.49994,82.574615,249.48279,65.63773,252.03622,49.5,255.0834938,1521783831193,1521783831098
slip,285.0,155.0,835891,260.62244,172.47867,244.4422,180.25356,219.11717,188.85634,194.1226,192.19762,161.5823,197.37311,125.14715,199.35695,100.03425,196.44826,74.534904,190.27597,64.5,178.5836083,1521783832337,1521783832268
slip,251.0,181.0,840738,50.0,197.0840846,1521783837794,1521783837649
slip,92.0,231.0,841521,42.0,253.0841992,1521783838420,1521783838316
slip,238.0,193.0,843799,222.0,193.0,199.91316,193.0,172.74228,197.28078,150.49547,193.1994,125.0,187.0,86.23473,188.0,33.00718,203.41368,10.0,213.0843947,1521783840205,1521783840108
slip,307.0,197.0,844505,290.0,202.0,253.13068,210.97386,199.11551,220.62668,115.21818,224.0,91.5,224.0,60.582542,218.08961,42.147385,213.53685,29.606842,214.93257,20.0,219.5844674,1521783840931,1521783840806
slip,111.0,302.0,845420,127.0,302.0,152.5,309.5845507,1521783841767,1521783841689
slip,302.0,210.0,848762,279.0,216.0,249.22313,225.92563,213.82382,236.03523,162.01535,249.08672,136.71863,259.71255,124.04978,264.3126,105.30523,274.57196,94.54917,279.2254,86.25657,284.04605,84.42773,285.0,84.0,286.5,83.5398,287.0,81.0,287.0,81.0,287.79306,81.0,288.5,96.0,292.0849282,1521783845537,1521783845449
slip,113.0,209.0,850179,137.78363,213.96909,160.44556,212.35071,199.82294,206.97961,241.30238,203.09665,281.9243,199.77505,307.24374,199.37535,330.54883,199.0850349,1521783846602,1521783846511
slip,316.0,187.0,850669,269.94,192.612,231.60425,197.67915,180.71323,209.18121,106.09218,230.60004,72.99472,241.07895,53.551735,246.33421,34.0,252.0850819,1521783847075,1521783846973
slip,275.0,186.0,851297,230.3702,185.74501,188.72235,183.40874,149.20097,181.70004,77.3895,167.9176,45.91866,156.8869,33.5,153.5851406,1521783847661,1521783847554
slip,313.0,205.0,853974,291.0,215.0,264.6832,222.9167,233.99783,230.25053,200.64987,238.15771,150.5,251.0,139.26591,255.53967,126.0,259.0,120.95246,259.0,119.5,259.0,119.0,259.0,126.6981,259.0,127.83991,259.0,130.37209,259.3721,132.66539,260.8327,133.0,261.0854335,1521783850593,1521783850487
