slip,307.0,186.0,2792192,284.1999,191.36473,240.50316,205.86995,147.15132,237.64458,87.86182,258.69345,42.0,274.52792288,1521793118695,1521793118254
slip,243.0,247.0,2794699,214.66486,257.79434,176.88495,275.0165,170.0,278.02794746,1521793121156,1521793120712
slip,248.0,239.0,2799870,208.55583,250.75204,153.1286,271.14352,64.5,303.52799925,1521793126337,1521793125886
slip,113.0,241.0,2800429,113.0,224.0,164.99612,208.64949,316.90973,184.81425,382.5,176.52800545,1521793126959,1521793126499
slip,315.0,212.0,2800910,263.97864,201.23402,230.31784,200.0,199.20554,202.35556,143.69193,216.368942801016,1521793127422,1521793126994
slip,271.0,214.0,2803140,236.40599,227.77225,158.00049,269.33872803184,1521793129597,1521793129140
slip,248.0,182.0,2806026,224.52876,175.1911,215.62773,172.05109,212.07558,171.07558,211.0,170.02806133,1521793132541,1521793132089
slip,235.0,253.0,2807863,193.77979,271.9545,113.59557,312.20222807906,1521793134314,1521793133870
slip,257.0,226.0,2809379,206.16731,236.21515,177.0,244.02809426,1521793135836,1521793135393
slip,270.0,140.0,2820908,230.44543,155.91315,197.014,169.8206,143.0,193.5,114.48427,215.70406,114.0,216.02820995,1521793147402,1521793146967
slip,254.0,255.0,2821409,228.98053,255.0,195.14986,255.994,139.82693,268.68356,89.70178,287.86255,67.0,305.52821497,1521793147907,1521793147457
slip,281.0,157.0,2821889,237.68083,166.05367,198.52359,180.79056,122.493195,214.37454,65.53514,241.11493,44.5,258.52821989,1521793148398,1521793147958
slip,158.0,239.0,2822631,193.30516,237.35791,224.4824,237.02098,292.20538,236.64708,310.0,236.02822737,1521793149146,1521793148717
slip,143.0,220.0,2823177,164.0,214.0,210.70981,218.7527,334.56168,229.24342823274,1521793149681,1521793149247
slip,59.0,149.0,2831553,48.0,118.7552952831659,1521793158065,1521793157605
slip,203.0,219.0,2837537,278.06284,219.19685,282.0,219.02837589,1521793163996,1521793163558
slip,49.0,184.0,2837941,99.25061,180.0,183.39186,183.17491,293.33575,189.86566,371.0,201.02838058,1521793164467,1521793164065
slip,301.0,195.0,2838358,286.84528,176.82011,258.45428,175.90912,218.64192,181.72635,147.40086,198.05899,84.12303,221.68504,31.5,253.02838518,1521793164926,1521793164497
slip,300.0,235.0,2843274,256.04593,245.93855,168.92667,275.76385,92.98436,299.21094,55.0,311.52843360,1521793169767,1521793169321
slip,272.0,189.0,2849660,208.4594,202.78467,92.58235,235.93669,51.224625,251.86266,46.0,254.02849737,1521793176149,1521793175707
slip,297.0,190.0,2859287,253.9003,199.68565,203.52463,214.73056,106.915146,253.74582,100.0,257.02859364,1521793185771,1521793185347
slip,208.0,202.0,2860113,255.83289,200.0,294.92108,200.0,337.0,200.02860210,1521793186616,1521793186258
slip,146.0,191.0,2860680,206.75761,189.83008,307.30457,190.0,377.5,190.02860777,1521793187186,1521793186773
slip,279.0,197.0,2872269,227.35751,205.78836,145.21744,225.34201,74.046364,250.53253,48.63252,260.45584,47.0,261.02872357,1521793198767,1521793198317
slip,265.0,133.0,2879705,222.66714,150.53314,132.17633,198.54327,73.89691,238.41351,59.0,250.02879782,1521793206190,1521793205757
slip,266.0,194.0,2884621,208.65738,212.30827,96.10082,255.67361,45.711502,283.380162884686,1521793211095,1521793210673
