slip,266.0,257.0,4537042,252.0,257.0,237.3206,257.0,217.21428,266.16666,188.8501,281.08243,143.95181,301.41928,118.02912,312.98337,118.0,313.04537168,1521796002468,1521796002005
slip,239.0,193.0,4545352,214.0,193.0,183.67676,201.50684,151.13177,214.67612,80.35351,250.43188,56.5,264.54545467,1521796010770,1521796010316
slip,287.0,217.0,4556001,247.88649,215.48581,219.8134,219.79665,187.83963,230.2992,108.0,259.54556106,1521796021408,1521796020967
slip,158.0,235.0,4556640,182.8125,230.54584,214.37112,228.20222,259.10574,226.99245,324.86044,224.793954556748,1521796022047,1521796021629
slip,88.0,219.0,4557315,138.56842,202.07193,203.9867,193.95825,282.93777,184.00758,308.5,181.04557463,1521796022765,1521796022323
slip,107.0,203.0,4565678,125.0,203.0,156.49326,199.0,202.32774,199.0,276.2708,201.67957,311.19373,202.04565805,1521796031107,1521796030640
slip,305.0,187.0,4566339,276.028,183.58495,246.67572,188.29987,204.6454,197.38702,137.80847,222.58894,108.295746,236.85213,71.0,254.04566478,1521796031781,1521796031340
slip,291.0,219.0,4576200,258.28372,220.61938,232.07475,225.36098,202.90091,232.7426,168.03593,242.353844576305,1521796041605,1521796041159
slip,293.0,209.0,4584372,267.0,209.0,238.21268,213.39763,207.85236,221.14412,173.31491,233.26099,96.1375,267.605564584487,1521796049789,1521796049339
slip,178.0,210.0,4585001,224.59827,196.16396,319.78342,175.04999,320.0,175.04585088,1521796050391,1521796049959
slip,120.0,222.0,4585568,151.15651,210.97238,195.45096,201.96385,309.2473,178.11514,323.90237,173.0,328.0,173.04585695,1521796051000,1521796050565
slip,128.0,223.0,4593591,149.0,212.0,191.80069,205.90392,253.86192,201.42572,323.42038,200.04593728,1521796059028,1521796058581
slip,298.0,199.0,4594241,280.0,199.0,249.64229,204.28969,215.51866,213.01936,141.47736,243.24509,130.0,248.04594339,1521796059639,1521796059195
slip,311.0,171.0,4599548,265.0,178.5,241.83376,181.87775,220.20648,180.0295,201.67938,179.0,189.57289,179.0,186.0,179.04599676,1521796064979,1521796064548
slip,306.0,130.0,4604006,286.0,141.0,266.9206,147.3598,246.35074,150.66418,226.69533,151.86958,208.21997,153.39833,190.42839,152.10988,189.0,152.04604176,1521796069476,1521796069037
slip,288.0,170.0,4612156,247.84836,171.08688,227.21541,172.0,203.43532,170.5285,185.22021,170.0,164.5,167.04612293,1521796077593,1521796077154
slip,254.0,133.0,4612774,232.47722,133.0,217.50153,133.0,202.90982,133.0,193.0,133.0,187.0,125.54612891,1521796078193,1521796077761
slip,265.0,145.0,4613340,227.27814,145.0,210.83762,145.0,196.658,142.44301,191.1006,141.03354,183.5,130.54613468,1521796078770,1521796078321
slip,240.0,153.0,4614088,225.0,153.0,207.32715,157.86728,192.5,159.5,179.26756,165.3139,174.88103,170.58923,167.62865,175.22281,158.61836,175.0,147.46246,175.0,131.5,164.54614267,1521796079568,1521796079106
slip,263.0,208.0,4618606,67.0,275.04618734,1521796085377,1521796091706
slip,249.0,197.0,4619109,83.0,231.04619216,1521796085390,1521796091712
slip,221.0,194.0,4619568,82.0,212.04619696,1521796085413,1521796091715
slip,80.0,243.0,4620059,112.630615,227.5329,306.0,188.04620157,1521796085664,1521796091719
