slip,294.0,183.0,4952014,255.33885,179.27115,214.99603,170.9992,163.6095,160.68288,135.31319,159.48901,112.02425,159.93599,87.0,161.54952151,1521796570980,1521796570522
slip,305.0,142.0,4963653,263.70132,149.65973,236.83682,158.3759,204.09515,168.24678,173.5,171.04963751,1521796582584,1521796582143
slip,287.0,168.0,4971519,262.73907,154.02715,247.85037,150.79097,228.98979,146.45996,205.82124,143.7351,186.41368,143.0,166.0,142.04971697,1521796590530,1521796590077
slip,111.0,156.0,4972158,125.0,156.0,153.47,161.5525,214.60596,164.49261,286.28754,174.31502,301.951,181.34137,333.5,192.04972307,1521796591137,1521796590673
slip,116.0,167.0,4980887,147.31407,168.62854,198.17615,168.75952,273.40347,167.31653,296.90094,169.32233,323.12,174.70667,327.0,176.04981046,1521796599879,1521796599425
slip,290.0,168.0,4981344,243.87659,166.84538,213.45946,167.07703,180.7237,168.6322,145.56216,173.11568,121.68056,184.85796,91.091934,198.8512,57.5,215.04981494,1521796600323,1521796599849
slip,319.0,189.0,4988684,291.12354,196.48456,270.2998,199.9471,241.60774,203.0,216.27289,202.92346,184.81416,199.20193,149.25208,191.13297,121.22077,174.454544988854,1521796607683,1521796607238
slip,294.0,185.0,4993146,260.88965,199.98578,228.13649,208.9685,194.19397,212.59224,160.65904,214.11148,125.57812,212.0,108.83833,210.47575,81.86032,206.983574993278,1521796612107,1521796611661
slip,298.0,155.0,5002651,255.04646,146.68216,220.22142,135.74048,170.38725,106.405914,140.0,65.55002739,1521796621570,1521796621126
slip,290.0,162.0,5003199,268.35355,169.32323,256.12695,173.16191,234.8851,177.83405,207.0121,180.55489,179.7793,181.83568,144.52266,180.56921,87.59163,154.85287,82.0,152.05003349,1521796622179,1521796621753
slip,300.0,94.0,5008146,261.44373,103.88907,221.96861,111.40628,161.20952,124.5415,120.399704,133.35393,110.72228,129.633365008294,1521796627129,1521796626671
slip,137.0,132.0,5008690,165.21419,130.21431,210.88031,121.99238,305.1753,112.51461,311.0,113.05008806,1521796627636,1521796627186
slip,165.0,133.0,5009139,179.0,133.0,199.62088,138.0,233.78426,127.071915,275.15717,120.40061,316.34314,117.189775009287,1521796628121,1521796627667
slip,303.0,170.0,5018205,281.42905,175.99193,254.20998,180.38705,223.84138,182.51585,193.07845,181.82887,146.47226,171.543535018303,1521796637134,1521796636689
slip,328.0,177.0,5022631,313.0,177.0,295.17004,176.74063,270.20248,170.36708,238.2181,165.75702,202.17165,156.3577,165.26183,145.12877,129.7312,133.1492,111.08114,125.02705,89.97207,116.38696,74.02919,105.920435022864,1521796641693,1521796641253
slip,248.0,154.0,5026270,220.22577,154.0,191.10828,151.01083,161.19293,149.00964,134.14656,148.0,108.11992,145.89645,82.84933,139.71127,81.0,139.05026421,1521796645251,1521796644808
slip,308.0,125.0,5029670,283.0,134.0,238.58528,130.9232,196.99367,123.09555,152.68536,111.50561,100.0,96.05029818,1521796648649,1521796648193
slip,300.0,226.0,5031806,297.9815,243.51389,296.0,248.02525,294.31213,251.68785,294.0,255.20782,292.5,258.0,292.0,258.05031965,1521796650794,1521796650326
