slip,323.0,163.0,1709744,297.0,163.0,252.96472,169.20824,162.09184,190.84373,109.8546,206.74632,62.69946,227.60107,52.5,248.01709881,1521772900272,1521772899152
slip,277.0,168.0,1713603,216.48763,177.39357,117.130554,191.85164,63.518803,209.196041713688,1521772904079,1521772902964
slip,300.0,159.0,1715259,249.22594,159.0,200.68285,166.92212,99.5,192.0,90.0,203.01715363,1521772905754,1521772904681
slip,282.0,155.0,1718924,256.6952,155.0,178.0,173.0,127.0,197.01719006,1521772909401,1521772908268
slip,316.0,187.0,1722928,271.72998,182.4119,230.28958,185.02715,157.38875,195.535,95.0,207.01723036,1521772913428,1521772912305
slip,279.0,177.0,1726253,218.09367,191.49924,69.5,230.01726324,1521772916715,1521772915598
slip,288.0,167.0,1726786,226.07217,183.0113,151.91447,204.40318,87.5,233.5,58.0,245.01726892,1521772917282,1521772916203
slip,259.0,168.0,1732803,197.27864,181.7613,100.153854,205.50868,42.0,224.01732895,1521772923292,1521772922176
slip,161.0,171.0,1733483,213.7019,170.39226,304.722,171.097431733569,1521772923961,1521772922910
slip,156.0,156.0,1734137,202.84962,156.0,260.31775,158.90654,380.5,169.51734255,1521772924646,1521772923525
slip,184.0,76.0,1738282,224.20328,79.330491738389,1521772928790,1521772927659
slip,276.0,163.0,1744866,245.206,168.49893,108.5,187.5,88.0,199.01744948,1521772935340,1521772934213
slip,58.0,152.0,1750323,90.0,152.01750408,1521772940799,1521772939687
slip,282.0,135.0,1755401,213.32529,149.94086,89.5,175.51755484,1521772945874,1521772944766
slip,316.0,166.0,1758893,275.46054,161.0,235.55602,164.64154,171.12335,171.44795,86.5,183.51759031,1521772949422,1521772948315
slip,297.0,114.0,1759633,268.203,114.0,230.70384,119.46912,176.29984,129.54004,123.5,145.5,106.0,162.51759747,1521772950139,1521772949020
slip,293.0,149.0,1766502,267.60876,149.0,222.65765,148.4719,173.0,153.5,63.0837,199.736861766607,1521772956998,1521772955898
slip,112.0,126.0,1766885,155.88853,131.40994,208.49919,134.66245,312.0784,145.52075,346.0,154.51767004,1521772957396,1521772956281
slip,216.0,162.0,1767527,271.58292,160.50638,310.0,166.01767645,1521772958036,1521772956920
slip,331.0,181.0,1776994,287.84644,174.94232,250.10852,173.62561,192.46915,180.53575,111.5,202.5,103.0,212.01777142,1521772967532,1521772966415
slip,322.0,190.0,1784153,296.4363,183.0,267.4452,183.0,231.82928,187.92789,151.44476,199.83736,86.35984,214.44731,62.91292,226.174151784323,1521772974714,1521772973620
slip,298.0,143.0,1789049,242.25792,143.0,194.02617,146.86317,113.5,157.5,98.0,163.01789152,1521772979543,1521772978415
