slip,254.0,159.0,6732159,217.95763,159.0,131.71451,180.42851,56.5,199.06732222,1521804888207,1521804888157
slip,318.0,168.0,6740545,240.00613,169.55533,195.92949,173.43613,140.0,173.06740632,1521804896618,1521804896547
slip,291.0,146.0,6757503,237.95302,134.7906,196.29189,127.263466,149.53033,124.79517,130.5,125.56757591,1521804913580,1521804913506
slip,278.0,147.0,6764011,242.0,142.0,195.1955,140.0,156.18279,142.62538,104.0,154.06764098,1521804920086,1521804920017
slip,260.0,133.0,6766705,214.10445,125.353424,153.27135,119.022616766788,1521804922774,1521804922820
slip,209.0,162.0,6767216,162.37617,144.803,132.65437,137.86543,98.29831,139.234926767304,1521804923294,1521804923221
slip,303.0,158.0,6775337,249.55597,154.42035,214.32259,151.54979,177.95706,149.63441,149.68286,149.8588,137.5,150.56775456,1521804931442,1521804931449
slip,123.0,154.0,6775871,156.73772,154.0,208.61188,150.53064,308.78705,138.42075,354.0,132.56775979,1521804931967,1521804931928
slip,143.0,152.0,6776427,165.41289,156.5258,197.76411,159.25128,253.03079,159.74275,324.3433,157.914846776536,1521804932522,1521804932521
slip,250.0,192.0,6777517,265.4567,165.57314,282.5,157.56777625,1521804933611,1521804933589
slip,288.0,143.0,6785874,253.0,139.0,200.41937,130.76196,125.84657,115.969315,117.28251,115.19731,109.5,114.06785981,1521804941967,1521804941934
slip,246.0,102.0,6790907,184.89262,102.0,138.73328,105.62667,76.0,112.56790992,1521804946977,1521804946909
slip,272.0,145.0,6794593,227.53561,139.24377,190.37944,133.19643,155.97311,128.7791,138.5,126.56794681,1521804950670,1521804950598
