slip,284.0,211.0,8614509,245.56528,211.0,210.29071,210.79175,175.25723,215.04623,135.0,221.5,117.0,223.0,63.27672,215.05322,46.0,209.58614679,1521807901894,1521807901792
slip,289.0,199.0,8625409,272.0,199.0,244.06778,195.48654,213.45473,193.49762,184.12617,191.0,161.0,191.0,127.10362,189.04599,93.0,183.08625578,1521807912795,1521807912724
slip,293.0,217.0,8636031,265.13263,217.0,238.46901,211.27434,211.078,209.06342,184.5,206.0,151.33449,204.28897,123.760895,202.708948636211,1521807923427,1521807923349
slip,106.0,196.0,8636488,135.43936,182.31427,183.05042,170.65546,285.5508,157.47437,330.17874,160.021458636609,1521807923823,1521807923750
slip,111.0,187.0,8637025,131.30653,176.47446,151.72137,173.89694,195.0,172.5,227.39803,176.316,290.20786,179.42827,330.5,174.58637205,1521807924423,1521807924326
slip,289.0,186.0,8653449,238.84898,183.98741,200.62529,181.27504,162.7782,177.63289,123.48639,171.02087,95.0,168.5,85.0,167.08653598,1521807940812,1521807940762
slip,311.0,186.0,8664574,289.6947,186.0,270.9019,183.9673,243.70064,178.11063,192.92622,165.98155,144.39641,156.07,113.81336,150.83047,80.0,146.08664754,1521807951973,1521807951878
slip,292.0,188.0,8674940,239.06178,178.50926,210.042,175.88483,183.87633,174.38202,147.0,174.0,135.0,172.08675088,1521807962309,1521807962213
slip,170.0,199.0,8675409,201.74902,199.60516,229.62215,204.24936,264.5,212.5,326.0,219.58675569,1521807962786,1521807962679
slip,132.0,185.0,8676008,158.56009,173.12569,216.83728,157.14273,300.63913,150.83835,328.49298,154.123258676179,1521807963393,1521807963337
slip,293.0,191.0,8686397,254.1332,183.35553,225.22197,177.83066,191.8894,173.8834,157.75981,169.46104,139.5,168.5,128.0,165.08686545,1521807973759,1521807973679
slip,279.0,186.0,8689860,244.09332,180.5781,215.65471,177.09193,185.9805,175.0,149.5,178.0,138.0,177.08690009,1521807977222,1521807977125
slip,270.0,197.0,8697469,235.18605,189.77325,200.53842,186.71794,167.12665,185.0,121.5,183.58697607,1521807984821,1521807984738
slip,287.0,173.0,8700558,253.72597,169.93149,220.56828,164.53204,184.96486,162.19824,154.11192,162.0,121.0,166.0,103.0,167.08700707,1521807987921,1521807987817
