slip,243.0,195.0,2195117,221.05135,179.02567,205.85905,179.11653,185.63358,183.8416,162.10326,195.56693,131.37636,213.07066,69.35441,253.72154,69.0,254.02195278,1521792345926,1521792345509
slip,277.0,185.0,2206025,251.93826,193.96451,217.55438,209.19804,144.5,251.02206080,1521792356724,1521792356269
slip,286.0,198.0,2209957,248.34172,210.0603,200.15802,231.97495,131.16426,274.99225,97.5,300.02210034,1521792360678,1521792360270
slip,304.0,227.0,2210580,273.8712,232.29509,234.45264,241.54591,168.22623,258.86218,115.08095,282.45218,93.0,295.52210685,1521792361328,1521792360894
slip,266.0,209.0,2218730,246.53658,209.0,212.40764,214.05609,168.67221,228.97325,93.61888,262.25888,87.0,266.02218807,1521792369453,1521792369042
slip,308.0,226.0,2219277,273.91077,226.0,238.06097,228.98593,188.80338,240.57289,119.95752,263.0866,69.11565,290.26587,62.5,297.02219405,1521792370049,1521792369629
slip,268.0,221.0,2219819,229.21205,232.61435,167.20885,255.46712,124.86883,269.30852219886,1521792370527,1521792370100
slip,258.0,239.0,2220235,234.43141,246.91937,198.09933,267.562932220282,1521792370923,1521792370480
slip,177.0,186.0,2220805,220.04031,186.0,268.16913,191.48018,377.5,204.52220878,1521792371523,1521792371091
slip,118.0,234.0,2221608,150.68835,232.7013,184.3337,232.0,266.16077,240.65858,321.88,251.382221704,1521792372345,1521792371898
slip,69.0,239.0,2231652,104.04886,227.58249,139.17163,224.0,194.46922,224.0,287.3422,227.35614,312.0,229.02231768,1521792382411,1521792381975
slip,119.0,252.0,2232175,151.78146,244.5889,180.66023,243.0,222.71031,242.0,300.32333,245.21848,325.8223,247.313582232302,1521792382943,1521792382530
slip,317.0,220.0,2232622,255.21512,221.69124,202.9285,227.4524,112.28724,248.43903,102.0,252.02232721,1521792383364,1521792382948
slip,288.0,222.0,2243488,256.75137,231.0777,207.70367,246.55556,142.65244,273.3252243555,1521792394195,1521792393764
slip,268.0,212.0,2252624,203.5,225.5,139.03456,261.09546,107.0,303.02252700,1521792403341,1521792402906
slip,176.0,235.0,2253214,239.91049,225.96854,300.0,232.52253320,1521792403961,1521792403531
slip,128.0,184.0,2253878,177.26175,169.89029,252.26764,170.6324,329.0,176.02253983,1521792404632,1521792404180
slip,76.0,224.0,2263384,121.48489,227.92104,172.81194,236.25885,276.80164,252.43854,333.79315,256.07552263472,1521792414113,1521792413695
slip,275.0,231.0,2263932,235.7604,229.88731,198.05594,231.06993,145.96231,240.14493,93.00574,257.497862264031,1521792414672,1521792414223
slip,278.0,205.0,2273216,254.1538,209.2198,214.50728,225.4434,131.75534,263.19852,121.0,268.02273282,1521792423926,1521792423481
