slip,298.0,206.0,3990899,269.75485,199.75096,250.33449,194.70383,219.22371,193.87646,190.2857,195.67348,154.57002,201.886,74.63994,226.851333991047,1521795120885,1521795120420
slip,319.0,203.0,3996518,305.0,203.0,280.08627,200.21725,256.20706,199.0,222.88683,201.51132,192.0,204.0,138.31224,220.70633,88.73734,244.420823996667,1521795126504,1521795126080
slip,283.0,182.0,4002703,250.44342,187.65694,227.31128,187.96109,194.13411,191.02716,158.32097,197.5152,89.93315,216.20137,69.0,224.04002841,1521795132681,1521795132247
slip,296.0,165.0,4006085,239.46994,170.21083,206.86957,175.58102,151.88329,193.18335,93.633064,221.48837,66.85614,245.715094006195,1521795136033,1521795135591
slip,316.0,168.0,4015381,274.6712,170.15633,236.91261,177.21748,194.55399,185.8489,129.96579,207.1109,76.95308,233.175694015510,1521795145347,1521795144898
slip,303.0,208.0,4016024,285.0,208.0,271.64215,208.0,253.99046,208.0,233.30095,213.34259,210.485,219.12875,140.2415,250.14603,122.0,258.04016172,1521795146015,1521795145579
slip,295.0,185.0,4017688,258.45728,191.05428,225.08665,193.99278,185.93253,200.00844,156.03545,206.78015,98.39611,228.80194,63.0,246.54017796,1521795147641,1521795147212
slip,306.0,188.0,4018276,276.27228,196.14555,247.19225,200.86438,214.15556,205.69206,180.83778,211.07852,135.73865,225.42046,95.19552,245.64613,63.635674,260.994964018426,1521795148266,1521795147833
slip,288.0,209.0,4018886,253.15211,211.44374,221.254,213.7746,190.51852,216.68013,145.63245,226.23447,109.5,236.04018992,1521795148832,1521795148395
slip,126.0,222.0,4019281,131.0,204.0,170.8259,191.50642,273.42526,168.57184,334.0,161.04019387,1521795149226,1521795148789
slip,154.0,221.0,4019774,160.0,207.0,184.22552,195.49586,235.44847,183.91031,326.26877,167.22997,334.0,166.04019890,1521795149729,1521795149284
slip,143.0,149.0,4029804,163.0,159.0,203.71227,169.90845,235.4789,181.29735,276.0044,195.33481,278.0,196.04029942,1521795159781,1521795159351
slip,295.0,188.0,4030177,280.0,188.0,257.93216,190.68475,227.84175,194.81445,200.19647,198.53372,172.0,202.0,147.31131,204.3841,143.0,205.04030305,1521795160144,1521795159682
slip,282.0,192.0,4034227,261.0,192.0,232.1984,195.28925,203.8958,197.39468,170.97116,203.80577,170.0,204.04034332,1521795164171,1521795163736
slip,311.0,166.0,4040754,279.79297,166.0,256.36295,165.11505,223.56664,160.50952,195.08582,155.19742,182.87556,154.44862,166.87054,151.62422,142.0,149.04040901,1521795170742,1521795170279
slip,278.0,179.0,4050239,264.0,179.0,229.37558,180.76244,196.05678,179.59349,162.13362,177.05153,129.5,174.0,93.5,163.04050355,1521795180196,1521795179763
slip,278.0,203.0,4050846,241.93889,203.60611,209.04987,205.0,170.16154,204.40175,135.3957,206.08022,111.58513,208.82387,93.12608,211.74013,77.0,216.54050996,1521795180836,1521795180382
slip,265.0,172.0,4051413,231.52432,172.0,201.5067,178.49895,166.8214,183.14732,127.80346,188.52457,102.780685,194.06747,84.18534,198.60114,79.0,199.04051562,1521795181404,1521795180954
slip,121.0,164.0,4052118,196.01581,173.38496,288.56946,196.38594,311.13217,208.92456,322.0,213.04052267,1521795182109,1521795181661
slip,160.0,191.0,4052620,194.70557,187.48303,233.94629,189.54959,272.21844,195.67007,323.5,205.04052748,1521795182588,1521795182119
slip,289.0,180.0,4062428,274.00076,180.0,272.4415,180.0,271.5,180.0,269.35983,180.0,267.81702,180.0,261.42307,187.0,245.48619,187.0,224.5,187.0,191.61356,177.33969,161.06839,169.39723,132.43411,162.11424,104.19595,151.68817,96.0,148.04062713,1521795192555,1521795192106
slip,256.0,146.0,4067374,228.7221,150.72226,201.0994,153.0,170.96648,151.89833,140.7335,148.90529,135.0,148.04067479,1521795197317,1521795196878
slip,321.0,158.0,4074509,283.43127,168.85625,248.32942,170.93958,212.48984,169.74898,175.08693,159.02898,133.02077,134.55513,118.0,124.04074647,1521795204486,1521795204028
slip,295.0,158.0,4081363,265.24622,167.91792,236.6945,175.02776,207.45981,181.6756,175.20163,181.15247,172.0,181.04081451,1521795211289,1521795210847
slip,259.0,134.0,4082223,245.0,139.0,220.91681,139.86308,194.1355,139.07477,165.97543,135.62193,140.30276,130.32568,121.0,125.54082348,1521795212189,1521795211728
