slip,269.0,153.0,1446701,238.9725,161.75801,176.00441,188.07489,91.81373,232.63039,72.0,246.51446794,1521772485020,1521772483893
slip,281.0,209.0,1449692,211.68929,203.5078,116.74562,203.06244,62.5,209.0,54.0,213.01449796,1521772488022,1521772486913
slip,199.0,305.0,1451624,213.0,312.0,235.70949,315.07095,255.0,317.01451782,1521772490009,1521772488918
slip,269.0,162.0,1452620,194.8291,179.25858,97.12378,203.56943,49.0,217.51452693,1521772490922,1521772489796
slip,258.0,157.0,1459800,215.8733,163.0181,115.26533,195.28256,51.0,220.01459863,1521772498088,1521772496986
slip,275.0,197.0,1461967,144.81606,207.55338,20.5,203.01462031,1521772500260,1521772499142
slip,307.0,136.0,1462566,247.7858,139.46825,202.06465,145.9899,111.910645,164.20276,64.88659,180.792531462683,1521772500909,1521772499791
slip,288.0,157.0,1469629,230.71243,163.45752,180.5,173.5,115.0,193.01469711,1521772507937,1521772506821
slip,324.0,186.0,1470204,289.90176,180.0,259.1879,180.83925,224.66667,183.94203,152.90887,193.07222,104.0,201.01470351,1521772508580,1521772507466
slip,322.0,185.0,1472490,294.043,180.00331,259.26913,182.26628,209.30548,189.86281,125.44913,212.51695,70.0,237.0,61.0,246.01472638,1521772510864,1521772509760
slip,153.0,184.0,1473087,188.7699,185.44383,260.8965,193.27661,371.5,203.01473176,1521772511404,1521772510365
slip,163.0,213.0,1473687,191.38495,205.12302,250.0,196.5,293.0,191.01473835,1521772512061,1521772510962
slip,283.0,132.0,1476477,256.0,132.0,228.0,143.01476538,1521772514763,1521772513654
slip,297.0,159.0,1483591,257.98135,161.1028,213.02498,169.3366,134.96152,185.80508,76.03845,208.400651483709,1521772521935,1521772520846
slip,284.0,154.0,1487087,215.42723,162.52774,67.5,199.01487169,1521772525395,1521772524290
slip,288.0,189.0,1493358,252.0,189.0,142.79729,210.36711,93.878586,219.90031493440,1521772531668,1521772530567
slip,295.0,168.0,1494950,231.5389,181.52026,127.5,209.5,106.0,214.01495044,1521772533269,1521772532167
slip,296.0,154.0,1503239,255.64125,154.0,214.78767,157.71156,163.8772,158.0,65.5,168.51503376,1521772541610,1521772540474
slip,181.0,154.0,1503719,249.0973,151.09674,314.41492,149.11884,343.5,148.51503828,1521772542054,1521772540944
slip,171.0,180.0,1504317,208.76886,180.0,261.35883,184.36311,373.5,199.01504426,1521772542653,1521772541533
slip,270.0,164.0,1513616,215.82413,178.15019,84.5,197.51513698,1521772551924,1521772550791
slip,273.0,164.0,1516202,203.04066,171.40459,73.5,189.5,79.0,196.01516295,1521772554521,1521772553402
slip,271.0,187.0,1519194,231.76132,197.71446,165.57205,216.6937,91.5,238.51519267,1521772557494,1521772556393
slip,278.0,147.0,1524002,233.66982,149.54128,182.15553,153.49028,95.0,161.5,71.0,165.01524105,1521772562332,1521772561209
slip,298.0,183.0,1528306,260.89203,183.0,222.20107,183.0,173.04257,186.6733,70.0,204.51528444,1521772566669,1521772565576
slip,289.0,160.0,1528853,230.1783,170.58774,80.0,210.0,66.0,217.01528946,1521772567172,1521772566054
