slip,283.0,233.0,2481828,228.45638,245.87553,138.63863,279.903082481883,1521792730743,1521792730310
slip,305.0,185.0,2503831,276.7022,195.10635,231.47487,212.071932503875,1521792752738,1521792752289
slip,318.0,168.0,2516422,292.0,178.0,252.05472,193.10426,188.822,223.95369,136.5,254.02516508,1521792765372,1521792764921
slip,165.0,201.0,2517715,144.17389,183.93472,140.36133,173.96355,143.0,159.52517842,1521792766703,1521792766253
slip,293.0,170.0,2519820,276.11703,180.72075,271.714,181.0,261.2017,174.06818,260.0,173.02519937,1521792768797,1521792768357
slip,271.0,205.0,2528129,214.02394,215.89859,128.31464,230.11996,45.5,261.02528196,1521792777060,1521792776647
slip,100.0,278.0,2537751,82.29084,259.29083,75.68429,252.6843,76.0,241.02537857,1521792786716,1521792786252
slip,107.0,231.0,2538521,89.618576,210.11002,87.53446,202.6034,85.779785,197.339362538638,1521792787498,1521792787036
slip,278.0,135.0,2541114,199.69379,174.1531,126.14261,213.26836,74.57944,246.03815,39.5,265.02541201,1521792790064,1521792789630
slip,68.0,150.0,2541831,91.0,157.0,134.16217,172.10652,273.0,209.5,325.92984,219.87915,334.0,221.02541961,1521792790823,1521792790389
slip,107.0,211.0,2542795,150.10857,205.44511,201.38062,202.53441,301.33,202.31303,340.5,203.52542900,1521792791760,1521792791329
slip,296.0,194.0,2552751,263.31677,206.18913,208.45294,227.35425,120.39597,265.711552552818,1521792801677,1521792801241
slip,85.0,244.0,2553106,132.00766,235.91635,185.5,233.0,344.99194,225.334052553212,1521792802072,1521792801663
slip,290.0,247.0,2553610,252.2068,241.0,216.97894,243.00175,177.85109,246.63121,132.7931,250.50389,84.0,254.52553714,1521792802577,1521792802116
slip,156.0,251.0,2554977,182.5,283.02555083,1521792803942,1521792803499
slip,228.0,155.0,2557489,214.0,155.0,197.17987,142.11243,186.5,131.52557561,1521792806427,1521792805983
slip,260.0,177.0,2558071,185.17453,204.25972,93.078415,243.55066,45.5,266.52558139,1521792807000,1521792806553
slip,313.0,177.0,2566080,239.85088,190.78728,150.71933,215.51208,84.67132,244.04776,37.5433,275.53432566186,1521792815045,1521792814616
