slip,286.0,228.0,462249,266.07196,228.0,251.60103,228.0,236.01979,229.10672,219.78409,233.66478,197.04683,236.59688,182.72943,237.91895,157.28378,241.09549,135.32515,243.57832,113.78586,245.01428,84.0,249.5462436,1521783270395,1521783270312
slip,145.0,167.0,462991,173.31677,158.12949,201.29129,155.53937,233.51671,153.81491,260.05392,152.46742,281.42633,154.06558,294.74884,154.59361,303.50632,155.0,307.6068,155.0,310.39447,155.0,312.41135,156.0,314.0,156.0,313.0,157.0,306.0,157.0,306.0,158.0463440,1521783271397,1521783271316
slip,140.0,202.0,463922,198.90907,194.0,259.35648,195.0,315.91953,196.0,337.5,196.0464038,1521783272003,1521783271893
slip,295.0,167.0,473450,259.17285,158.5536,215.63116,162.56148,123.490524,189.64626,70.053955,218.07628,24.5,252.0473559,1521783281518,1521783281435
slip,303.0,215.0,487154,261.14206,206.18033,217.96967,204.0,137.93791,207.30824,74.35099,217.99622,37.51298,227.69637487271,1521783295228,1521783295145
slip,277.0,211.0,498844,30.0,252.0498961,1521783308034,1521783307948
slip,124.0,184.0,499667,316.0,190.0499872,1521783308078,1521783307966
slip,269.0,195.0,500337,67.0,266.0500448,1521783308757,1521783308646
slip,290.0,117.0,501011,256.7153,122.094894,239.01364,129.63141,225.07364,137.18132,215.01695,141.54802,203.5,145.0,193.29013,148.91711,185.24036,153.20772,173.69078,160.31955,166.96716,164.8197,160.60193,169.29855,152.0,172.0,149.73973,176.52055,150.0,177.5,150.0,178.0,155.50896,179.0,161.80981,179.30164,172.06017,181.73148,190.49516,186.3738,212.11893,188.6473,235.0,193.5,254.41058,198.40176,272.00278,200.0,285.18127,200.0,297.20483,201.0,305.39917,201.0,312.5,201.0,319.19794,201.0,325.25107,201.0,327.26257,201.0,330.0,201.76273,332.82864,202.0,336.6635,202.0,338.45975,202.0,343.07843,202.0,344.9738,202.0,348.06454,202.0501644,1521783309602,1521783309512
slip,124.0,209.0,501933,161.3353,209.0,190.34175,207.80746,228.5,205.0,261.80762,202.43532,306.81888,196.02588,321.50516,190.53387,338.0,182.5,341.0,179.0502112,1521783310073,1521783309978
slip,84.0,230.0,512064,138.48924,223.50098,181.565,223.0,232.66574,223.0,272.62085,219.50087,293.06482,216.41931,312.44644,213.50766,333.78052,211.63226512234,1521783320192,1521783320081
slip,277.0,218.0,512659,232.02788,220.0,187.16824,222.25743,119.038216,230.56596,85.42503,237.98956,67.08139,244.78859512758,1521783320717,1521783320626
slip,297.0,198.0,515054,265.39886,205.62785,230.49197,214.684,172.87563,232.89319,130.96114,248.78119,106.408104,259.00894,84.7738,266.00937,82.0,267.0515174,1521783323136,1521783323009
slip,277.0,197.0,517394,233.87709,209.37401,139.41626,236.90431,91.80711,252.54822,71.70392,257.0592,55.311413,258.60806,51.0,259.0517503,1521783325464,1521783325382
slip,253.0,232.0,524865,199.18112,245.23157,128.33426,264.3225,61.16587,285.6114,63.0,293.0524941,1521783332902,1521783332791
slip,313.0,165.0,532220,260.46744,162.63739,196.53174,173.65797,109.844955,196.70425,64.66369,230.25195,62.0,232.0532327,1521783340285,1521783340201
slip,275.0,176.0,532902,230.812,181.2376,177.09296,192.0731,111.57267,213.5182,74.03036,234.22359,51.687252,253.82715,57.0,256.0533010,1521783340972,1521783340878
slip,258.0,207.0,535349,211.91359,216.01662,142.9954,238.61914,80.373795,262.10132,68.870575,270.69937,60.5,280.0535436,1521783343397,1521783343300
slip,294.0,194.0,536096,261.35446,201.41139,229.56964,208.65877,191.76544,219.67343,148.46046,231.32124,115.4595,243.2162,96.795715,251.09428,76.98837,260.1871,73.0,262.0536238,1521783344199,1521783344103
slip,279.0,204.0,538619,261.9931,204.0,231.61372,211.37843,181.9285,227.20155,119.14582,261.74258,91.24881,287.56363,77.0,299.0538717,1521783346679,1521783346600
slip,59.0,178.0,539316,107.15796,179.57895,146.18492,182.03949,206.96655,183.0,258.73224,185.36983,293.96606,185.0,322.9239,186.24524,337.0,189.0539486,1521783347445,1521783347364
slip,116.0,166.0,539968,131.0,166.0,151.90529,169.35547,181.00014,172.0,216.63272,172.9864,248.65688,172.49318,279.58917,172.0,306.61258,169.42583,324.4361,166.9207,337.5,165.5540161,1521783348121,1521783348017
slip,306.0,199.0,552248,236.50114,193.59619,182.5241,201.67639,119.20485,219.56796,95.27825,240.45592,75.141754,270.00192,70.0,279.0552376,1521783360334,1521783360264
slip,301.0,183.0,557796,250.89075,183.0,191.77605,202.40799,124.0391,233.08469,78.89243,262.3781,62.53508,280.02283,57.0,287.0557922,1521783365883,1521783365783
slip,295.0,163.0,561522,272.14093,167.15619,238.04048,180.90219,166.20027,218.92157,123.466484,244.72011,84.57431,269.08908,58.0,287.5561630,1521783369589,1521783369490
slip,284.0,181.0,564440,238.49123,197.46423,183.02628,217.25116,141.82779,234.53282,115.42737,246.79889,81.04997,259.22202564538,1521783372495,1521783372395
