slip,287.0,210.0,8008214,251.14873,193.03719,220.90248,187.9867,186.26184,187.24892,146.5,192.5,67.10419,215.42613,43.978977,220.85414,31.0,219.08008394,1521807020639,1521807020547
slip,310.0,190.0,8019542,261.54282,196.64572,225.4931,202.3925,145.68239,216.21085,99.0,225.08019690,1521807031935,1521807031851
slip,102.0,196.0,8030057,124.76498,175.58813,133.0,172.5,143.0,171.0,190.86153,160.98817,253.0458,151.44313,294.7453,147.41995,325.0,151.5,337.0,151.58030282,1521807042527,1521807042459
slip,102.0,187.0,8030816,133.88622,177.03252,163.20241,169.77591,180.95856,166.50691,196.0,163.0,226.96767,163.66846,262.9149,162.0868,318.99545,163.486368031007,1521807043254,1521807043163
slip,328.0,170.0,8041450,307.0,170.0,276.80255,173.62845,239.9965,176.47652,191.0,185.5,64.086,203.921868041608,1521807053854,1521807053747
slip,283.0,183.0,8052222,268.0,179.0,234.72534,178.0,202.2497,180.8864,169.33647,185.757,106.0,197.0,79.0,203.08052371,1521807064616,1521807064546
slip,311.0,182.0,8063316,280.889,175.0,256.89847,174.0,224.0,175.5,145.53629,184.79051,80.5,192.58063485,1521807075731,1521807075641
slip,122.0,177.0,8063795,166.26636,166.43231,247.04968,151.61603,318.4108,145.48425,335.5,148.58063905,1521807076150,1521807076080
slip,108.0,164.0,8064459,123.0,164.0,142.3744,155.40393,173.43248,149.3135,231.0,142.5,328.143,135.31003,356.5,133.58064618,1521807076864,1521807076763
slip,290.0,164.0,8076462,256.61563,166.60765,221.0,173.0,207.0,177.0,128.64638,196.10103,109.901855,201.02454,78.5,204.08076588,1521807088833,1521807088737
slip,309.0,179.0,8086028,248.82957,172.90956,177.5,177.0,100.645294,189.72185,71.86891,195.53278,35.0,200.58086175,1521807098422,1521807098320
slip,281.0,180.0,8089286,249.40654,176.0,219.21288,173.4213,187.11644,173.16402,149.20432,174.97597,140.5,176.0,130.0,176.08089434,1521807101679,1521807101596
slip,159.0,213.0,8094810,336.0,190.08095013,1521807108054,1521807107949
slip,271.0,167.0,8095250,140.5,184.5,64.0,193.08095398,1521807108073,1521807107975
slip,314.0,197.0,8095943,115.0,219.08096125,1521807108776,1521807108691
slip,221.0,197.0,8096670,190.31148,197.0,158.66179,197.46324,132.52686,198.0,105.77756,198.0,68.5,196.5,59.0,196.08096820,1521807109065,1521807108999
