slip,163.0,46.0,5901922,181.32214,58.0,198.17282,51.1032685902036,1521803645411,1521803645381
slip,166.0,77.0,5903510,187.3405,77.0,206.0,77.05903648,1521803647016,1521803646999
slip,269.0,154.0,5913438,249.89684,154.0,201.11488,163.48564,108.84543,172.7829,39.0,181.05913522,1521803656889,1521803656819
slip,274.0,125.0,5922919,239.90723,134.31223,168.30215,158.277445922982,1521803666349,1521803666306
slip,167.0,162.0,5940155,232.62527,153.77498,323.0,145.05940228,1521803683595,1521803683521
slip,136.0,180.0,5940944,174.09987,186.34207,228.91074,181.54533,350.3427,173.9418,344.0,179.05941053,1521803684425,1521803684360
slip,154.0,194.0,5941649,202.90616,189.57642,254.72047,182.73877,327.54233,182.52165,347.5,184.05941769,1521803685136,1521803685061
slip,288.0,151.0,5942153,229.30074,158.81203,186.5,164.05942209,1521803685576,1521803685495
slip,310.0,167.0,5942783,268.15247,151.827485942872,1521803686239,1521803686181
slip,174.0,135.0,5944718,187.0,117.0,226.0,109.55944802,1521803688169,1521803688068
slip,168.0,136.0,5950061,153.0,121.0,149.0,112.35685,165.26376,104.744705,190.5,100.05950182,1521803693550,1521803693462
slip,297.0,178.0,5953214,265.0,174.0,208.62593,163.20532,123.68817,145.659625953299,1521803696666,1521803696605
slip,125.0,93.0,5959731,303.0,101.05959820,1521803703280,1521803703198
slip,283.0,149.0,5960095,146.0,147.05960180,1521803704211,1521803704097
slip,299.0,130.0,5960715,85.0,134.05960834,1521803704226,1521803704122
slip,242.0,77.0,5961421,61.0,111.05961540,1521803704929,1521803704855
slip,91.0,85.0,5961773,114.55369,79.67331,149.4308,79.0,225.5835,84.14058,319.5,116.05961911,1521803705279,1521803705219
slip,242.0,128.0,5962320,200.0,128.0,146.89029,123.13894,96.5,114.05962403,1521803705770,1521803705691
slip,273.0,176.0,5969031,212.23315,173.9573,170.20403,167.89021,114.92047,154.91212,84.158905,138.77265969150,1521803712517,1521803712464
slip,309.0,193.0,5974214,276.19415,197.80037,236.27873,200.83723,195.16791,202.0,142.5,200.5,109.0,202.55974333,1521803717700,1521803717646
slip,306.0,116.0,5977088,244.53285,125.60746,192.63547,128.91943,80.5,127.55977176,1521803720546,1521803720476
