slip,272.0,162.0,8088039,209.23793,152.05287,161.53304,145.45395,131.0,144.08088105,1521875324504,1521875325168
slip,303.0,190.0,8088748,297.21686,168.06023,305.12064,161.15175,313.0,158.08088844,1521875325243,1521875325914
slip,247.0,122.0,8097642,211.0,122.0,177.3301,124.66747,119.46927,140.48576,91.416016,152.70285,83.00354,156.99823,82.0,162.08097739,1521875334139,1521875334810
slip,257.0,165.0,8098217,195.66676,168.16216,93.24734,178.076228098274,1521875334672,1521875335358
slip,154.0,190.0,8115226,202.89812,185.21468,290.00806,191.33388,336.43106,194.428748115332,1521875351730,1521875352445
slip,98.0,222.0,8115790,139.75342,203.25636,256.63202,186.10191,329.5,197.58115888,1521875352288,1521875352983
slip,257.0,224.0,8116154,214.32164,214.20946,175.05208,208.92625,138.21591,207.866,78.98649,209.400348116253,1521875352651,1521875353336
slip,159.0,243.0,8124956,194.59521,209.96959,258.8198,186.83466,334.5,168.58125061,1521875361461,1521875362138
slip,316.0,197.0,8125512,298.0,197.0,248.8966,201.33258,166.56844,213.01334,96.776764,228.34714,57.0,243.5,57.5,248.08125627,1521875362028,1521875362733
slip,323.0,159.0,8125905,306.84216,136.90135,287.4565,134.0,256.56696,135.35739,215.84456,139.94522,122.565834,145.90798126044,1521875362443,1521875363140
slip,306.0,240.0,8133318,28.0,194.08133457,1521875370788,1521875371480
slip,307.0,185.0,8134001,43.0,208.08134100,1521875370807,1521875371499
slip,289.0,215.0,8135274,253.0,215.0,198.84734,212.49046,115.82576,205.67975,78.5,195.58135360,1521875371763,1521875372502
slip,246.0,201.0,8136799,213.17676,201.0,154.47267,208.31993,54.08401,217.0,22.5,217.08136864,1521875373263,1521875373948
slip,83.0,244.0,8137036,132.1829,205.09026,249.6084,156.85696,326.23495,158.52603,336.0,160.08137153,1521875373556,1521875374252
slip,138.0,211.0,8137570,223.5,176.5,369.5,155.08137667,1521875374072,1521875374738
slip,264.0,193.0,8145304,226.37508,193.0,173.307,194.33394,102.59357,201.441,69.57489,206.41377,58.0,206.58145401,1521875381800,1521875382496
slip,120.0,220.0,8145762,163.10327,191.52718,252.50255,165.27711,300.0992,156.85344,323.9118,154.36345,329.0,154.08145900,1521875382303,1521875383007
slip,297.0,201.0,8153130,254.61752,201.0,204.62254,201.89859,109.32638,215.13472,57.5,225.58153206,1521875389608,1521875390278
slip,310.0,206.0,8153678,286.0,191.0,210.49115,169.41245,157.38243,166.40651,123.70753,163.8769,98.0,164.08153783,1521875390185,1521875390886
