slip,301.0,158.0,9138344,249.90337,154.86292,195.85545,148.91539,113.337296,136.05621,83.89452,121.447266,79.0,119.0,9138461,1536827677489,1536827676989
slip,304.0,163.0,9149797,266.73404,163.0,225.51599,164.0,145.7256,164.81006,109.44335,162.24347,77.0,158.5,9149934,1536827688958,1536827688470
slip,267.0,134.0,9160960,249.0,140.0,222.2558,141.0,181.49641,142.0,139.64238,142.0,92.07217,143.3818,60.0,147.5,9161118,1536827700141,1536827699645
slip,230.0,153.0,9161855,216.0,160.0,234.368,160.0,242.56783,160.0,249.16963,161.23393,256.78903,161.95781,282.89276,162.0,307.0,162.0,9162079,1536827701105,1536827700614
slip,298.0,146.0,9162582,283.0,146.0,253.08426,153.23007,216.44753,154.0,175.19308,154.73073,141.3607,156.2017,111.15588,155.0,87.35899,153.6685,9162742,1536827701764,1536827701252
slip,312.0,130.0,9163042,267.9922,143.11949,235.95248,149.0873,186.53476,152.32326,123.06314,157.53972,9163169,1536827702192,1536827701700
slip,101.0,142.0,9163586,121.0,142.0,138.63058,138.5605,174.93904,128.04251,263.48083,112.33024,320.86487,118.03716,9163725,1536827702747,1536827702271
slip,201.0,172.0,9163895,235.0,156.0,257.1582,154.2631,290.5,155.5,328.0,155.0,9164045,1536827703070,1536827702554
slip,293.0,153.0,9174984,270.39053,157.69608,243.66731,160.40738,213.20381,160.05733,174.5,160.0,140.83942,156.15329,107.5,145.5,9175122,1536827714146,1536827713631
slip,306.0,120.0,9181833,258.66525,118.44979,225.19107,115.86624,186.7981,114.29993,155.79604,115.10495,121.94282,114.56598,116.0,114.0,9181981,1536827721005,1536827720506
slip,312.0,144.0,9185496,270.5691,146.5304,231.74043,139.20444,188.6375,129.7957,150.24208,121.23228,127.46432,116.61608,125.0,116.0,9185644,1536827724667,1536827724168
slip,294.0,130.0,9195282,247.45541,135.0,210.09258,132.2728,173.95058,129.35915,141.5078,126.85863,137.0,126.0,9195430,1536827734453,1536827733986
slip,185.0,102.0,9196007,160.72296,102.0,151.54349,102.0,148.18283,102.0,147.5,102.0,158.0,95.0,196.22316,89.97609,276.35486,99.536064,307.0,109.0,9196187,1536827735213,1536827734738
slip,268.0,105.0,9196701,252.0,105.0,227.36572,110.463425,193.21724,113.616615,155.28404,118.61932,117.50653,124.73246,100.5,127.0,9196829,1536827735853,1536827735382
slip,168.0,105.0,9197086,185.46193,105.0,196.00443,105.0,215.96973,103.753784,238.99174,99.601654,268.1459,99.28599,301.25513,103.60787,9197245,1536827736269,1536827735754
slip,180.0,94.0,9197384,197.0,83.0,234.06335,74.774345,277.47253,74.0,9197523,1536827736547,1536827736045
slip,301.0,159.0,9207748,283.0,159.0,260.02194,159.0,230.5,165.0,198.72179,162.08199,166.20639,158.44818,138.5,151.0,9207906,1536827746931,1536827746464
slip,259.0,124.0,9219019,226.03833,129.0,197.36359,129.0,164.08722,124.163086,137.11711,120.11757,115.55692,115.59006,113.0,115.0,9219156,1536827758180,1536827757672
