slip,261.0,219.0,13966159,232.0,219.0,128.64218,254.57962,36.008408,306.36743,13966232,1536839125367,1536839125335
slip,266.0,226.0,13978123,246.0,226.0,143.40002,266.33792,133.0,271.0,13978186,1536839137325,1536839137208
slip,307.0,219.0,13987514,203.03067,226.39513,75.90863,282.04803,13987587,1536839146725,1536839146615
slip,177.0,172.0,13988057,247.91003,148.01909,281.0,141.0,13988132,1536839147271,1536839147161
slip,106.0,175.0,13988977,160.29585,158.27855,326.28958,160.16469,336.0,161.0,13989059,1536839148196,1536839148093
slip,295.0,168.0,13999585,259.07068,161.0,162.69452,211.18874,41.033813,277.3567,13999683,1536839158816,1536839158753
slip,254.0,193.0,14008303,86.640915,266.31995,14008354,1536839167488,1536839167395
slip,302.0,182.0,14015087,269.0,182.0,139.14087,222.52544,28.5,268.5,14015159,1536839174295,1536839174208
slip,273.0,190.0,14015877,226.58682,197.7584,128.0,255.0,14015940,1536839175076,1536839174983
slip,295.0,132.0,14018461,267.0,132.0,182.42651,157.0008,47.64201,232.56667,14018535,1536839177670,1536839177571
slip,157.0,175.0,14018995,208.60626,180.93437,311.0,204.0,14019079,1536839178213,1536839178123
slip,112.0,149.0,14019820,129.0,143.0,246.25446,132.29971,387.78082,154.30122,14019901,1536839179037,1536839178951
slip,268.0,204.0,14028323,176.31157,210.50467,76.0,256.0,14028386,1536839187528,1536839187488
slip,324.0,194.0,14036891,185.62749,255.10826,39.0,319.5,14036964,1536839196101,1536839195999
