slip,320.0,201.0,7226270,256.34277,200.23447,129.1728,232.10506,47.403015,262.723887226356,1521874337912,1521874338598
slip,229.0,215.0,7234629,180.9445,228.45343,75.21666,272.25894,64.0,277.07234673,1521874346234,1521874346925
slip,295.0,215.0,7250310,216.84673,208.81902,129.48798,211.69144,65.40327,229.31888,55.5,241.57250407,1521874361966,1521874362648
slip,238.0,231.0,7254172,211.09906,223.98236,165.23062,218.6742,73.35664,214.4119,64.0,216.57254238,1521874365799,1521874366476
slip,297.0,233.0,7258886,245.01047,217.04251,187.48111,208.1585,111.23546,207.0,62.479454,221.82552,60.0,223.07258992,1521874370548,1521874371244
slip,233.0,210.0,7266316,188.0,210.0,142.06233,215.20233,20.5,243.07266371,1521874377934,1521874378628
slip,70.0,206.0,7266702,115.0,187.0,243.26587,173.1353,268.0,177.07266776,1521874378337,1521874379023
slip,140.0,226.0,7267217,181.0,214.0,282.84268,205.25143,356.0,202.07267303,1521874378862,1521874379546
slip,120.0,165.0,7274372,167.5991,171.16339,213.19196,183.89491,289.25446,204.97849,308.94165,207.49028,323.54047,210.56454,331.0,212.07274520,1521874386077,1521874386783
slip,274.0,186.0,7274734,229.01602,172.69539,189.16344,167.12927,121.44806,176.64798,61.456318,203.745,61.0,204.07274832,1521874386389,1521874387084
slip,254.0,213.0,7282037,225.73512,206.85547,169.41559,196.8941,76.956215,191.19781,49.5,205.57282103,1521874393660,1521874394359
