slip,260.0,229.0,7422100,243.7123,223.18297,201.18228,217.5924,111.257454,229.14664,60.0,243.07422172,1521874571623,1521874572303
slip,298.0,210.0,7430314,244.93082,191.04666,128.57692,186.92209,35.52828,210.15724,30.0,212.07430400,1521874579851,1521874580570
slip,105.0,206.0,7437640,155.96974,196.81572,286.46353,183.53452,347.5,182.57437726,1521874587177,1521874587861
slip,94.0,185.0,7438195,120.0,180.0,236.50458,168.18378,326.59045,169.98138,371.0,172.07438292,1521874587741,1521874588442
slip,287.0,191.0,7445640,236.2192,177.89589,142.5356,182.2735,46.958176,217.87506,17.5,230.57445726,1521874595177,1521874595868
slip,268.0,169.0,7451682,210.5,177.5,138.79791,191.25531,80.90778,210.77199,52.69625,232.41247451770,1521874601217,1521874601925
slip,119.0,219.0,7454088,288.97055,206.94687,379.5,205.07454174,1521874603630,1521874604338
slip,290.0,249.0,7454558,216.16124,236.63507,108.765976,257.31857,47.852936,280.582557454645,1521874604092,1521874604787
slip,300.0,236.0,7454781,281.0,231.0,191.09015,252.6861,73.77597,297.474957454854,1521874604302,1521874604971
slip,78.0,211.0,7468571,94.0,211.0,187.81682,198.35368,327.01907,187.43942,375.5,184.07468668,1521874618117,1521874618816
slip,320.0,215.0,7469232,279.12286,195.29608,200.75385,183.29306,106.39292,193.82266,20.0,226.07469330,1521874618778,1521874619475
slip,297.0,262.0,7476880,254.56378,258.11276,197.39403,250.81578,98.43172,256.34244,41.066483,267.2517476978,1521874626425,1521874627104
