slip,292.0,221.0,8309027,235.95012,223.82272,198.27809,223.0,155.11568,225.38336,124.47763,224.22733,123.0,224.0,8309126,1536825814472,1536825813972
slip,304.0,200.0,8315367,262.47223,202.62917,228.5,206.0,199.2324,209.0731,174.78485,210.58679,169.0,211.0,8315472,1536825820819,1536825820329
slip,291.0,178.0,8322290,261.60568,179.97513,233.6053,184.04155,196.60632,185.0,159.72267,181.48672,8322386,1536825827731,1536825827249
slip,275.0,200.0,8326371,242.2538,208.55862,206.2155,218.21967,162.36188,225.86964,114.51049,231.44894,91.79516,233.0,76.5,233.0,8326487,1536825831834,1536825831334
slip,299.0,163.0,8333998,271.47495,170.30501,246.86893,177.80325,217.53714,184.69257,184.45709,191.51129,149.8534,198.83589,128.36217,202.90945,124.0,204.0,8334137,1536825839485,1536825839038
slip,162.0,160.0,8334499,194.66458,162.8882,225.4007,165.0,266.10873,162.18695,324.57742,158.22415,8334607,1536825839952,1536825839503
slip,178.0,158.0,8335237,200.9589,152.10213,226.1656,149.82413,258.36047,148.20172,290.8565,145.22987,316.5,143.0,8335354,1536825840701,1536825840226
slip,266.0,161.0,8350109,232.62105,168.61858,201.22736,175.05193,167.67313,178.06032,136.73979,178.35472,106.521736,174.79842,82.5,170.5,8350237,1536825855585,1536825855082
slip,267.0,157.0,8355186,230.75645,167.79655,203.95744,174.42429,173.90196,177.95769,144.4946,175.73434,8355292,1536825860636,1536825860155
slip,281.0,179.0,8359107,244.74763,184.39137,222.17017,186.57823,193.66989,187.0,172.13394,187.72441,149.78506,188.0,132.67628,190.58093,131.0,191.0,8359245,1536825864593,1536825864113
slip,303.0,168.0,8361597,281.0,176.0,254.68738,183.1424,228.08664,188.73375,203.70851,191.21815,176.64207,189.16052,155.31699,180.6585,154.0,180.0,8361734,1536825867080,1536825866582
slip,260.0,185.0,8365528,224.22339,189.72208,200.66557,191.88896,171.11832,194.46362,143.91277,195.0,121.8303,199.26524,8365644,1536825870991,1536825870491
slip,318.0,185.0,8367847,290.05167,188.42136,264.4905,196.0322,225.91127,201.34811,190.98415,203.81963,155.78719,204.30585,126.58819,200.11763,104.0,198.0,8367984,1536825873329,1536825872825
slip,261.0,161.0,8368689,223.7886,171.99092,197.072,178.09647,168.32507,180.0,142.28094,180.0,123.71761,175.65378,111.35064,173.08766,111.0,173.0,8368829,1536825874176,1536825873689
slip,298.0,189.0,8375634,163.0,211.0,8375741,1536825882119,1536825881649
slip,305.0,150.0,8376403,123.0,175.0,8376553,1536825882135,1536825881679
slip,267.0,139.0,8376938,40.0,195.0,8377132,1536825882833,1536825882349
slip,314.0,222.0,8377461,292.0,222.0,266.56357,226.0,236.08105,228.2919,207.34943,230.08253,177.6712,233.21515,153.0634,236.24208,128.39282,240.28096,106.22989,242.19786,94.57099,244.0,84.0,244.0,77.66153,237.1868,76.0,236.0,8377696,1536825883045,1536825882569
slip,162.0,170.0,8380145,194.60439,170.0,230.31166,168.4575,270.31226,165.77866,304.6966,163.87404,327.46487,163.0,8380282,1536825885628,1536825885131
slip,125.0,147.0,8380903,164.79872,133.88051,193.03006,123.154976,229.38223,112.26351,283.78046,102.221954,305.0404,104.92929,8381081,1536825886431,1536825885928
slip,312.0,168.0,8395752,293.056,168.0,270.60944,168.0,243.37753,172.36055,217.70392,178.57402,192.0731,187.761,169.3746,197.65016,8395882,1536825901227,1536825900739
slip,296.0,151.0,8402251,255.58316,162.14886,230.91417,168.77985,205.96417,172.40477,186.66049,173.3107,166.78067,169.19518,8402378,1536825907722,1536825907218
slip,141.0,149.0,8402869,172.53091,154.0,199.95505,147.01573,233.51147,133.79541,300.32455,108.16208,318.0,108.0,8402987,1536825908335,1536825907845
slip,293.0,167.0,8405029,253.76071,167.0,228.74632,170.1393,204.3607,171.0,179.48814,170.38165,161.9349,167.78699,8405156,1536825910501,1536825910025
slip,305.0,156.0,8409357,267.0254,161.8599,243.49428,168.84554,213.89612,175.37738,187.60191,180.87962,166.56587,182.0,161.0,182.0,8409484,1536825914830,1536825914346
slip,287.0,147.0,8414272,247.89728,154.68379,221.2593,157.74896,188.3652,161.11945,156.8188,162.96588,135.90958,163.0,115.0,161.5,8414409,1536825919757,1536825919306
slip,224.0,157.0,8418428,210.0,157.0,205.5,169.0,246.2225,152.66658,279.64136,143.78622,313.23166,132.58945,8418576,1536825923923,1536825923432
slip,266.0,130.0,8419058,243.68407,132.27826,220.8229,137.6679,191.24855,141.31271,162.54301,145.9095,133.5,149.0,8419163,1536825924510,1536825924005
slip,276.0,140.0,8419710,236.05368,166.55981,201.99911,179.54582,137.04749,201.19385,104.09561,206.27205,77.89311,208.40712,59.83175,207.1409,58.0,207.0,8419858,1536825925204,1536825924697
