slip,295.0,195.0,5340011,272.0,199.0,240.6085,202.62572,200.9777,205.48178,156.84377,205.31894,98.0,199.0,100.0,199.0,5340128,1536820219413,1536820218938
slip,290.0,197.0,5341774,266.0,197.0,227.17847,192.65428,186.53207,188.25371,138.00705,184.75053,110.380394,181.48291,91.84573,181.40381,76.755325,179.97552,5341912,1536820221199,1536820220694
slip,298.0,209.0,5344420,256.32632,216.1021,219.49228,220.54448,183.7549,222.0,152.52824,221.16801,120.322235,221.0,102.143875,216.28596,83.32712,211.96158,74.5,210.0,5344573,1536820223860,1536820223375
slip,307.0,222.0,5352180,284.03027,226.59798,252.03162,228.12906,215.06546,227.52744,179.54898,224.43904,132.70853,221.62502,102.13764,219.0,80.280846,214.91096,5352328,1536820231616,1536820231142
slip,314.0,195.0,5356572,283.75494,196.35667,243.6446,197.48888,199.76732,199.86545,136.56372,201.45401,93.18509,200.22751,67.691414,198.30762,64.0,198.0,5356709,1536820236000,1536820235523
slip,311.0,230.0,5357245,271.4188,231.71544,235.8561,228.54272,199.50847,222.91452,155.57866,213.99556,121.96171,208.99521,103.901215,205.18024,98.0,204.0,5357382,1536820236667,1536820236188
slip,315.0,228.0,5359380,287.6224,228.0,265.0441,228.0,239.36179,228.0,209.5,228.0,179.94322,231.78409,155.5,233.5,148.0,234.0,5359529,1536820238820,1536820238338
slip,301.0,204.0,5360513,270.8952,204.0,248.33086,207.33383,217.75032,209.0,186.62285,213.16481,158.81468,213.73251,130.70154,212.6295,107.0667,212.12917,88.20045,210.60004,83.0,209.0,5360692,1536820239980,1536820239505
slip,298.0,208.0,5366433,259.6413,208.0,225.7934,201.75566,184.1977,195.31213,129.8335,186.47224,86.38206,177.59628,83.0,175.5,5366559,1536820245847,1536820245380
slip,311.0,208.0,5367147,293.0,208.0,262.2844,206.66151,225.06323,204.54332,182.603,201.4002,108.0,193.5,91.55487,193.2129,70.214676,188.66493,56.70964,187.31084,55.0,187.0,5367308,1536820246595,1536820246172
slip,93.0,225.0,5367564,121.40497,221.99823,147.42137,218.86548,182.97437,219.41454,234.34908,226.82294,277.86664,237.40605,308.1956,246.10411,322.0,251.0,5367724,1536820247010,1536820246533
slip,118.0,207.0,5368656,141.62648,213.56845,165.81273,218.2336,197.76486,223.77544,233.5,231.5,281.29736,247.89438,302.0,256.5,312.5,261.5,5368803,1536820248092,1536820247613
slip,321.0,198.0,5380302,282.73764,192.9962,251.606,187.601,212.88292,185.06792,177.14731,184.0,145.08838,184.0,130.0,178.0,5380438,1536820259731,1536820259271
slip,294.0,245.0,5382523,230.956,236.41411,202.38998,230.90369,169.57883,224.96396,143.08371,218.23256,126.12225,211.7176,122.0,210.0,5382662,1536820261947,1536820261521
slip,300.0,192.0,5385035,273.5174,185.75372,245.2975,179.51056,214.54057,170.66858,178.08543,158.77225,143.5,146.5,5385139,1536820264427,1536820263942
slip,301.0,213.0,5391488,263.37912,213.0,227.4332,213.0,188.09398,214.19624,151.74359,212.43123,123.097626,209.48396,102.454475,204.61362,100.0,204.0,5391626,1536820270912,1536820270483
slip,162.0,296.0,5392332,192.75214,301.07523,5392458,1536820271743,1536820271291
slip,82.0,172.0,5404213,113.0,181.0,158.67921,190.07156,264.67337,210.48167,288.8124,214.2708,324.8944,222.06134,5404350,1536820283636,1536820283167
slip,311.0,194.0,5404768,277.29355,192.85806,251.29424,189.79932,223.7481,185.19084,200.19765,180.63953,176.42407,172.06458,172.0,170.0,5404885,1536820284174,1536820283701
slip,311.0,194.0,5405665,284.2751,194.0,259.3194,188.64459,235.0673,184.01346,206.90918,173.84496,185.40327,163.21507,185.0,163.0,5405782,1536820285070,1536820284597
slip,293.0,194.0,5411166,262.52524,186.03598,235.47086,180.96329,205.47331,174.86833,179.75404,168.76566,5411252,1536820290538,1536820290066
slip,110.0,192.0,5412227,149.12209,201.4333,177.68503,206.93701,208.3978,215.56761,233.99414,223.27615,273.3533,236.77472,283.0,242.0,5412374,1536820291660,1536820291184
slip,141.0,176.0,5412867,169.68436,185.81584,198.02557,195.58836,229.34103,206.447,283.5,231.0,293.49323,242.40875,294.0,243.0,5412995,1536820292284,1536820291822
slip,312.0,206.0,5422943,295.0,202.0,266.22974,196.39348,237.0,191.5,201.34483,189.61525,174.93866,185.31288,168.0,183.0,5423070,1536820302356,1536820301895
slip,271.0,219.0,5425974,219.58286,209.33743,187.23734,205.68314,163.50801,199.71657,5426050,1536820305336,1536820304851
slip,299.0,191.0,5426465,256.71732,189.54346,239.24791,187.11345,218.75078,185.03857,199.6381,183.04909,184.30441,181.43044,174.92355,178.96942,170.5,174.5,5426608,1536820305894,1536820305413
slip,190.0,159.0,5426681,206.0,159.0,222.97101,154.0,243.39929,154.0,261.53867,155.92311,279.44986,159.11246,290.48984,162.13995,294.23825,163.61913,295.0,166.35092,296.76367,166.76367,297.0,168.23438,5426906,1536820306191,1536820305698
slip,292.0,205.0,5435719,255.35902,198.64787,228.81491,192.7153,205.1325,186.702,189.0,179.0,5435806,1536820315093,1536820314610
slip,304.0,202.0,5437503,280.45584,193.52939,256.75192,185.27997,234.72466,176.882,212.11278,169.35106,193.0866,164.01999,175.01453,157.92531,169.0,157.0,5437631,1536820316920,1536820316420
slip,307.0,202.0,5438189,270.3025,202.0,240.03363,200.4576,205.62622,197.46886,158.05063,192.75633,119.92208,186.61517,89.99356,175.44159,80.0,171.0,5438338,1536820317627,1536820317161
slip,303.0,211.0,5442771,275.1464,211.0,247.50656,206.65894,212.2048,199.27803,182.849,191.59184,153.52104,175.7227,5442879,1536820322166,1536820321700
slip,310.0,199.0,5443318,295.0,199.0,262.4653,188.64877,231.5,177.5,206.17984,165.52437,182.05792,152.50163,167.82149,142.881,5443446,1536820322731,1536820322274
slip,320.0,177.0,5445146,305.0,177.0,296.63312,177.0,288.63385,173.0,275.6387,173.0,259.62012,173.0,247.73154,170.15741,232.51065,168.50119,220.91718,165.20381,220.0,165.0,5445316,1536820324602,1536820324176
slip,306.0,188.0,5445732,268.8679,188.0,239.11871,177.23552,210.86728,169.46313,182.20947,159.57855,165.0,152.0,5445850,1536820325137,1536820324657
slip,325.0,200.0,5447753,305.0,195.0,286.8306,188.94353,266.77405,181.37463,245.1547,177.26646,228.71056,173.17764,215.99901,167.74963,214.0,167.0,5447891,1536820327180,1536820326705
slip,328.0,182.0,5448339,299.62363,182.0,275.05127,171.54701,246.69368,165.2513,214.24406,158.4198,189.28186,148.92302,164.5243,135.33926,164.0,135.0,5448479,1536820327765,1536820327285
