slip,315.0,203.0,5618106,279.21384,199.46608,243.94322,194.98967,207.32425,190.86035,174.50519,185.07217,154.4492,180.41406,146.0,178.0,5618221,1536820605774,1536820605341
slip,276.0,220.0,5628604,231.25764,210.8144,201.86569,205.14487,177.84373,198.52678,157.58711,191.99504,155.0,191.0,5628702,1536820616253,1536820615800
slip,280.0,211.0,5629361,225.89366,208.82448,189.25189,202.65038,154.87141,196.24934,125.26692,183.9057,122.0,182.0,5629461,1536820617015,1536820616546
slip,311.0,197.0,5632197,283.9804,195.49632,255.04712,191.00673,220.04025,186.1486,188.73561,181.82758,154.84097,175.19547,133.97037,168.26195,5632324,1536820619874,1536820619410
slip,296.0,182.0,5632826,249.22244,182.0,214.74985,176.86362,181.24904,168.81226,147.69588,155.46649,122.682396,140.76349,5632943,1536820620494,1536820620062
slip,304.0,223.0,5638103,160.0,196.0,5638242,1536820626537,1536820626043
slip,325.0,174.0,5639279,115.0,166.0,5639459,1536820627242,1536820626758
slip,312.0,194.0,5642518,269.79483,187.68588,237.98299,180.94833,201.22383,172.87474,156.51584,156.76369,142.67822,150.7826,136.98932,146.11832,123.5,131.5,5642654,1536820630206,1536820629743
slip,139.0,184.0,5643167,178.04652,180.89229,211.78986,179.1605,242.67673,180.1532,274.91766,183.49176,303.09558,189.13235,322.28375,193.58212,325.0,194.0,5643339,1536820630894,1536820630463
slip,131.0,179.0,5644355,162.5474,185.61896,194.04286,194.1026,230.9178,204.63927,271.61688,219.94492,292.85675,226.77911,313.26694,238.13347,317.0,240.0,5644504,1536820632058,1536820631577
slip,274.0,194.0,5654383,257.3631,194.0,228.07167,192.06075,194.6137,187.5583,163.62706,182.74396,136.1018,174.85347,5654471,1536820642021,1536820641535
slip,310.0,199.0,5664804,289.0,199.0,251.9176,202.44139,208.50754,198.62581,157.31746,191.46349,118.414185,179.20523,5664909,1536820652462,1536820651998
slip,312.0,180.0,5666407,289.0,184.0,266.6139,185.64912,239.48543,187.26556,207.11026,189.0,181.16428,188.70494,159.65298,184.20091,145.60768,173.58376,5666555,1536820654106,1536820653636
slip,284.0,179.0,5668113,248.30592,179.0,205.8297,177.95123,175.92276,176.09227,151.4543,172.29086,133.50014,166.00005,5668211,1536820655762,1536820655353
slip,311.0,193.0,5668649,273.39258,193.0,243.12854,191.22406,211.0,191.0,183.47034,187.84189,166.04918,181.178,159.5,176.5,5668777,1536820656335,1536820655836
slip,95.0,189.0,5682298,127.56059,189.0,157.5355,188.37756,195.05234,187.0,258.71716,192.1887,299.9731,199.5599,301.0,200.0,5682425,1536820669977,1536820669498
slip,131.0,189.0,5683002,176.74666,196.24889,215.63744,204.16104,286.50397,219.09721,330.09238,235.72792,336.3304,240.33041,5683130,1536820670680,1536820670250
slip,311.0,226.0,5691999,267.72858,223.71657,219.29796,215.91902,139.27719,203.62271,100.176186,193.22754,64.82886,175.21924,51.13475,164.45311,40.5,155.0,5692136,1536820679688,1536820679221
slip,302.0,218.0,5694574,269.52054,212.85898,234.82175,208.15067,195.48416,200.89684,147.17514,187.7938,109.20799,173.6832,105.46839,173.6171,89.0,166.5,5694711,1536820682265,1536820681785
slip,310.0,185.0,5701924,272.19193,183.02742,236.27614,179.38873,202.14352,178.18834,171.72424,180.31378,140.81728,177.7271,137.0,177.0,5702041,1536820689592,1536820689132
slip,296.0,171.0,5708987,240.77443,173.86584,208.81708,175.92572,177.97375,178.17957,146.41415,179.0,131.64091,177.77348,127.0,177.0,5709113,1536820696667,1536820696177
slip,312.0,205.0,5709786,291.0,205.0,257.7778,205.0,217.34633,203.70563,189.5444,197.13611,158.0,185.5,128.0,166.5,5709904,1536820697456,1536820696965
slip,280.0,177.0,5715096,168.0,177.0,5715203,1536820705173,1536820705934
