slip,309.0,191.0,4889624,263.3129,184.33093,225.11014,182.25917,175.09204,179.88777,115.350586,174.25006,65.0,163.5,4889750,1536819585961,1536819585474
slip,321.0,190.0,4900766,287.5198,184.03712,263.2224,183.4568,231.63403,185.0,191.19275,186.31906,145.50594,187.0,83.1758,188.47052,56.0,186.0,4900924,1536819597134,1536819596623
slip,326.0,188.0,4904814,297.4793,199.17357,266.74237,206.3144,228.7622,212.80582,173.56186,229.89084,124.13969,241.02322,101.62827,247.49944,72.94046,250.17998,50.5,251.5,4904973,1536819601182,1536819600705
slip,218.0,265.0,4909077,232.0,273.0,241.80458,275.68637,248.38062,280.3806,4909224,1536819605433,1536819604974
slip,303.0,196.0,4917142,280.0,202.0,245.26372,203.76074,210.89601,204.0,166.31775,201.03813,110.94561,195.62885,105.056046,191.13412,85.5,186.0,4917279,1536819613489,1536819613018
slip,316.0,212.0,4918232,301.0,212.0,273.80994,210.42332,236.81334,207.1142,195.82652,205.06122,133.75159,196.64795,110.27593,195.28487,84.5,193.5,61.21608,193.0,42.0,197.5,4918410,1536819614619,1536819614148
slip,302.0,199.0,4921487,264.94687,199.0,226.53946,202.59464,192.67178,205.22174,159.04453,207.63434,127.77125,209.10612,91.32474,208.3905,64.88334,208.0,58.50305,208.83232,58.0,209.0,4921649,1536819617861,1536819617389
slip,104.0,211.0,4922516,140.68005,211.0,172.12381,208.39381,207.96288,209.21577,258.3268,215.18954,286.8318,218.21783,299.65048,225.69472,302.0,227.0,4922664,1536819618876,1536819618409
slip,109.0,212.0,4923819,135.0,212.0,163.59164,202.56805,193.98654,199.15932,232.94171,199.99757,294.02133,211.09479,320.17795,223.25769,322.0,224.0,4923957,1536819620166,1536819619683
slip,91.0,183.0,4933572,114.0,183.0,145.62074,179.29037,186.38748,182.302,251.77312,201.2434,294.21927,216.60963,326.98862,246.18805,4933721,1536819629929,1536819629468
slip,292.0,188.0,4934020,271.19403,189.60199,252.0912,193.70126,224.83504,196.45361,197.2525,198.86816,163.2432,200.0,135.6666,200.0,105.13398,196.41518,96.0,196.0,4934169,1536819630380,1536819629869
slip,302.0,189.0,4938218,262.94098,191.13153,236.08032,196.33876,209.03825,202.57924,178.27054,206.6031,154.28833,211.3013,125.656265,214.5625,100.74993,216.0,97.0,216.0,4938378,1536819634591,1536819634131
slip,307.0,177.0,4942332,283.0,182.0,253.17194,186.38281,216.60228,194.92984,175.67491,201.475,121.57399,204.654,97.172134,202.71721,53.5,191.0,4942480,1536819638689,1536819638223
slip,316.0,200.0,4947076,288.4577,200.0,263.9999,196.99998,229.00429,196.24965,195.94717,198.14537,165.48495,203.31737,134.98274,205.4602,122.5,204.5,4947212,1536819643430,1536819642955
slip,309.0,188.0,4948848,268.2914,196.41905,237.96474,202.00504,204.3235,205.71982,172.96114,207.08495,136.89015,201.70964,115.0,197.5,4948986,1536819645197,1536819644717
slip,315.0,207.0,4949393,300.0,207.0,277.81668,203.71078,244.5225,200.0,206.74167,199.27649,163.0,197.5,113.57937,196.50722,89.89621,194.65802,71.451035,192.37708,52.991577,189.08937,50.0,188.0,4949572,1536819645783,1536819645312
slip,52.0,131.0,4951541,72.07439,110.61707,93.127205,108.74205,4951678,1536819647887,1536819647438
slip,214.0,168.0,4956274,229.87085,156.59686,238.1107,153.98155,245.5,154.0,4956400,1536819652611,1536819652142
slip,317.0,198.0,4973943,295.0,198.0,265.36615,193.0,233.47588,191.68933,197.71828,189.98659,169.3096,187.26758,128.8183,174.55249,4974081,1536819670290,1536819669813
slip,313.0,195.0,4974520,288.79547,202.26767,257.19943,208.36858,223.16054,216.07544,194.3921,222.67245,168.05644,226.93846,149.65259,229.84976,134.88881,232.91359,124.849686,234.87862,120.5,235.5,118.88775,236.0,118.0,237.2377,118.0,240.2007,125.0,240.6053,125.0,244.34721,125.0,247.29129,125.0,250.28929,125.0,251.40926,132.45381,240.27309,144.22234,235.73329,160.14447,232.15555,180.36815,228.26323,196.63943,224.88374,213.2731,222.8282,222.55367,220.88927,228.85378,220.0,232.25012,220.0,232.73276,219.0,233.0,217.85571,234.74023,218.0,235.5,218.0,235.0,214.07283,4975192,1536819671402,1536819670945
slip,292.0,130.0,4977704,266.69632,140.63286,238.43295,149.71307,209.4571,154.98045,177.33464,157.22215,150.5,158.5,4977810,1536819674019,1536819673556
slip,296.0,187.0,4979541,268.18134,187.0,238.8588,184.68588,204.33563,182.25407,171.26299,176.95691,144.75859,171.60919,113.41911,160.63585,4979669,1536819675879,1536819675418
slip,312.0,196.0,4983560,284.17047,201.73462,254.62363,204.11882,212.48357,205.0,171.51765,203.42444,120.5,199.5,101.527,204.91017,100.0,205.0,4983686,1536819679897,1536819679425
slip,303.0,168.0,4987876,275.41562,176.17207,240.93007,182.46725,204.82767,187.63118,170.73788,189.10764,134.56902,185.39656,110.0,179.0,4988002,1536819684211,1536819683744
slip,304.0,160.0,4989647,258.98853,165.94252,228.46878,167.0,193.51884,166.0,163.09685,164.96074,135.77103,164.0,129.0,164.0,4989786,1536819685998,1536819685532
slip,252.0,193.0,4990397,207.89166,199.79657,170.25337,201.79515,137.67206,201.49095,102.3873,200.78035,83.600204,196.38007,74.0,193.5,4990524,1536819686736,1536819686266
