slip,262.0,166.0,9928693,246.0,166.0,221.75955,170.94574,191.6557,173.43279,156.18192,171.72295,129.77498,169.31458,100.625015,154.89131,97.0,153.0,9928830,1536828702447,1536828701965
slip,235.0,128.0,9939109,215.0,135.0,177.97554,138.90709,143.66508,139.42023,105.89608,136.4451,80.38659,131.19748,74.0,130.0,9939236,1536828712853,1536828712361
slip,292.0,152.0,9949354,269.4047,152.0,242.5,152.0,209.53246,146.89374,168.86337,135.259,128.18771,122.74791,114.18528,115.51117,102.626495,108.81325,101.0,108.0,9949501,1536828723118,1536828722633
slip,183.0,84.0,9950025,212.00633,90.43869,245.22655,99.44055,273.64594,107.256615,307.5,115.5,9950163,1536828723782,1536828723296
slip,166.0,113.0,9950324,208.13235,108.59743,255.52148,108.93687,287.5,111.0,9950422,1536828724042,1536828723517
slip,293.0,92.0,9959396,261.37402,103.37514,237.4504,106.252754,208.91104,107.0,183.02884,107.0,158.64789,98.93455,156.0,98.0,9959544,1536828733162,1536828732654
slip,253.0,147.0,9969460,239.0,147.0,217.52748,151.09732,191.85962,154.40701,163.74788,154.04399,142.0,151.0,119.52248,144.16077,119.0,144.0,9969587,1536828743205,1536828742697
slip,216.0,118.0,9977814,191.35004,120.78181,168.3549,125.51612,142.2142,127.85239,117.08829,127.568016,97.686745,123.82669,80.10447,117.58344,70.5,113.0,9977951,1536828751570,1536828751075
slip,242.0,124.0,9978570,221.0,124.0,192.55139,124.0,169.79623,121.26067,150.14537,115.967804,147.0,115.0,9978669,1536828752290,1536828751826
slip,303.0,135.0,9980943,275.4677,135.0,264.9341,135.0,252.99373,128.74843,239.48018,126.83113,225.95488,124.71907,205.08826,121.02942,188.5,115.5,9981147,1536828754765,1536828754266
slip,234.0,110.0,9981540,202.51561,110.0,178.8513,110.0,155.27292,107.03899,138.31221,104.92358,130.55576,103.51115,126.11309,102.05655,129.42877,100.428535,143.56277,100.0,172.75685,102.50124,213.37689,107.349335,288.57697,118.21847,319.85724,123.57858,9981776,1536828755393,1536828754910
slip,209.0,98.0,9981957,243.92459,90.254715,271.9045,92.21419,296.49918,102.444084,300.0,104.0,9982075,1536828755696,1536828755205
slip,257.0,122.0,9992172,209.26616,127.94085,181.96342,131.00203,151.6558,133.0,128.59113,129.75137,107.8964,122.2729,98.0,116.5,9992309,1536828765928,1536828765438
slip,207.0,118.0,9997771,161.65623,112.38322,129.53429,112.32671,103.35411,110.69028,84.73293,109.31508,74.074165,109.0,9997886,1536828771504,1536828771006
slip,271.0,159.0,10001692,257.0,159.0,238.31131,159.0,216.8952,152.15808,186.95204,145.0978,158.19446,134.97531,134.73505,124.63408,131.0,123.0,10001819,1536828775436,1536828774933
slip,265.0,161.0,10010344,265.0,176.0,265.0,182.29967,258.14352,194.2847,10010494,1536828784111,1536828783604
