slip,271.0,199.0,3219483,224.50781,199.0,180.90022,204.46204,85.37735,224.9318,63.745266,242.8491,3219570,1536807156125,1536807155841
slip,308.0,185.0,3232784,265.23373,193.28464,224.16519,200.66118,139.91653,213.59213,97.08983,222.09106,62.03658,226.926,53.0,232.0,3232891,1536807169450,1536807169172
slip,301.0,203.0,3247229,263.27536,211.09018,228.34361,220.36809,173.97845,231.79929,131.8272,240.52356,97.95355,245.1427,3247340,1536807183896,1536807183671
slip,103.0,201.0,3247658,150.47018,193.73997,191.82121,191.27263,276.5,189.5,313.98596,194.0,337.41513,195.3868,3247797,1536807184354,1536807184085
slip,153.0,213.0,3248525,178.0,207.0,212.52147,203.01743,253.88237,197.12854,310.15805,194.16408,325.0,193.0,3248673,1536807185233,1536807184934
slip,313.0,171.0,3273588,291.84763,171.0,251.62947,180.74901,138.10426,214.65266,84.53377,234.84633,77.0,238.0,3273675,1536807210231,1536807209960
slip,309.0,174.0,3285747,267.49045,181.06949,220.57213,192.85696,128.77306,212.48412,81.74447,223.1439,58.215218,228.1811,42.0,230.0,3285864,1536807222423,1536807222131
slip,294.0,154.0,3290908,267.43597,154.0,226.25055,158.18329,182.48456,162.37665,118.5,166.5,3290984,1536807227543,1536807227245
slip,301.0,157.0,3291774,267.25006,157.0,218.04263,169.78105,136.6066,186.08742,94.00787,198.68324,62.28419,208.89343,46.0,215.0,3291881,1536807228440,1536807228146
slip,98.0,231.0,3306820,109.0,214.0,152.78577,211.17381,255.47191,203.50198,329.44022,196.07176,343.5,193.0,3306946,1536807243504,1536807243217
slip,101.0,217.0,3307395,146.47636,200.15773,238.093,198.06291,302.21982,196.0,338.0,196.0,3307534,1536807244093,1536807243813
slip,273.0,217.0,3323719,244.65904,226.85773,211.18222,235.95444,112.6971,261.19217,3323776,1536807260331,1536807260070
slip,297.0,214.0,3346127,262.37292,225.17003,202.25098,243.33452,134.36249,264.8572,102.5,283.5,3346203,1536807282762,1536807282461
