slip,281.0,202.0,11291109,261.0,202.0,239.3833,195.34583,212.50792,194.00075,177.38118,192.97525,140.5,191.5,81.773834,186.72577,75.0,186.0,11291241,1536831683787,1536831683716
slip,303.0,197.0,11311949,268.34735,183.1838,241.64366,180.23218,206.44069,179.3983,159.76274,182.61383,114.5,186.0,60.86963,196.58453,24.5,205.5,11312107,1536831704653,1536831704648
slip,310.0,195.0,11317440,275.36847,195.0,245.1295,192.0,206.52356,192.0,162.90565,193.27286,117.51143,195.0,95.58665,197.2019,83.0,199.0,11317577,1536831710125,1536831710056
slip,110.0,194.0,11318198,150.02136,189.04448,200.76268,188.0,296.94824,186.87572,340.5,181.0,11318304,1536831710852,1536831710769
slip,258.0,200.0,11318765,228.61937,198.17537,187.78107,194.778,115.59694,190.84392,48.73517,190.0,31.274685,193.53218,28.0,194.0,11318871,1536831711419,1536831711347
slip,274.0,187.0,11319406,232.88535,185.19846,189.4816,181.4981,147.2212,178.93158,93.36832,179.62527,60.662666,182.91716,30.0,192.0,11319532,1536831712080,1536831712016
slip,130.0,195.0,11347176,158.39485,183.20172,194.84871,170.5684,251.01643,156.61159,297.09085,146.61723,321.4674,147.20396,11347291,1536831739838,1536831739773
slip,313.0,184.0,11348030,277.45612,178.83005,244.60083,177.40004,202.33751,179.41945,138.55597,186.492,80.32598,199.7011,50.07004,207.50052,46.0,209.0,11348168,1536831740717,1536831740653
slip,151.0,192.0,11369197,196.75905,189.0,231.93954,189.0,272.00076,189.0,312.67523,189.0,336.22232,189.0,11369313,1536831761859,1536831761800
slip,325.0,195.0,11370242,276.024,189.04556,239.40555,186.03244,175.12117,186.83916,115.17839,190.65477,66.97185,201.34271,62.0,203.0,11370370,1536831762919,1536831762863
slip,276.0,187.0,11370810,247.77806,187.0,221.1243,182.58318,184.55128,184.0,149.10309,186.94049,106.19134,192.56522,95.0,194.0,11370927,1536831763478,1536831763441
slip,136.0,205.0,11389930,160.85994,201.0,193.08383,201.0,242.16624,201.72394,333.08224,203.46576,11390035,1536831782581,1536831782523
slip,82.0,186.0,11390539,110.0,186.0,148.49396,183.10442,221.4109,179.12224,298.44485,171.73991,345.5,161.5,11390676,1536831783225,1536831783137
slip,317.0,187.0,11407859,297.0,187.0,268.46405,187.0,224.2604,191.9296,161.29721,192.0,87.5,196.5,67.223724,188.81581,66.0,188.0,11407987,1536831800533,1536831800449
slip,300.0,176.0,11422861,285.0,176.0,259.49652,179.97162,222.81184,188.21481,179.53087,196.24486,97.0,216.5,67.7529,225.78488,53.0,230.0,11422998,1536831815547,1536831815498
