slip,303.0,211.0,7412173,247.4027,220.27232,159.24297,237.89621,93.13141,255.16736,88.0,257.0,7412259,1536824390641,1536824390146
slip,80.0,259.0,7414940,80.0,242.0,98.0,224.0,7415037,1536824393414,1536824392928
slip,274.0,189.0,7417992,243.46078,189.96161,199.92497,195.85547,134.54268,212.44055,81.43315,241.46677,7418069,1536824396446,1536824395962
slip,267.0,167.0,7420097,231.14638,174.32487,187.338,187.20688,92.0,224.5,7420151,1536824398532,1536824398043
slip,277.0,172.0,7422023,257.8685,172.0,222.60266,168.0,180.79831,173.3632,123.72279,202.4031,116.0,207.0,7422109,1536824400491,1536824399998
slip,274.0,169.0,7424968,245.44368,172.33357,206.24307,185.59468,158.5457,218.09619,145.0,230.0,7425034,1536824403415,1536824402950
slip,327.0,171.0,7427311,302.05557,160.9359,270.57764,158.2569,229.02498,162.4037,148.5,185.5,7427416,1536824405796,1536824405302
slip,250.0,156.0,7428077,210.93367,154.71469,160.11061,160.54538,101.100815,186.99411,91.0,193.0,7428143,1536824406525,1536824406080
slip,165.0,192.0,7428689,194.63953,187.0,226.42342,189.58821,271.48203,195.72023,7428795,1536824407173,1536824406681
slip,275.0,206.0,7429166,233.42659,208.58667,190.06255,221.54909,145.5,248.5,7429232,1536824407611,1536824407126
slip,275.0,178.0,7437385,225.49088,182.70183,188.51277,196.37486,137.01497,228.65242,112.5,252.0,7437482,1536824415861,1536824415376
slip,281.0,138.0,7438172,247.8454,135.97792,200.0795,136.41106,131.18372,152.27222,108.73279,165.90419,7438249,1536824416626,1536824416142
slip,288.0,149.0,7438805,235.79803,154.83488,163.95331,180.9008,96.95383,211.43848,66.21741,244.02763,63.0,249.0,7438912,1536824417289,1536824416815
slip,146.0,209.0,7439360,173.39566,195.96115,209.24498,189.8408,273.23596,187.28183,350.02676,196.42668,339.5,197.0,7439488,1536824417867,1536824417373
slip,142.0,221.0,7439960,190.06676,205.98549,268.65945,194.2874,318.88144,188.66249,339.0,189.0,7440097,1536824418478,1536824418003
slip,144.0,149.0,7449608,206.9303,157.65892,267.59338,163.62794,327.75458,171.37054,333.0,172.0,7449714,1536824428095,1536824427635
slip,279.0,165.0,7450076,244.20877,160.05219,193.41698,157.37627,115.589554,159.2173,76.5339,170.86115,65.5,178.5,7450174,1536824428554,1536824428053
slip,302.0,130.0,7458604,250.99211,132.41733,207.0172,139.13437,144.91423,157.599,111.0,168.5,7458700,1536824437081,1536824436600
slip,274.0,138.0,7460687,206.0,154.5,137.00891,184.52289,105.22517,199.88742,85.60583,207.46472,71.94946,209.73647,7460803,1536824439183,1536824438706
slip,272.0,153.0,7461462,241.99513,154.4742,209.00891,160.03906,176.34409,175.17635,172.0,178.0,7461530,1536824439908,1536824439427
slip,284.0,179.0,7467691,114.0,225.0,7467769,1536824447325,1536824446840
slip,301.0,152.0,7468271,171.0,161.0,7468378,1536824447340,1536824446860
slip,120.0,181.0,7468923,329.0,179.0,7469052,1536824448021,1536824447535
slip,281.0,160.0,7469330,54.0,243.0,7469447,1536824448047,1536824447577
slip,273.0,180.0,7469799,207.37366,176.0,144.58662,179.07307,70.6373,185.42284,51.804813,189.91953,37.10427,202.50615,32.40679,205.59322,32.0,206.0,7469938,1536824448316,1536824447888
slip,288.0,163.0,7473625,242.98566,163.0,197.40816,166.25734,126.0939,182.34761,80.5619,202.54427,7473722,1536824452102,1536824451614
slip,269.0,111.0,7474272,249.90892,111.0,206.3579,118.127594,91.93521,141.48732,62.412807,155.13847,41.800594,170.51382,24.0,201.0,7474372,1536824452749,1536824452278
slip,142.0,181.0,7474661,195.379,162.77017,262.30106,157.46445,307.56238,156.0,332.5,156.0,7474799,1536824453179,1536824452704
slip,161.0,204.0,7475291,219.84726,179.31438,282.71988,165.25603,335.45197,156.12091,329.5,159.0,7475419,1536824453799,1536824453299
slip,144.0,76.0,7481297,150.69121,102.52762,158.83917,117.67835,7481394,1536824459771,1536824459309
slip,86.0,153.0,7482867,68.0,142.0,62.37501,134.50005,62.0,128.0365,74.0,121.5,7482964,1536824461343,1536824460840
slip,306.0,122.0,7486713,263.30475,120.5995,224.31921,130.79062,152.28224,159.37526,116.11752,174.37766,94.5,182.0,7486829,1536824465209,1536824464735
slip,282.0,172.0,7492469,245.95276,174.57817,209.2816,178.71495,166.33276,187.88014,120.94395,202.87108,119.95234,207.02724,7492567,1536824470944,1536824470435
slip,285.0,248.0,7496169,267.0,244.0,229.8373,246.39534,182.33754,255.53249,100.958115,286.15842,70.5,300.0,7496274,1536824474656,1536824474153
slip,286.0,146.0,7498369,247.40404,156.01321,213.8804,158.87994,170.35205,166.30899,115.768524,175.48895,95.0,183.0,7498497,1536824476877,1536824476400
slip,314.0,131.0,7499044,270.04153,133.89584,223.42586,140.59569,154.08406,149.0,118.87548,149.0,94.492744,146.40579,88.0,146.0,7499170,1536824477550,1536824477055
slip,172.0,226.0,7501691,134.0,241.0,7501798,1536824481182,1536824480688
