slip,316.0,199.0,6101029,287.0,199.0,240.43617,209.41763,141.25145,235.81746,90.37557,259.8539,60.506493,272.925786101155,1521871951014,1521871952152
slip,294.0,210.0,6113547,248.91014,210.0,212.0015,218.03806,153.72342,236.17184,112.598076,254.02939,108.0,256.06113663,1521871963526,1521871964671
slip,259.0,213.0,6122430,230.32999,214.66714,188.17383,221.294546122476,1521871972338,1521871973931
slip,127.0,226.0,6123040,162.2758,212.21725,228.0336,196.86339,313.90482,182.44217,348.0,179.56123158,1521871973019,1521871974159
slip,154.0,226.0,6123929,198.11424,219.28067,254.41573,214.90434,330.9221,210.49026,339.0,211.56124055,1521871973919,1521871975081
slip,149.0,210.0,6136628,179.3608,205.87973,207.86519,203.71349,235.5568,200.58156,257.54083,199.02359,280.0131,196.49782,303.07306,195.9382,304.0,196.06136808,1521871986667,1521871987822
slip,329.0,175.0,6137044,314.0,175.0,282.91498,170.3966,235.14651,171.18292,155.79819,182.0985,86.51618,209.75716137151,1521871987010,1521871988188
slip,303.0,207.0,6148923,265.5853,202.921,224.63435,206.16898,158.02887,220.14526,99.860565,249.34103,59.19605,275.93846149039,1521871998899,1521872000036
slip,328.0,186.0,6166313,290.4047,186.0,263.0957,186.6454,232.53471,191.86295,199.97038,200.91716,177.76527,208.63081,130.61194,237.117546166450,1521872016310,1521872017455
slip,142.0,229.0,6166728,197.27509,212.81784,244.31279,207.88066,324.02176,200.95738,332.0,200.06166835,1521872016698,1521872017850
slip,138.0,211.0,6167339,155.0,203.0,205.04973,191.63683,311.39377,174.71718,350.0,171.56167444,1521872017304,1521872018435
slip,319.0,201.0,6177967,286.59573,197.49443,239.82765,201.23447,141.19025,231.93579,85.5,263.56178064,1521872027923,1521872029095
slip,314.0,208.0,6184889,277.79755,206.5911,234.06229,207.27371,145.5993,226.3353,90.49635,252.45349,62.596222,272.25867,61.0,274.06185005,1521872034865,1521872036030
