slip,273.0,103.0,9696691,247.07146,120.08332,219.5347,129.82176,184.94194,138.66733,144.96501,145.00452,114.46628,148.13783,98.09833,148.4499,76.7311,148.0,9696850,1536828396582,1536828396092
slip,220.0,173.0,9710195,186.33575,168.0,161.7904,163.55807,141.26251,162.02019,117.0,159.0,100.67501,155.97046,9710322,1536828410054,1536828409554
slip,313.0,126.0,9719885,276.98935,135.5895,247.13611,138.8432,214.4154,138.47076,189.0118,136.00148,171.8878,132.46634,162.18773,126.78926,159.0,124.0,9720044,1536828419779,1536828419276
slip,183.0,137.0,9720663,234.99506,128.0,280.0463,132.23251,288.0,134.0,9720781,1536828420516,1536828420080
slip,188.0,128.0,9720941,219.68059,123.0,259.94705,124.42479,296.0,127.0,9721047,1536828420780,1536828420317
slip,222.0,133.0,9731477,184.47597,133.0,154.57704,135.0423,121.78289,133.0,89.04969,131.61388,72.07293,130.0,62.000786,130.0,9731603,1536828431337,1536828430814
slip,316.0,133.0,9743986,294.0,138.0,269.0268,139.64548,238.60562,138.78029,204.48575,135.51886,174.89125,131.35126,150.99048,126.99809,146.0,126.0,9744134,1536828443870,1536828443374
slip,273.0,146.0,9755215,258.0,146.0,241.98312,154.23337,217.17896,158.71645,186.44678,160.0,156.68134,157.46814,125.49254,149.9936,122.0,147.0,9755363,1536828455097,1536828454598
slip,231.0,145.0,9755620,270.03647,132.82867,275.0,131.0,9755707,1536828455442,1536828454939
slip,212.0,137.0,9755875,265.38916,121.20887,305.2085,119.62191,9755993,1536828455728,1536828455239
slip,290.0,146.0,9765866,262.22925,146.0,235.86896,148.0,203.39983,145.75237,171.53041,142.74178,145.35986,137.58997,127.5,129.0,9766003,1536828465735,1536828465225
slip,304.0,114.0,9775460,280.0,126.0,245.84811,127.86437,220.81566,129.47896,194.16913,129.93504,166.0,130.0,143.0,126.0,9775638,1536828475371,1536828474862
