slip,114.0,91.0,7782793,99.0,91.0,87.455894,96.30146,82.009674,103.32044,80.0,105.03319,78.70901,106.29099,7782910,1536824949366,1536824948895
slip,164.0,143.0,7790668,180.51466,143.0,187.0,132.5,197.0,128.5,7790784,1536824957242,1536824956743
slip,288.0,196.0,7796338,228.9264,201.8819,139.84924,210.75879,57.5,221.5,7796404,1536824962861,1536824962563
slip,310.0,201.0,7803179,279.03177,201.0,247.75136,205.89119,213.93556,213.0184,168.8433,226.75485,131.0,240.0,7803284,1536824969744,1536824969281
slip,313.0,204.0,7804952,282.88184,204.0,260.77643,210.03726,233.37207,216.40698,193.15509,226.34108,181.0,229.0,7805069,1536824971530,1536824971062
slip,324.0,181.0,7812795,295.24063,181.0,273.73505,181.0,240.0,185.5,7812900,1536824979356,1536824978891
slip,302.0,171.0,7813457,284.0,167.0,242.80908,169.57677,171.77164,177.68005,104.72264,189.40442,60.33294,205.82555,44.77863,212.09488,7813584,1536824980040,1536824979571
slip,315.0,175.0,7817506,283.92468,181.63441,249.88423,185.18901,210.8383,188.93552,156.1156,194.12228,119.5,196.0,7817622,1536824984080,1536824983618
slip,194.0,165.0,7818468,222.56903,161.22534,256.51144,156.17291,298.44568,155.9176,301.0,156.0,7818584,1536824985041,1536824984564
slip,150.0,154.0,7819076,179.92981,154.0,217.93422,156.43092,268.49402,158.33298,350.0,164.0,7819182,1536824985642,1536824985148
slip,243.0,195.0,7830412,207.16258,201.50064,171.34666,204.83942,130.45906,203.10808,129.0,203.0,7830499,1536824996956,1536824996449
slip,122.0,230.0,7835669,127.48868,210.51132,143.20595,199.59622,7835766,1536825002222,1536825001763
slip,268.0,123.0,7839654,240.22504,123.0,234.30513,127.56496,231.818,129.182,232.0,130.5,7839759,1536825006215,1536825005716
slip,283.0,137.0,7840379,263.71704,132.89629,258.22244,130.22244,254.08562,128.02853,248.0,125.0,7840486,1536825006944,1536825006440
slip,234.0,223.0,7844386,244.23283,199.72835,245.44208,192.78958,7844515,1536825010971,1536825010456
slip,271.0,140.0,7848219,242.65053,146.14978,215.2015,151.5597,183.55345,157.90375,156.0,162.5,7848295,1536825014753,1536825014278
slip,105.0,239.0,7861792,120.0,239.0,143.81396,232.09166,176.73244,227.59055,225.9875,224.54121,333.5,225.5,328.80484,222.86116,7861908,1536825028364,1536825027909
slip,197.0,215.0,7862304,244.95859,212.92024,281.8732,208.93015,7862401,1536825028857,1536825028360
slip,281.0,203.0,7874428,257.0,203.0,229.82872,205.42055,178.06221,210.83977,129.98135,213.0,110.5,211.5,7874514,1536825040973,1536825040520
slip,292.0,144.0,7882476,254.6946,145.71758,227.73593,149.14046,197.36316,151.4041,171.55452,155.19142,142.28006,156.77473,138.0,157.0,7882592,1536825049052,1536825048567
slip,278.0,170.0,7885368,250.25113,173.18721,215.85236,178.541,174.94125,183.48584,143.21738,185.12648,7885444,1536825051901,1536825051415
