slip,321.0,163.0,15569553,302.56793,163.0,287.19324,156.19939,258.9995,156.40002,224.16785,157.95134,182.87733,162.45807,112.15167,169.68803,92.5,172.0,15569756,1536892224895,1536892225338
slip,305.0,170.0,15572096,285.58087,170.0,279.6316,170.0,269.1998,164.9713,244.38075,169.71155,213.57863,174.30267,168.46463,179.99103,108.426125,189.7809,78.16064,194.80246,54.31689,193.85094,15572318,1536892227457,1536892227961
slip,323.0,187.0,15577779,302.87027,187.0,277.0775,187.0,226.81088,182.50348,157.24466,172.65303,117.24938,166.32793,88.38421,156.79474,72.35591,151.40677,62.63215,146.81607,53.765182,153.19568,15577991,1536892233130,1536892233691
slip,301.0,134.0,15580225,301.0,151.24998,289.19962,146.09933,280.81415,144.0,268.1355,143.0,244.76039,143.0,211.55362,141.04259,168.27924,134.45317,114.6776,123.344124,100.674706,115.674706,93.90923,109.92738,15580511,1536892235649,1536892236108
slip,321.0,185.0,15601805,298.3918,182.1959,271.22595,180.0,244.98396,182.00267,212.27438,186.48595,173.86688,192.84161,102.250854,206.76173,65.63486,211.8942,23.0,209.0,15602008,1536892257148,1536892257671
slip,310.0,158.0,15603704,276.95697,163.26768,245.5174,164.0,206.2146,165.25894,161.42056,162.38007,100.96207,155.57254,61.088703,146.94354,44.5,137.0,15603857,1536892259000,1536892259477
slip,307.0,145.0,15614272,284.0,152.0,246.48203,157.7979,206.4572,162.08342,140.27144,174.35876,63.27672,179.43143,34.32711,177.76102,11.5,174.5,15614409,1536892269548,1536892270100
slip,91.0,186.0,15626930,107.0,186.0,123.98849,186.0,160.40451,181.09924,208.69131,175.94075,290.611,166.39816,322.35355,162.87695,15627099,1536892282238,1536892282688
slip,320.0,158.0,15628169,297.784,158.0,278.09378,162.25891,242.91544,168.6701,210.09235,176.75851,140.98611,182.46239,49.68446,171.20227,15628328,1536892283466,1536892283936
slip,98.0,222.0,15628917,130.0,217.0,204.22652,199.06586,296.18658,182.0022,322.33105,179.31126,327.0,179.0,15629054,1536892284196,1536892284663
slip,118.0,188.0,15629300,168.39742,175.15065,264.21625,161.91574,348.5,152.0,15629450,1536892284596,1536892285046
slip,305.0,147.0,15641333,301.0,161.0,299.0971,173.51453,297.56396,178.3081,295.758,179.0,294.54587,179.0,295.0,180.0,15641525,1536892296666,1536892297112
slip,95.0,195.0,15642999,129.0,203.0,15643115,1536892298254,1536892298719
slip,250.0,215.0,15644737,207.23375,220.11807,171.87978,223.79306,77.21407,236.59315,5.0,216.0,15644814,1536892299957,1536892300405
slip,313.0,204.0,15647251,290.6834,204.0,254.03955,206.5339,211.94092,210.80591,170.05722,213.83687,110.13127,215.19376,36.475807,200.5247,28.0,198.0,15647421,1536892302561,1536892303030
slip,258.0,162.0,15652858,197.17746,162.0,144.8483,159.31648,63.457367,148.4843,16.0,131.0,15652933,1536892308073,1536892308529
slip,311.0,172.0,15656662,294.0,186.0,269.91528,186.0,237.04941,188.3569,207.64607,191.82674,178.52751,196.33777,81.30492,210.67073,34.712273,206.6347,29.0,206.0,15656842,1536892311982,1536892312438
slip,140.0,86.0,15661856,173.86269,105.372536,15661961,1536892317100,1536892317578
slip,318.0,200.0,15666575,16.0,164.0,15666746,1536892322672,1536892323109
slip,307.0,162.0,15667569,29.0,173.0,15667764,1536892323382,1536892323836
slip,295.0,229.0,15668366,256.67563,224.62798,230.88364,222.3204,204.21136,223.48679,179.70479,226.69916,128.82953,235.43895,60.280132,244.97253,60.0,245.0,15668509,1536892323649,1536892324123
