slip,281.0,241.0,13415589,236.0,244.0,93.777695,277.85675,18.0,309.0,13415662,1536838372986,1536838372882
slip,268.0,224.0,13421347,202.66449,220.72562,86.02432,249.71172,46.5,280.0,13421420,1536838378744,1536838378647
slip,249.0,169.0,13422853,221.0,173.0,145.51666,215.97176,52.592606,281.4292,13422927,1536838380249,1536838380241
slip,154.0,116.0,13425556,162.22038,157.03122,13425639,1536838382961,1536838382841
slip,291.0,140.0,13428099,255.61334,149.28578,137.17186,222.25017,39.0,296.0,13428172,1536838385497,1536838385391
slip,201.0,288.0,13431251,191.0,267.0,191.0,258.02048,196.07922,257.0,205.5,257.0,13431348,1536838388670,1536838388557
slip,285.0,205.0,13434242,147.41415,229.97797,39.5,287.5,13434304,1536838391632,1536838391541
slip,283.0,150.0,13434797,227.89555,159.18196,100.19535,227.98203,89.0,235.0,13434870,1536838392198,1536838392094
slip,244.0,193.0,13437383,189.0,218.0,1.5,327.5,13437435,1536838394766,1536838394685
slip,256.0,223.0,13438109,210.90625,212.90057,112.731125,259.14185,74.0,281.0,13438183,1536838395508,1536838395443
slip,247.0,160.0,13440951,168.4679,189.86783,55.66725,257.92755,13441014,1536838398343,1536838398251
slip,118.0,237.0,13441730,151.53244,212.7042,262.25287,171.05492,343.69485,154.92264,349.0,154.0,13441814,1536838399137,1536838399074
slip,116.0,192.0,13442404,193.51314,163.28601,352.0,138.0,13442478,1536838399806,1536838399732
slip,71.0,238.0,13453109,141.45702,200.89984,288.36444,183.44916,387.0,188.5,13453191,1536838410516,1536838410431
slip,209.0,208.0,13453631,100.01553,214.67328,-18.5,263.0,13453695,1536838411018,1536838410937
slip,320.0,198.0,13462404,178.72365,252.38739,108.0,288.0,13462466,1536838419798,1536838419708
slip,318.0,163.0,13471410,185.4323,214.91776,28.5,313.0,13471472,1536838428797,1536838428703
slip,276.0,205.0,13472381,254.0,196.0,135.39378,236.01819,13.5,311.5,13472455,1536838429778,1536838429696
slip,309.0,161.0,13475096,268.31747,154.89021,142.28877,214.68698,100.0,241.0,13475169,1536838432493,1536838432393
slip,150.0,232.0,13475681,203.94145,205.18205,325.95535,189.69925,344.0,190.0,13475756,1536838433084,1536838432972
slip,117.0,172.0,13476292,206.68497,127.691185,320.81192,123.05638,13476374,1536838433697,1536838433615
slip,177.0,229.0,13486320,125.0,244.0,13486345,1536838443667,1536838443577
slip,224.0,184.0,13488204,226.0,217.0,13488268,1536838445589,1536838445475
slip,234.0,176.0,13496716,140.05489,222.39517,101.0,244.0,13496748,1536838454080,1536838453988
slip,242.0,254.0,13498632,242.0,232.57617,242.0,222.72652,248.0,223.0,13498706,1536838456027,1536838455917
slip,200.0,170.0,13501398,200.0,150.0,200.0,137.26408,205.89067,137.0,13501472,1536838458794,1536838458673
slip,302.0,134.0,13505106,283.0,134.0,190.1059,164.38551,58.079254,240.56998,13505179,1536838462501,1536838462396
slip,311.0,238.0,13505875,145.3581,266.317,31.0,298.5,13505937,1536838463261,1536838463196
