slip,236.0,225.0,5813189,188.18768,230.06485,121.19716,244.776,49.357975,256.87564,46.0,257.05813275,1521871544783,1521871545918
slip,268.0,221.0,5823431,226.20514,222.56624,163.14395,240.68906,85.648735,274.64932,50.5,297.55823536,1521871555044,1521871556291
slip,195.0,223.0,5841127,220.0,223.0,264.14325,224.04971,292.77615,222.77798,310.0904,219.78192,319.3897,216.40257,322.24408,213.51181,323.65674,214.0,326.0,214.0,327.0,214.0,330.0,214.05841362,1521871572870,1521871574012
slip,318.0,194.0,5841993,267.29337,194.0,218.80157,200.9122,124.060295,221.68672,64.42204,246.93666,50.083572,256.937325842120,1521871573626,1521871574775
slip,310.0,230.0,5852524,282.026,230.0,254.87088,227.0,223.76938,229.2832,188.56094,230.74765,148.09273,233.52657,98.52048,243.05219,67.43811,251.253135852683,1521871584189,1521871585354
slip,264.0,221.0,5867379,240.38834,225.97087,198.3772,235.512,192.0,237.05867423,1521871598931,1521871600156
slip,153.0,242.0,5867851,209.06123,239.0,257.80096,242.06865,327.5,242.05867949,1521871599453,1521871600591
slip,127.0,211.0,5868579,177.47324,207.0878,228.18942,206.0,307.12775,206.05868675,1521871600180,1521871601337
slip,284.0,207.0,5879441,269.0,207.0,243.38013,207.0,208.52676,211.07143,158.3201,226.80568,86.5,260.05879546,1521871611050,1521871612190
slip,306.0,218.0,5889929,282.3406,218.0,245.26639,222.55313,161.12093,245.85757,91.92484,270.9222,47.5,292.55890034,1521871621541,1521871622694
