slip,241.0,253.0,10461673,215.10625,245.74658,192.53593,240.53813,168.39972,238.21248,137.04567,238.95451,77.59023,246.08917,31.0,254.5,10461800,1536830337818,1536830337763
slip,303.0,162.0,10470680,257.37598,168.464,190.02492,187.53867,111.90459,205.85718,56.480198,215.50397,34.903767,218.0,10470789,1536830346803,1536830346751
slip,259.0,215.0,10474498,240.0,215.0,229.65457,215.0,212.78143,214.50484,190.58412,213.0,172.05829,213.0,147.37544,211.58597,120.2322,213.0,95.5,213.0,88.0,214.0,10474675,1536830350694,1536830350650
slip,107.0,217.0,10474912,139.19798,217.0,183.2234,212.60928,283.67548,209.57986,352.14175,203.23228,10475030,1536830351045,1536830350971
slip,257.0,178.0,10475587,215.86874,180.86969,176.0,185.5,81.472565,204.69556,35.468018,233.2797,11.0,256.0,10475692,1536830351710,1536830351619
slip,104.0,257.0,10485105,78.58028,257.0,75.04534,257.0,69.35612,253.0,66.89694,253.0,66.0,253.0,10485270,1536830361285,1536830361204
slip,185.0,231.0,10489673,140.70941,231.0,104.47782,232.0,73.38199,233.29568,54.640488,236.7438,54.0,237.0,10489779,1536830365794,1536830365725
slip,254.0,234.0,10493156,223.726,215.38583,196.32768,207.58192,168.37595,204.67116,136.6384,205.10268,97.01399,210.38484,42.188313,227.72935,30.0,236.0,10493335,1536830369353,1536830369278
slip,188.0,175.0,10502878,130.17552,182.97075,93.46559,190.576,59.0467,199.36137,33.717316,207.42757,10502984,1536830379002,1536830378954
slip,275.0,187.0,10503967,242.33075,180.25475,210.91759,179.33727,175.6725,183.55458,119.0,196.0,69.57523,207.42772,67.0,208.0,10504095,1536830380111,1536830380070
slip,191.0,287.0,10515270,220.25635,301.967,225.0,304.0,10515408,1536830391423,1536830391360
slip,102.0,59.0,10537646,123.254425,55.590866,137.0,60.5,10537733,1536830413755,1536830413682
slip,238.0,233.0,10550138,223.0,233.0,210.00064,225.0,182.25772,223.93253,145.85594,223.0,105.074615,225.0,59.642967,227.47089,41.255703,226.0,38.0,226.0,10550312,1536830426332,1536830426290
slip,288.0,210.0,10553829,262.17303,210.0,233.87259,214.31606,172.58546,229.04338,88.09694,251.74449,84.0,253.0,10553944,1536830429960,1536830429847
slip,253.0,200.0,10557503,235.0,195.0,217.79712,195.0,193.39525,200.47198,161.51382,203.83902,132.6199,208.21791,99.385735,216.29831,72.49425,224.20758,10557662,1536830433677,1536830433599
slip,297.0,235.0,10560800,279.0,235.0,255.71779,235.0,222.21323,238.82668,159.03354,248.6884,85.586044,263.93408,70.0,268.0,10560929,1536830436945,1536830436935
slip,298.0,181.0,10564873,268.62213,186.47043,233.14355,196.63477,148.531,211.26524,109.13104,216.34216,77.09348,218.99377,51.5,225.0,10565031,1536830441047,1536830440958
slip,251.0,190.0,10573206,223.38702,183.0,206.01514,183.0,173.11993,189.88696,124.92313,204.34152,75.541885,219.15271,38.5,236.0,10573343,1536830449359,1536830449287
slip,313.0,199.0,10601012,295.89963,199.0,283.56284,199.0,258.08334,205.64583,218.20589,212.8321,144.4544,230.20418,75.79357,264.8037,10601150,1536830477165,1536830477101
slip,168.0,258.0,10601706,199.4307,240.41661,306.05933,194.22763,343.5,166.0,10601804,1536830477821,1536830477762
slip,137.0,202.0,10602851,182.74934,189.71454,272.91095,164.51799,354.5,143.0,10602947,1536830478965,1536830478897
slip,287.0,207.0,10626697,256.1143,211.33928,225.5,216.5,192.42197,225.1156,158.65506,230.76357,117.99283,239.00157,103.0,246.5,10626823,1536830502840,1536830502748
slip,277.0,160.0,10648709,262.0,160.0,253.97049,160.0,236.80473,162.52162,208.90561,170.29848,153.84956,190.66017,107.59286,209.16286,10648846,1536830524863,1536830524821
slip,304.0,148.0,10651455,272.10544,136.74442,243.15013,133.37633,206.29413,131.76225,150.51445,138.81194,73.423904,157.98717,48.0,172.5,10651581,1536830527599,1536830527519
slip,267.0,183.0,10664354,237.02113,183.0,200.51517,190.97668,110.66702,214.59554,52.49366,235.12025,32.757206,247.59424,10664480,1536830540494,1536830540437
slip,305.0,162.0,10665080,273.58856,148.11772,248.25261,143.60555,214.0797,141.21165,170.0,147.0,78.0,173.5,10665196,1536830541211,1536830541145
slip,291.0,155.0,10673487,49.0,212.0,10673625,1536830550373,1536830553175
slip,263.0,155.0,10674330,37.0,198.0,10674469,1536830553199,1536830553181
