slip,63.0,166.0,13663732,66.253746,147.44476,77.11679,140.4416,103.0,147.0,13663805,1536838725062,1536838724965
slip,317.0,165.0,13671681,291.4483,165.0,245.47672,174.66792,106.29997,243.9091,88.0,255.0,13671763,1536838733018,1536838732916
slip,320.0,204.0,13676638,297.0,198.0,196.90524,207.56268,59.049904,267.40454,13676711,1536838737966,1536838737864
slip,321.0,162.0,13682278,250.23099,178.68843,126.20138,237.90039,58.0,274.0,13682360,1536838743616,1536838743524
slip,254.0,242.0,13690244,100.623474,316.4776,13690280,1536838751534,1536838751455
slip,316.0,209.0,13690964,283.56927,204.0,244.28197,212.1795,91.465775,284.9315,28.5,317.5,13691060,1536838752317,1536838752266
slip,212.0,194.0,13694347,103.22171,247.38914,72.0,263.0,13694382,1536838755637,1536838755573
slip,106.0,182.0,13694841,232.58011,178.13861,354.5751,197.79446,13694939,1536838756196,1536838756115
slip,131.0,188.0,13695727,185.4046,177.9939,301.0,174.0,13695801,1536838757058,1536838756954
slip,310.0,181.0,13707339,289.0,175.0,242.54768,178.40872,111.51867,232.75368,75.0,252.0,13707423,1536838768681,1536838768614
slip,289.0,177.0,13708815,190.76703,188.8714,45.380226,246.73627,13708877,1536838770132,1536838770016
slip,305.0,165.0,13718419,242.59721,170.81076,74.03648,244.36296,23.5,292.0,13718492,1536838779747,1536838779675
slip,307.0,169.0,13727479,257.5801,169.0,128.5225,211.39099,22.005981,261.06714,13727561,1536838788815,1536838788733
slip,123.0,205.0,13728075,172.85614,182.37833,282.4277,170.94208,372.5,183.5,13728174,1536838789428,1536838789342
slip,152.0,143.0,13728803,176.0,134.0,309.8394,136.63385,320.0,137.0,13728900,1536838790158,1536838790111
slip,129.0,210.0,13737928,172.45665,198.93477,265.38474,196.20308,363.0,205.0,13738024,1536838799278,1536838799190
slip,272.0,185.0,13738492,129.34402,253.589,19.0,317.5,13738556,1536838799812,1536838799723
slip,247.0,162.0,13749508,215.0,160.0,66.83524,239.95828,60.0,244.0,13749571,1536838810831,1536838810724
slip,319.0,203.0,13754658,283.62842,197.03491,208.42249,213.72816,101.609314,262.5392,32.0,307.5,13754754,1536838816012,1536838815961
slip,298.0,201.0,13755447,243.92274,198.19905,137.06468,246.29941,44.98487,301.32712,13755530,1536838816788,1536838816761
