slip,255.0,215.0,11998842,223.98497,209.91542,198.3761,211.29155,166.50243,214.9561,117.60484,225.17604,42.594276,243.85143,11998958,1536832723223,1536832723115
slip,301.0,158.0,12012925,264.51666,151.63333,221.52333,146.50156,163.72914,146.32368,110.88275,150.24094,51.0,160.0,12013030,1536832737297,1536832737216
slip,308.0,181.0,12019971,277.2298,181.0,244.8159,178.74232,203.00673,176.34529,131.50986,170.57224,73.53092,169.11618,43.481133,171.5283,39.0,172.0,12020109,1536832744376,1536832744300
slip,299.0,154.0,12032353,265.7221,154.93436,223.55519,159.69028,150.48708,175.00307,84.506584,194.88004,37.5,225.5,12032451,1536832756719,1536832756658
slip,106.0,191.0,12047716,137.36954,189.48741,172.00127,187.6428,216.50775,185.17188,280.05368,177.58926,321.42346,169.49548,340.5,164.5,12047843,1536832772110,1536832772204
slip,249.0,193.0,12048443,189.22504,184.56592,112.79761,182.01329,44.687916,185.6931,15.5,191.0,12048529,1536832772795,1536832773049
slip,102.0,194.0,12049319,142.75214,194.0,195.99991,195.42424,315.51816,196.16472,364.77618,193.19096,12049435,1536832773700,1536832773610
slip,83.0,186.0,12050749,137.23117,169.09528,220.47061,144.33383,305.23627,119.50305,348.0,110.0,12050855,1536832775121,1536832775075
slip,212.0,221.0,12077461,168.8229,221.0,124.83256,227.98935,67.913284,236.063,45.312523,239.61458,43.0,240.0,12077558,1536832801826,1536832801746
slip,313.0,175.0,12101364,296.0,175.0,277.61716,169.43208,255.20216,166.60031,233.36513,167.0,199.5,171.5,183.64339,174.2261,133.84525,185.54495,86.18199,192.0606,40.5,198.0,12101524,1536832825791,1536832825708
slip,292.0,134.0,12126595,254.77142,128.0,233.22272,129.97217,205.5244,135.62645,177.86885,145.45245,152.0,160.0,12126722,1536832850991,1536832850941
slip,119.0,184.0,12126968,147.42873,182.5857,185.21135,178.0845,270.202,165.32132,340.93338,152.7724,12127075,1536832851339,1536832851275
slip,146.0,162.0,12127707,190.2273,150.25757,266.9005,122.95391,330.0,101.5,12127793,1536832852058,1536832851976
slip,290.0,199.0,12147549,269.0,199.0,244.70105,199.0,220.39507,202.0,198.78555,203.08675,168.25172,204.0,148.02089,203.41003,112.08404,201.96477,53.0,193.0,12147697,1536832871962,1536832871904
slip,304.0,189.0,12163810,266.51236,190.6655,230.0,194.0,184.70045,198.91917,86.5,203.5,12163897,1536832888163,1536832888078
slip,252.0,179.0,12168567,186.60963,173.58438,124.73137,176.91756,64.741,183.65738,34.553864,195.37128,12168673,1536832892937,1536832892859
slip,320.0,182.0,12183227,283.59836,178.0,245.67499,179.47717,207.35406,184.07452,138.72914,195.34937,96.124756,199.27681,67.97468,201.38657,47.5,201.0,12183364,1536832907631,1536832907606
slip,318.0,144.0,12184050,276.4152,139.0,233.82988,141.29787,155.30154,153.24178,100.94794,160.70801,59.5,169.5,41.789177,173.84216,41.0,174.0,12184176,1536832908442,1536832908396
