slip,191.0,155.0,3553608,199.0,125.838905,200.22438,115.653755,201.0,110.174385,202.19637,106.60726,3553745,1536807610627,1536807610325
slip,245.0,156.0,3579474,174.59042,173.07446,58.85344,192.72133,3579529,1536807636413,1536807636088
slip,39.0,188.0,3580609,39.0,203.0,39.0,207.5,51.273857,218.31299,3580760,1536807637642,1536807637332
slip,274.0,207.0,3593513,240.15633,208.66124,194.68918,219.53078,95.5,251.5,3593567,1536807650452,1536807650155
slip,313.0,185.0,3601066,286.46014,185.0,246.09642,195.73868,156.07852,218.60782,94.5,241.0,3601142,1536807658027,1536807657748
slip,297.0,176.0,3602986,274.37936,183.98376,236.06209,197.97931,145.84406,241.74338,109.0,264.5,3603054,1536807659940,1536807659675
slip,50.0,227.0,3618248,74.0,232.0,105.16051,229.13991,172.16464,217.70001,267.16068,194.80327,327.0278,180.79364,3618375,1536807675257,1536807675007
slip,65.0,214.0,3619156,88.01209,186.99295,123.41624,175.38681,216.0021,155.11722,253.49664,152.3464,275.65405,149.79324,307.6304,153.23291,313.0,154.0,3619315,1536807676202,1536807675902
slip,179.0,167.0,3632264,168.0,181.0,167.03323,191.80058,165.75937,198.20313,166.0,201.5,173.0,203.0,3632416,1536807689298,1536807689017
slip,298.0,205.0,3635725,267.26752,205.0,263.0,205.0,3635768,1536807692660,1536807692391
slip,302.0,145.0,3636683,252.91924,154.24028,207.82796,160.4763,143.81393,175.04294,112.88727,177.04669,112.0,177.0,3636781,1536807693664,1536807693383
slip,287.0,196.0,3645178,229.88498,209.1675,113.23555,235.29272,53.227467,238.70172,34.0,237.5,3645254,1536807702139,1536807701841
slip,280.0,174.0,3649526,229.5,165.0,182.90825,170.60918,99.77358,190.45969,65.5,205.0,3649602,1536807706488,1536807706189
slip,311.0,174.0,3652004,284.1214,174.0,232.82521,187.26106,111.896225,224.34492,3652070,1536807708953,1536807708683
slip,306.0,155.0,3655999,265.39792,157.34306,183.44482,185.25467,166.0,192.0,3656066,1536807712953,1536807712651
slip,311.0,193.0,3657947,278.3198,179.85425,246.36206,184.92976,151.35242,223.57652,3658034,1536807714917,1536807714635
slip,60.0,167.0,3677406,84.0,161.0,128.64554,156.8504,223.5,148.5,293.23544,152.9325,342.9935,162.51486,3677543,1536807734427,1536807734131
slip,60.0,213.0,3678409,87.01348,208.99551,129.5689,203.08191,227.19743,186.12376,318.0,166.5,356.0,160.0,3678525,1536807735413,1536807735108
slip,330.0,179.0,3696220,292.15866,179.0,261.40082,183.42598,214.04184,196.3282,143.98166,227.95479,138.0,231.0,3696336,1536807753221,1536807752918
slip,288.0,195.0,3699624,254.86417,199.57047,218.78214,215.95973,124.13577,271.4351,3699690,1536807756573,1536807756296
slip,287.0,156.0,3705159,238.0278,166.85248,144.77232,206.1309,80.967255,244.24028,64.0,255.0,3705235,1536807762122,1536807761840
slip,298.0,156.0,3713065,272.68054,156.0,237.64003,158.72,173.91278,172.28667,88.711136,206.79721,62.5,221.5,3713152,1536807770040,1536807769755
slip,192.0,77.0,3718293,197.87492,114.749855,198.0,115.0,3718442,1536807775328,1536807775008
