slip,316.0,193.0,6016507,292.0,193.0,269.00775,193.0,237.68938,194.31554,202.31783,196.69838,165.729,198.33084,136.71307,194.9698,6016644,1536821105760,1536821105277
slip,287.0,216.0,6018601,240.76685,208.05083,212.28525,203.04755,180.21568,196.64314,152.5445,188.13335,6018706,1536821107822,1536821107343
slip,300.0,210.0,6020663,271.5671,215.58955,240.65408,217.8827,209.0672,217.0,179.77306,213.1747,156.05928,204.69301,129.22969,184.6914,6020791,1536821109906,1536821109451
slip,273.0,232.0,6029485,210.71837,227.93747,168.80508,221.60805,126.25266,212.41374,109.38213,205.64693,6029584,1536821118699,1536821118222
slip,283.0,222.0,6031646,261.0,226.0,224.99663,224.45424,192.55438,220.1386,165.16525,212.87924,139.5,203.0,131.0,202.0,6031763,1536821120881,1536821120408
slip,318.0,174.0,6044038,280.11505,174.9885,245.927,176.99438,201.04543,173.73636,128.43498,163.62286,88.447685,155.59302,84.0,155.0,6044166,1536821133286,1536821132815
slip,321.0,187.0,6044903,306.0,187.0,276.24,189.955,243.51967,189.50085,207.43341,185.95279,138.4362,173.9636,120.0,169.0,6045020,1536821134140,1536821133669
slip,316.0,189.0,6045512,290.21237,189.0,251.24236,185.96036,207.55823,178.54453,142.24203,154.40497,115.0,140.5,6045619,1536821134735,1536821134255
slip,93.0,179.0,6046164,118.352356,181.33809,149.61705,185.23792,202.4539,188.44539,270.82852,195.62006,308.1197,205.56462,313.0,207.0,6046281,1536821135401,1536821134943
slip,105.0,166.0,6047202,144.13538,173.63622,176.31538,174.86577,248.61646,189.83105,301.8549,207.93126,302.0,208.0,6047329,1536821136446,1536821136010
slip,281.0,257.0,6056807,281.0,238.46257,276.53467,231.41833,280.5885,221.69382,282.0,220.0,6056945,1536821146064,1536821145563
slip,290.0,171.0,6059648,257.06702,175.31099,221.26938,180.29263,184.70393,177.61732,151.35211,172.9571,75.0,145.5,6059754,1536821148872,1536821148383
slip,288.0,156.0,6066816,234.05823,166.77501,196.86122,171.3237,141.0129,174.34116,60.126514,168.87535,37.010006,163.66888,25.0,161.0,6066966,1536821156084,1536821155608
slip,310.0,152.0,6067618,290.59436,152.0,263.38422,154.93596,234.3216,154.4895,207.0309,152.94617,175.79703,149.22462,145.27509,141.78253,6067746,1536821156861,1536821156398
slip,96.0,188.0,6068344,145.78111,173.00429,245.9244,167.66147,328.5,177.0,308.0,192.0,6068472,1536821157596,1536821157096
slip,80.0,180.0,6072491,97.0,180.0,124.784225,176.80301,179.09952,167.13525,268.03284,159.19781,303.52176,159.0,348.0,172.5,6072607,1536821161725,1536821161234
slip,283.0,170.0,6073079,258.0,176.0,216.68056,179.67998,173.50163,182.62952,127.777405,184.0,80.5,184.0,64.31636,176.94026,63.0,176.0,6073206,1536821162326,1536821161863
slip,285.0,148.0,6074083,250.72546,148.0,217.59964,147.22998,187.39925,141.87985,134.5911,123.20222,134.0,123.0,6074189,1536821163305,1536821162826
slip,302.0,176.0,6076635,257.85654,176.0,225.03018,170.50755,192.4507,163.83711,147.66086,152.57874,6076743,1536821165858,1536821165383
slip,306.0,183.0,6077278,269.1048,183.0,237.49959,176.64279,205.27058,170.48184,160.886,160.4715,92.520004,134.74275,6077394,1536821166510,1536821166024
slip,299.0,158.0,6081348,238.76653,174.39548,203.30476,179.9492,158.40657,181.27432,123.22403,176.37067,103.9553,170.12978,93.5,164.5,6081486,1536821170603,1536821170104
slip,110.0,206.0,6081989,133.63686,199.15562,162.3157,194.38347,198.58823,189.80942,272.15112,196.49281,316.78384,203.46397,6082117,1536821171233,1536821170769
slip,110.0,201.0,6082587,148.6407,192.93205,215.08035,184.22253,291.22815,176.89766,324.60452,182.4186,336.5,183.5,6082714,1536821171832,1536821171344
slip,318.0,198.0,6083218,293.16504,198.0,271.11682,200.96106,241.60454,207.25372,203.11499,213.05707,169.36147,214.0,133.64711,209.58089,86.24436,197.33937,72.0,186.5,6083388,1536821172505,1536821172003
slip,316.0,141.0,6084202,277.87637,151.17287,256.2015,154.9597,229.25342,157.2792,202.90532,156.51634,173.79922,153.31102,150.0,149.5,6084339,1536821173455,1536821172967
slip,288.0,159.0,6105348,267.38953,159.0,246.5746,153.8582,215.66116,150.42374,178.98494,143.15096,108.14644,123.67182,6105435,1536821194551,1536821194063
slip,294.0,145.0,6108082,266.5673,138.9787,238.0,135.0,214.36378,128.59361,184.42532,120.20691,169.0,116.0,6108180,1536821197300,1536821196838
slip,283.0,113.0,6118438,250.92555,123.48838,232.77185,131.62842,211.10858,136.83388,189.41411,140.6286,165.0641,141.07452,154.0,139.0,6118567,1536821207683,1536821207203
slip,169.0,140.0,6119903,147.02446,158.9633,142.66464,166.67072,137.44633,173.55367,134.9244,179.30241,131.0,187.5132,131.0,190.0,6120062,1536821209181,1536821208709
slip,291.0,158.0,6126311,276.0,158.0,247.07701,152.24435,214.64905,150.53246,183.43214,150.0,157.6628,148.74585,124.97957,149.40816,95.62785,147.92778,6126449,1536821215565,1536821215075
slip,299.0,168.0,6127284,263.20523,168.0,235.29637,162.30455,202.51904,151.09784,152.5,122.0,6127380,1536821216497,1536821216020
