slip,299.0,180.0,2875874,255.4496,193.98622,210.17337,202.10803,153.56015,212.13254,115.482185,216.81673,102.5,217.5,2875972,1536806663274,1536806663011
slip,303.0,173.0,2885682,281.9333,178.01588,250.57132,188.88316,216.0368,201.03067,167.95374,217.26157,128.76897,220.0,2885780,1536806673079,1536806672801
slip,302.0,201.0,2892840,275.30356,210.28572,236.78758,220.18289,176.32204,233.9356,141.0,241.0,2892916,1536806680217,1536806679931
slip,79.0,207.0,2922812,93.0,207.0,128.44188,193.51938,197.24843,180.76688,277.61185,174.72537,340.0,181.0,2922927,1536806710228,1536806709969
slip,126.0,128.0,2923741,143.0,136.0,169.00008,140.76924,197.238,142.36191,229.63747,142.0,268.0,145.0,298.44998,149.56323,337.0,157.5,2923910,1536806711211,1536806710908
slip,276.0,164.0,2944379,217.0,180.5,130.70053,217.17734,126.0,219.0,2944434,1536806731739,1536806731764
slip,301.0,198.0,2960512,249.10841,211.28078,173.11668,225.10312,120.81863,242.86511,78.77676,262.63937,78.0,263.0,2960609,1536806747908,1536806747639
slip,294.0,188.0,2965341,226.60631,188.0,141.19464,198.68492,66.01758,209.6896,39.5,217.0,2965428,1536806752728,1536806752455
slip,331.0,179.0,2982054,315.0,179.0,295.8195,179.0,265.7266,185.25557,169.68114,209.10466,90.44272,228.88933,49.43203,253.10213,45.0,256.0,2982192,1536806769490,1536806769191
slip,81.0,225.0,2982491,117.57703,211.73717,154.36993,205.71965,230.83604,191.9293,293.68475,184.52252,330.528,175.9469,2982629,1536806769928,1536806769644
slip,83.0,208.0,2983347,125.23632,189.11102,161.89757,176.44168,232.39558,163.81447,287.72604,157.586,324.63373,156.79678,333.0,156.0,2983506,1536806770804,1536806770540
slip,293.0,173.0,3001198,260.80707,177.78761,218.15819,186.49115,166.54756,202.81747,127.80763,213.54198,118.0,218.0,3001285,1536806788586,1536806788299
slip,301.0,179.0,3019725,248.08444,190.81573,197.25204,202.9705,130.32614,221.7562,82.0,238.0,3019812,1536806807114,1536806806802
