slip,299.0,127.0,8049353,275.0,131.0,234.66667,141.16,151.69307,172.26328,130.96577,187.01956,102.61637,205.25575,8049458,1536825358821,1536825358344
slip,244.0,221.0,8057204,264.15604,205.52646,277.5,204.5,8057311,1536825366682,1536825366196
slip,283.0,201.0,8061069,236.70158,204.85968,201.2971,206.59578,170.54608,207.0,150.17473,204.7972,143.0,204.0,8061167,1536825370530,1536825370050
slip,310.0,195.0,8086595,279.81604,195.0,245.14674,189.64587,210.56464,188.07823,182.5592,187.0,163.10962,187.0,145.83797,185.7838,8086722,1536825396084,1536825395619
slip,320.0,167.0,8100826,289.9356,167.0,258.78055,174.30487,225.31581,176.0,192.27847,174.46393,173.0,173.5,8100931,1536825410297,1536825409794
slip,290.0,168.0,8110342,248.03154,176.41956,211.63467,184.47307,162.4313,195.30844,136.26624,200.63087,8110429,1536825419791,1536825419316
slip,192.0,160.0,8110846,242.29463,160.42894,277.91736,160.1233,318.5,163.0,8110952,1536825420318,1536825419839
slip,140.0,187.0,8111596,167.23502,182.05884,199.40996,177.17137,237.56653,172.71483,276.7927,167.51219,321.39914,163.9152,8111743,1536825421106,1536825420649
slip,275.0,183.0,8124127,251.20323,178.10161,227.37482,177.0,203.72218,170.14444,178.79877,166.96646,159.89362,166.0,148.5,164.5,8124253,1536825433619,1536825433120
slip,304.0,149.0,8125633,280.0,149.0,244.29356,151.79575,215.62027,155.92247,185.11752,159.30342,162.8516,161.09976,157.0,162.0,8125760,1536825435124,1536825434647
slip,293.0,169.0,8133732,276.0,169.0,243.8556,171.67255,214.9854,174.9429,191.2285,177.96953,168.30574,179.18373,159.49844,180.5387,147.43886,178.28777,146.0,178.0,8133869,1536825443233,1536825442748
slip,132.0,190.0,8134425,161.5691,183.3165,187.18228,179.02832,224.75294,177.20181,263.42825,174.2671,289.5,172.0,8134563,1536825443927,1536825443443
slip,316.0,168.0,8138144,281.39798,172.172,254.42917,176.76181,228.14793,180.3565,196.58801,181.0,174.04146,179.44041,162.0,176.0,8138282,1536825447647,1536825447150
slip,321.0,177.0,8146895,290.4622,177.0,267.81418,177.0,238.79225,178.16882,210.24413,174.49931,180.8048,170.40068,8147011,1536825456373,1536825455937
slip,308.0,133.0,8147579,272.94656,147.01335,243.68204,154.32948,213.53218,161.49356,179.08199,168.3836,157.88005,171.30286,136.13058,173.20496,121.18201,168.15709,118.0,167.0,8147738,1536825457104,1536825456608
