slip,297.0,177.0,11638800,244.6287,179.46593,191.64517,187.59116,115.718735,204.3603,67.57713,213.79152,11638884,1536832195152,1536832195047
slip,283.0,199.0,11659258,241.2231,185.03937,209.39607,182.0,166.6223,183.15634,98.06859,198.10869,49.298473,215.16264,11659375,1536832215641,1536832215568
slip,271.0,170.0,11683172,219.81314,161.28131,168.50253,160.0,91.42333,163.60158,44.334373,173.6467,14.5,188.5,11683287,1536832239556,1536832239455
slip,117.0,171.0,11683822,145.0,166.0,189.22641,157.15213,272.13635,141.98251,330.5,134.5,11683928,1536832240197,1536832240126
slip,73.0,173.0,11684593,135.6797,162.81519,234.13718,155.7976,324.5069,148.99945,11684690,1536832240957,1536832240870
slip,301.0,173.0,11707995,259.51117,170.82484,208.2553,177.24194,122.49704,197.26685,79.0,213.5,11708080,1536832264347,1536832264280
slip,317.0,179.0,11711452,297.6507,167.43379,287.72702,163.20772,270.10178,160.01697,251.89268,157.78928,236.4153,157.0,223.72751,158.81812,204.99806,162.33365,181.81842,167.96748,162.61295,170.19893,148.5764,172.25764,136.55173,172.0,129.9322,172.0,126.19055,172.0,127.0,170.5,125.0,171.0,125.0,169.5,125.0,169.0,11711820,1536832268086,1536832267998
slip,289.0,223.0,11732400,248.05573,220.58481,212.10384,220.22191,170.80104,220.60004,122.06395,220.0,66.74419,225.9736,50.558285,230.11043,11732537,1536832288804,1536832288745
slip,308.0,194.0,11774280,270.5617,187.4077,230.50388,183.86375,158.15005,182.24397,95.10183,179.35686,68.310745,182.07658,43.313488,185.38379,11774409,1536832330675,1536832330600
slip,212.0,178.0,11797372,184.88017,167.2934,166.0,164.0,144.87881,160.85051,116.055534,157.70555,84.08134,155.91658,41.692596,152.2308,11797509,1536832353779,1536832353715
