slip,319.0,195.0,15277416,290.43048,195.0,271.7831,198.0723,256.11865,201.34206,242.49521,203.0,226.74075,204.32593,204.30446,205.85597,165.92697,206.47154,150.5,207.5,98.37331,201.32127,104.0,202.0,15277616,1536891782364,1536891782840
slip,109.0,199.0,15278065,143.94681,206.0,168.16354,206.0,196.0215,203.2916,230.18011,202.14842,265.04343,200.66486,305.54803,198.20813,312.0,198.0,15278270,1536891783019,1536891783469
slip,304.0,214.0,15289476,282.0046,202.0023,264.5383,200.23666,233.20074,200.0,196.41415,200.98274,159.39847,202.00883,127.66592,206.05011,99.95252,208.78911,84.362686,212.44653,68.04681,215.16905,48.496964,218.53893,40.0,230.0,15289741,1536891794489,1536891794961
slip,318.0,193.0,15337997,294.0,186.0,219.96002,186.0,188.3122,187.4777,169.78229,192.07916,155.4317,196.01952,137.45134,201.2646,124.610115,205.89621,113.77055,210.2412,103.191765,213.35103,93.92785,215.62886,84.27063,218.90979,70.5,228.5,15338236,1536891842981,1536891843458
slip,141.0,172.0,15338533,163.06367,176.80637,184.55055,174.71559,210.19508,174.0,242.74976,174.0,273.5134,174.84152,312.9525,177.8762,327.5,184.5,15338727,1536891843472,1536891843920
slip,153.0,199.0,15339421,187.69836,199.0,214.33687,195.0,251.19249,196.21635,289.70697,197.49655,322.9492,198.0,15339599,1536891844345,1536891844810
slip,322.0,191.0,15351053,282.94983,185.0,242.2289,186.0,198.6717,186.0,154.58606,186.90764,137.1393,187.9907,117.5,191.0,106.28937,194.92766,95.83281,197.19063,86.25565,199.12405,76.5,202.0,15351280,1536891856027,1536891856480
slip,319.0,213.0,15362359,301.5236,201.5236,283.52496,200.87708,262.42084,201.0,232.86293,197.99315,198.5,195.0,172.74564,192.9841,147.76884,192.0699,126.87765,193.0,118.0,193.0,15362678,1536891867430,1536891867898
slip,128.0,200.0,15373289,152.83542,200.0,176.28807,193.63559,205.71092,190.49336,236.08023,187.37845,279.4849,184.35582,305.73553,182.46404,339.74033,187.28387,15373466,1536891878213,1536891878688
slip,135.0,206.0,15374229,162.81706,206.0,194.90863,196.61168,228.52243,188.68513,269.24527,183.25076,315.01114,175.86917,330.77313,176.7311,334.0,177.0,15374407,1536891879153,1536891879625
slip,302.0,218.0,15385358,267.30267,212.85965,233.87761,204.69063,180.3086,191.96742,142.77965,185.15593,127.0,183.5,104.93408,185.41318,93.508194,187.06148,82.81186,191.91289,73.83843,196.58078,66.0,199.0,15385541,1536891890287,1536891890782
slip,279.0,194.0,15387068,236.60205,191.52429,197.97491,186.92407,161.71297,182.37883,127.74242,179.70386,106.381485,178.71753,90.154465,178.0,79.0,176.5,15387197,1536891891945,1536891892401
slip,284.0,176.0,15387921,244.44742,172.24124,206.62997,168.19034,161.95097,162.99455,115.27081,157.22917,89.84688,155.57057,77.0,154.5,15388030,1536891892776,1536891893278
slip,288.0,196.0,15391374,248.09834,191.28903,215.30319,186.88602,179.52621,182.5469,141.93298,180.56186,120.355,181.96056,97.5,182.0,85.399284,182.0,71.5,179.0,15391524,1536891896272,1536891896770
slip,278.0,169.0,15392120,242.28479,166.60979,206.50104,162.86012,166.90532,159.27895,105.01136,153.05244,81.447,150.10336,65.01512,150.49811,47.009106,151.0,15392252,1536891896996,1536891897471
slip,281.0,192.0,15399343,257.0,186.0,217.06662,175.49599,148.40024,163.48367,113.172356,159.0,87.17284,158.0,63.41854,159.64537,47.108166,162.97836,48.0,163.0,15399484,1536891904231,1536891904695
