slip,311.0,202.0,6267400,297.0,202.0,276.5861,202.0,252.06836,199.69785,223.39023,203.07173,198.10817,202.13852,175.41891,199.05984,148.53935,192.92334,125.80772,182.90385,111.5,172.0,6267578,1536821438270,1536821437784
slip,305.0,205.0,6278363,266.10886,205.0,234.86818,205.0,205.88947,205.99387,175.8411,201.06345,155.68054,195.92014,128.96272,186.8692,110.71018,176.0883,97.38763,166.29071,6278531,1536821449221,1536821448713
slip,113.0,219.0,6300906,139.0,226.0,175.78932,229.0,213.30948,230.71611,264.71234,235.06285,300.61816,241.31348,6301022,1536821471711,1536821471235
slip,124.0,192.0,6301653,159.11188,192.0,190.69012,197.53827,233.5,204.0,284.8109,212.82828,316.18524,221.27368,326.0,229.5,6301801,1536821472493,1536821471998
slip,258.0,187.0,6311397,225.5387,185.33035,197.68044,181.8611,162.59761,180.2999,132.20506,177.76025,101.960785,173.83385,98.0,173.0,6311514,1536821482204,1536821481730
slip,171.0,200.0,6312038,192.7897,189.5187,201.4523,178.56679,6312135,1536821482827,1536821482348
slip,297.0,188.0,6322177,276.09534,188.0,257.76038,188.0,234.12175,188.0,212.08678,188.35094,191.83032,189.0,180.12549,189.0,164.4428,189.0,151.50952,183.50952,150.0,182.0,6322336,1536821493030,1536821492565
slip,316.0,177.0,6332423,294.0,181.0,269.926,185.60986,241.75829,187.40231,210.96506,188.91068,185.39355,189.0,154.79868,188.46309,124.16452,186.01495,124.0,186.0,6332561,1536821503251,1536821502782
slip,117.0,166.0,6332903,145.2696,164.24347,170.49431,162.0,205.24591,161.0,244.73178,162.9815,308.42346,169.8748,338.2741,179.74324,6333053,1536821503742,1536821503259
slip,110.0,187.0,6333663,152.37439,182.0,180.92447,182.03697,226.66402,185.79535,290.93253,197.74767,324.1451,207.13274,329.0,209.0,6333810,1536821504503,1536821504038
slip,280.0,161.0,6342873,260.0,161.0,226.56349,161.0,185.30841,162.0,144.28731,162.98975,80.69103,167.84634,55.77203,170.32523,6342999,1536821513688,1536821513215
slip,328.0,189.0,6352863,296.8162,183.32648,266.4255,185.0,232.24423,188.25052,191.16653,189.0,142.353,192.84828,126.0,195.0,6352989,1536821523681,1536821523220
