slip,317.0,177.0,16041509,294.85785,177.0,267.12372,182.3554,238.31525,184.26027,219.47801,185.42033,193.56847,187.3195,150.38876,190.0,119.875206,189.46712,95.042206,187.00528,75.11357,183.22272,69.0,182.0,16041683,1536892952744,1536892953207
slip,298.0,222.0,16049211,261.30286,213.18613,243.54831,211.5953,222.7418,211.0,191.15742,212.90355,155.5489,214.93546,119.624,215.0,94.36843,215.0,72.79562,212.96594,67.0,212.0,16049384,1536892960447,1536892960925
slip,114.0,169.0,16050004,170.50662,169.60368,217.21635,168.93283,311.82166,166.63643,330.0,167.0,16050153,1536892961210,1536892961683
slip,295.0,196.0,16052174,260.43604,196.0,238.83192,204.43361,216.04382,207.85088,196.90648,211.86053,172.78769,214.87737,134.22162,218.97537,44.0,213.0,16052385,1536892963443,1536892963890
slip,323.0,180.0,16056016,301.0,180.0,273.79333,180.0,242.6492,181.07109,210.88799,182.5556,182.39302,183.16916,150.84846,186.88687,130.57642,190.00842,87.98675,197.00179,48.20546,198.0,41.0,198.0,16056198,1536892967259,1536892967711
slip,81.0,160.0,16069392,96.0,160.0,111.08617,160.0,142.19334,159.26453,178.82158,157.13243,215.33377,157.0,276.58307,158.28622,324.6264,160.2164,16069595,1536892980652,1536892981109
slip,88.0,186.0,16070182,111.50795,186.0,149.60893,186.0,250.22871,183.48381,322.07257,185.73387,347.0,188.0,16070374,1536892981432,1536892981880
slip,302.0,172.0,16082014,258.74008,169.73413,229.32704,168.0,198.74168,166.72325,173.29181,168.68872,143.46677,175.45612,75.8573,188.82056,49.635277,193.22745,36.336876,197.77719,23.0,199.5,16082186,1536892993246,1536892993713
slip,306.0,193.0,16102136,264.0,183.5,229.01868,185.0,196.72789,184.84099,173.63832,181.95479,148.2324,179.60463,114.49362,175.793,85.864914,170.97748,65.73964,165.91321,63.0,165.0,16102311,1536893013369,1536893013908
slip,321.0,190.0,16113161,306.0,190.0,287.9317,190.0,265.2334,184.6381,238.51129,185.16742,213.64514,184.643,187.5,181.0,164.59724,173.6389,163.0,173.0,16113334,1536893024393,1536893024860
slip,140.0,145.0,16113590,166.19792,145.0,180.09804,139.6231,207.39078,137.21231,244.2724,131.2135,307.43588,123.900955,314.0,123.0,16113795,1536893024856,1536893025310
slip,139.0,208.0,16114467,178.33647,205.70616,221.08911,199.57391,298.63464,194.44293,332.13138,191.88686,16114626,1536893025683,1536893026150
slip,301.0,165.0,16127883,271.3457,161.0,246.39455,164.28331,213.46867,169.90627,187.01915,175.66241,158.25288,180.43678,101.63893,192.33047,60.206486,200.75484,36.904305,203.81276,28.0,206.0,16128086,1536893039148,1536893039617
slip,293.0,163.0,16138992,254.83412,164.52074,231.23898,165.3174,205.85226,168.67313,176.83914,171.1949,135.20602,175.22351,89.17166,178.0,65.32675,178.0,52.190247,175.76865,16139152,1536893050209,1536893050683
