slip,269.0,228.0,12967672,249.81444,217.32578,242.23853,217.0,236.50743,217.0,234.0,217.0,12967780,1536837804861,1536837804778
slip,276.0,170.0,12978821,258.0,170.0,228.47592,177.02867,65.147995,257.21497,12978899,1536837815981,1536837815885
slip,158.0,106.0,12985132,188.60281,166.58923,12985271,1536837822352,1536837822220
slip,215.0,149.0,12987002,215.0,132.0,215.0,122.308624,207.74738,116.89173,12987085,1536837824166,1536837824064
slip,292.0,158.0,12994927,270.4221,163.15016,150.50728,261.13553,12995017,1536837832103,1536837831996
slip,188.0,218.0,13004835,94.935074,236.84027,81.0,241.0,13004888,1536837841978,1536837841885
slip,132.0,122.0,13005433,161.3366,122.0,228.27061,122.0,393.0,167.0,13005507,1536837842589,1536837842491
slip,131.0,171.0,13005979,198.91475,156.92342,222.0,156.0,13006060,1536837843142,1536837843051
slip,64.0,141.0,13011415,222.22179,150.76718,378.0,169.5,13011507,1536837848595,1536837848510
slip,98.0,134.0,13011932,115.96087,134.0,129.30423,130.56526,237.08485,142.1808,395.0,168.5,13012030,1536837849115,1536837849004
slip,199.0,220.0,13012391,127.28992,242.08286,13012445,1536837849527,1536837849426
slip,255.0,175.0,13012916,241.0,185.0,147.49588,232.69421,42.0,271.0,13012999,1536837850084,1536837850027
slip,301.0,204.0,13015806,254.34329,224.52364,102.0,291.0,13015874,1536837852957,1536837852854
slip,140.0,178.0,13016346,176.84334,166.26231,240.17961,152.47006,13016428,1536837853511,1536837853402
slip,137.0,214.0,13017073,199.3305,198.77252,392.0,177.0,13017146,1536837854230,1536837854135
slip,160.0,202.0,13017766,175.0,192.0,213.06598,174.38358,362.9892,146.00197,13017849,1536837854932,1536837854849
slip,230.0,157.0,13018536,243.85983,141.04672,253.54704,139.63614,285.23056,140.0,287.0,140.0,13018644,1536837855729,1536837855612
slip,187.0,234.0,13019112,75.577286,246.36871,72.0,247.0,13019166,1536837856249,1536837856149
slip,254.0,179.0,13019936,171.8599,203.57866,12.092691,266.20782,13019999,1536837857080,1536837856974
slip,158.0,231.0,13022619,212.34196,209.04128,355.5,181.0,13022681,1536837859767,1536837859687
slip,162.0,179.0,13023322,200.15883,171.59521,339.27356,160.95491,13023405,1536837860486,1536837860417
slip,127.0,250.0,13024112,182.09131,198.18152,319.63565,149.48767,336.0,148.0,13024196,1536837861282,1536837861195
slip,179.0,195.0,13024893,203.0,174.0,304.5592,143.21068,313.0,141.0,13024967,1536837862052,1536837861953
slip,90.0,207.0,13025620,174.53685,188.57536,378.0,188.5,13025728,1536837862812,1536837862712
slip,292.0,226.0,13026903,256.0,221.0,95.970535,267.37897,82.0,272.0,13026965,1536837864047,1536837863962
slip,307.0,241.0,13027662,254.88899,241.81285,107.06587,286.34845,105.0,287.0,13027734,1536837864823,1536837864728
slip,145.0,190.0,13031251,181.57065,175.71063,327.16745,157.09036,328.0,157.0,13031314,1536837868401,1536837868322
slip,134.0,190.0,13031987,234.0466,178.93823,395.5,192.5,13032104,1536837869186,1536837869121
slip,219.0,201.0,13032510,116.4738,234.1991,-12.5,283.0,13032575,1536837869656,1536837869571
slip,287.0,225.0,13033292,268.0,212.0,232.2915,217.631,96.59505,270.63657,61.0,288.0,13033375,1536837870455,1536837870368
slip,92.0,212.0,13036609,151.08133,197.13507,333.0,172.0,343.0,174.0,13036677,1536837873760,1536837873689
slip,129.0,199.0,13037181,157.78658,175.13582,260.17456,132.93286,372.5,127.0,13037263,1536837874348,1536837874244
slip,112.0,177.0,13049608,142.0,163.0,276.67902,130.78821,304.0,126.0,13049670,1536837886754,1536837886694
slip,174.0,209.0,13050172,221.5367,176.59616,365.5,150.5,13050256,1536837887341,1536837887242
slip,243.0,211.0,13050600,18.391472,326.6963,13050653,1536837887738,1536837887632
slip,258.0,232.0,13051873,274.0,268.0,13051947,1536837889028,1536837888948
slip,236.0,103.0,13054992,122.60246,146.63853,15.0,201.0,13055055,1536837892144,1536837892071
slip,249.0,231.0,13055784,68.48318,269.5976,67.0,270.0,13055836,1536837892917,1536837892850
slip,288.0,171.0,13058486,267.31317,171.0,211.59277,202.24182,44.5,277.5,13058550,1536837895632,1536837895548
slip,156.0,142.0,13059106,187.0,142.0,257.5,152.5,13059170,1536837896253,1536837896144
slip,107.0,216.0,13059588,154.85313,205.92581,194.16248,206.6065,245.55382,214.33302,314.1216,232.82281,320.0,235.0,13059704,1536837896789,1536837896684
slip,231.0,165.0,13060290,59.45235,230.67363,13060323,1536837897403,1536837897313
slip,153.0,167.0,13062868,318.91196,131.87784,13062941,1536837900022,1536837899967
slip,250.0,221.0,13063315,25.424063,308.95984,13063369,1536837900450,1536837900334
slip,181.0,237.0,13068061,90.13175,249.86047,13068113,1536837905194,1536837905060
slip,301.0,204.0,13070155,244.57683,212.31525,51.411,275.0221,13070217,1536837907299,1536837907196
slip,195.0,103.0,13074546,208.0,134.0,13074620,1536837911701,1536837911587
slip,302.0,192.0,13075989,280.0,192.0,95.28995,244.88507,63.0,255.0,13076051,1536837913137,1536837913032
slip,233.0,202.0,13076651,127.35395,253.06398,22.5,299.0,13076714,1536837913803,1536837913713
slip,291.0,98.0,13077986,302.38034,131.32991,307.5,160.0,13078060,1536837915141,1536837915025
slip,284.0,194.0,13083084,144.83987,236.1497,49.0,286.0,13083145,1536837920228,1536837920131
slip,147.0,161.0,13083594,174.82764,149.78925,256.86136,138.938,13083670,1536837920750,1536837920671
slip,138.0,238.0,13084291,211.2124,197.40117,310.0,184.0,13084364,1536837921456,1536837921343
slip,129.0,80.0,13089258,160.25458,93.299194,13089332,1536837926415,1536837926324
slip,128.0,153.0,13094922,143.0,144.0,173.0,157.5,13094995,1536837932079,1536837931985
slip,123.0,265.0,13098822,166.0,278.0,13098884,1536837935966,1536837935887
slip,139.0,198.0,13099279,297.18738,172.93912,403.0,177.5,13099354,1536837936438,1536837936333
slip,119.0,196.0,13099767,84.0,219.0,13099793,1536837936875,1536837936778
slip,268.0,208.0,13100435,236.0,212.0,75.75397,276.1864,67.0,280.0,13100497,1536837937584,1536837937484
slip,266.0,147.0,13107818,240.0,143.0,152.26791,188.452,132.0,200.0,13107880,1536837944962,1536837944868
slip,105.0,194.0,13110960,54.900215,206.76775,47.0,211.0,13111012,1536837948103,1536837948010
slip,281.0,143.0,13112338,256.14584,133.79398,224.37793,140.17773,69.97684,221.59737,13112420,1536837949501,1536837949416
slip,283.0,193.0,13112956,255.0,193.0,149.10516,233.55794,39.282806,294.17535,13113031,1536837950112,1536837950043
