slip,272.0,238.0,7662067,228.26448,228.87318,137.18903,232.72661,37.81351,255.018227662138,1521874831555,1521874832255
slip,289.0,223.0,7669531,239.61835,207.05313,170.78763,197.05626,81.34497,208.6534,-6.5,264.57669618,1521874839036,1521874839728
slip,153.0,201.0,7676785,168.0,194.0,284.93085,168.44423,361.0,168.57676881,1521874846295,1521874846993
slip,162.0,224.0,7677372,188.0,219.0,296.68182,209.47124,359.86063,204.549187677458,1521874846872,1521874847578
slip,203.0,252.0,7685229,123.245834,276.89717685266,1521874854680,1521874855387
slip,293.0,228.0,7692634,276.98682,220.52718,246.48993,212.12776,202.39574,206.3773,73.45103,247.12521,53.0,259.07692720,1521874862140,1521874862843
slip,176.0,197.0,7700118,290.28488,193.52797700154,1521874869569,1521874870256
slip,78.0,186.0,7700623,115.24303,175.13026,239.7451,157.73314,331.88895,161.25186,345.0,163.07700720,1521874870137,1521874870808
slip,277.0,226.0,7707478,227.18166,203.94312,170.28632,192.87675,71.497635,216.50117,34.0,235.07707566,1521874876982,1521874877659
slip,268.0,187.0,7714782,199.03506,189.92607,45.460793,220.51308,17.0,230.07714837,1521874884253,1521874884932
