slip,279.0,206.0,15806936,247.5221,206.0,229.04953,202.82268,210.64554,202.0,183.43948,201.65471,158.68648,196.8955,139.82799,188.70132,123.51078,178.35362,123.0,178.0,15807077,1536892597329,1536892597780
slip,321.0,188.0,15817846,307.0,188.0,278.22003,178.77716,236.7039,169.42598,177.75339,156.03334,160.1564,150.7188,144.25227,146.0946,135.96098,143.99025,119.30499,143.0,93.62581,139.77097,62.66658,134.57405,57.0,133.0,15818058,1536892608311,1536892608768
slip,279.0,171.0,15827723,249.47606,171.0,220.97528,177.2037,192.63919,180.9248,163.4079,184.00969,135.57889,185.83733,98.92176,187.35736,55.25009,185.03127,55.0,185.0,15827853,1536892618115,1536892618590
slip,126.0,187.0,15828387,180.83493,182.60898,250.09084,181.0,356.067,178.42665,15828537,1536892618788,1536892619271
slip,93.0,165.0,15829115,161.06828,169.05011,297.91736,173.8816,344.63553,180.80112,351.0,181.0,15829263,1536892619521,1536892619972
slip,274.0,173.0,15838842,250.33655,173.0,223.71472,178.87073,192.92148,181.80785,163.18701,180.0,83.5,169.5,60.0,162.0,15838941,1536892629193,1536892629695
slip,313.0,181.0,15848673,297.0,173.0,284.7938,172.37938,266.59406,174.40099,245.22577,176.68204,229.03618,177.0,207.2923,175.51384,186.17111,175.01222,164.31332,172.0,127.41331,166.82753,60.0,159.5,15848865,1536892639119,1536892639570
slip,316.0,161.0,15859772,302.0,161.0,283.86102,157.0,257.28537,156.80449,225.95685,156.0,197.96968,157.0,172.51875,157.80452,136.21898,161.93228,94.94652,166.07024,61.848545,167.0,37.2057,163.90121,27.258833,166.4447,26.5,167.5,15860005,1536892650260,1536892650710
slip,129.0,208.0,15860400,162.05078,202.27042,211.64687,196.3641,268.10834,189.52061,321.85962,187.71,357.0,192.5,15860561,1536892650813,1536892651274
slip,85.0,161.0,15860999,144.86272,159.08124,236.3112,155.4217,319.66678,156.0145,15861159,1536892651411,1536892651875
slip,291.0,146.0,15870932,264.25916,138.98288,239.9977,137.69212,217.97594,137.0,195.76746,137.3527,175.16637,138.85558,144.20941,142.5415,111.09155,144.95451,69.89185,149.0,47.342968,151.56262,31.5,152.5,15871114,1536892661366,1536892661820
slip,299.0,155.0,15879040,275.18362,155.0,250.75107,157.40273,220.30739,157.06226,184.5,158.5,160.11966,158.0,137.25305,159.29668,112.382935,160.0,73.89698,161.36412,15.5,155.0,15879220,1536892669475,1536892669937
slip,296.0,173.0,15882215,280.0,173.0,267.4468,173.0,248.52731,173.0,222.22615,173.69258,196.54007,176.5575,170.84581,177.73079,111.93062,172.56584,46.391197,160.3972,42.0,159.0,15882393,1536892672645,1536892673118
