slip,298.0,195.0,14182260,266.34277,183.5857,227.91248,191.9237,113.35811,244.7687,40.0,283.5,14182356,1536839458548,1536839458461
slip,312.0,232.0,14191404,282.4467,227.0,238.86761,236.6269,122.4011,285.49234,52.962746,311.2863,14191503,1536839467692,1536839467607
slip,304.0,206.0,14201587,267.64914,199.55847,233.65758,211.13696,133.59573,268.721,118.0,279.0,14201684,1536839477876,1536839477769
slip,128.0,188.0,14202099,161.08177,171.21613,211.8862,166.69319,331.35654,166.70062,345.0,168.0,14202207,1536839478399,1536839478287
slip,130.0,182.0,14202698,166.0137,171.41016,236.02206,176.41978,385.0,193.5,14202807,1536839478996,1536839478886
slip,300.0,190.0,14216993,286.0,186.0,251.30316,190.70383,181.3758,223.58188,145.0,242.0,14217076,1536839493271,1536839493166
slip,281.0,204.0,14229002,235.21486,212.54443,142.39871,256.12906,77.5,291.0,14229076,1536839505269,1536839505176
slip,316.0,183.0,14240499,288.34705,180.16089,255.34982,180.33183,183.78001,207.63028,104.174934,256.37015,44.5,282.5,14240606,1536839516798,1536839516697
slip,130.0,164.0,14240946,159.07556,151.66351,204.99625,152.57875,360.47354,167.45819,14241030,1536839517222,1536839517154
slip,122.0,177.0,14241578,144.0,169.0,190.75461,177.5349,323.19403,211.7797,14241675,1536839517865,1536839517773
slip,299.0,201.0,14259912,265.21298,201.0,232.19695,203.10039,174.25243,215.1682,77.11632,248.70746,35.5,265.5,14260019,1536839536213,1536839536098
