slip,299.0,213.0,10910834,248.82704,207.54755,207.84608,210.0,159.40742,214.93889,115.697845,222.15576,89.18686,232.90657,61.7042,252.16098,10910972,1536831028976,1536831028983
slip,297.0,213.0,10930151,265.67545,214.04637,243.45636,217.07248,208.85057,224.21577,172.24701,235.58434,130.08043,246.97319,90.84345,256.38553,70.70071,265.14966,10930309,1536831048314,1536831048280
slip,112.0,221.0,10947702,142.65585,221.0,177.9302,214.61116,228.99918,205.93118,295.3371,198.33307,300.0,198.0,10947830,1536831065838,1536831065783
slip,299.0,210.0,10948366,255.46495,210.0,229.47038,217.69044,196.56819,225.5404,158.23468,236.92667,118.155716,250.63472,95.5,259.5,10948503,1536831066510,1536831066435
slip,294.0,190.0,10949135,276.0,190.0,248.57765,190.0,220.3086,192.67117,184.21864,199.53488,141.26411,212.02077,88.15794,232.40555,59.302082,252.46527,57.0,254.0,10949305,1536831067308,1536831067236
slip,155.0,197.0,10950118,189.44495,196.12413,218.56435,192.06535,259.33533,183.60202,328.8862,164.03224,329.0,164.0,10950234,1536831068239,1536831068185
slip,137.0,186.0,10950737,186.8091,177.22823,236.49802,168.41699,322.4119,151.5911,332.94592,147.82162,335.0,147.0,10950876,1536831068880,1536831068822
slip,305.0,213.0,10966037,283.0,213.0,264.7806,218.89679,236.26515,226.59302,203.89694,228.92314,164.61601,235.02144,118.90458,239.09128,90.123436,244.90211,85.0,246.0,10966216,1536831084220,1536831084150
slip,305.0,194.0,10980354,286.0,194.0,263.5193,198.41566,231.82613,204.23477,198.24884,209.80788,158.64122,215.11845,119.29259,221.67407,82.34863,231.59247,67.123474,239.17282,10980532,1536831098538,1536831098528
slip,147.0,180.0,10989867,162.0,173.0,188.012,166.45969,215.2181,166.67273,245.97455,166.99858,270.9782,165.61232,283.8133,165.69403,309.19147,165.0,313.0,165.0,10990011,1536831108019,1536831107946
slip,294.0,181.0,10990246,247.53438,173.54926,212.43307,174.96391,163.40182,181.01915,83.62442,196.87512,66.48182,207.34546,64.0,209.0,10990374,1536831108384,1536831108337
slip,306.0,195.0,10990948,277.77963,195.0,248.84776,195.40761,214.91791,196.9601,179.54625,201.49397,158.0,207.5,10991047,1536831109054,1536831108983
slip,318.0,194.0,10997801,297.00592,194.0,279.70065,190.0,251.30446,191.86955,214.95248,194.04381,186.05057,195.84747,152.5721,197.38309,118.351295,201.49792,114.0,202.0,10997961,1536831115969,1536831115909
slip,142.0,188.0,10998195,178.34737,182.24474,218.40437,174.65652,290.8837,162.63681,350.5,154.5,10998312,1536831116316,1536831116237
slip,130.0,198.0,10998891,175.75246,186.07817,232.98491,171.34428,313.65936,153.3587,333.0,152.0,10999017,1536831117024,1536831116971
slip,303.0,198.0,11014555,281.0,193.0,254.78613,191.05241,227.16235,190.67566,197.57251,189.8844,169.40135,193.23624,123.23822,197.31064,73.55647,205.27603,11014724,1536831132729,1536831132661
slip,316.0,185.0,11023648,293.21362,185.0,277.5758,185.0,257.76474,189.0,231.76321,189.67982,207.30261,190.98407,176.11401,191.58572,146.5889,190.92574,102.26128,192.62111,73.89408,194.16199,11023840,1536831141844,1536831141768
slip,301.0,183.0,11035252,263.78308,183.0,234.75912,185.21466,199.16837,190.06795,162.16171,194.70522,96.303154,203.30829,11035367,1536831153373,1536831153285
