slip,154.0,179.0,7122163,134.70193,191.74516,129.83896,201.32208,129.0,212.29572,7122263,1536823862750,1536823862278
slip,286.0,202.0,7135400,261.5934,202.0,219.68661,202.86163,122.93948,227.13544,71.577835,249.33952,61.03656,264.92688,59.0,269.0,7135498,1536823875985,1536823875509
slip,306.0,169.0,7143907,272.0,169.0,192.30917,185.90312,112.48953,222.03844,72.9667,256.03198,7144004,1536823884491,1536823884021
slip,298.0,163.0,7145507,266.59082,169.75671,230.13388,180.46095,132.67262,224.54732,92.290726,251.58044,81.0,257.0,7145594,1536823886083,1536823885593
slip,327.0,180.0,7148085,304.0,174.0,258.49203,175.60771,193.36996,188.77786,117.98213,218.7109,72.5,251.0,7148190,1536823888678,1536823888202
slip,308.0,167.0,7150829,280.0,167.0,231.53333,175.28627,129.69571,208.96147,83.58174,235.51721,60.0,259.0,7150936,1536823891425,1536823890950
slip,308.0,189.0,7151467,286.39618,189.0,263.3046,193.76077,228.13046,201.3739,184.638,215.03445,124.363884,236.28526,97.66437,252.16782,94.0,254.0,7151588,1536823892076,1536823891587
slip,291.0,179.0,7161321,110.0,257.0,7161427,1536823902756,1536823902243
slip,322.0,171.0,7161812,76.0,272.0,7161992,1536823902808,1536823902287
slip,150.0,197.0,7162474,330.0,191.0,7162592,1536823904854,1536823904362
slip,313.0,185.0,7162944,293.0,185.0,25.0,211.0,7163115,1536823904880,1536823904382
slip,306.0,196.0,7163393,56.0,266.0,7163553,1536823904906,1536823904411
slip,293.0,174.0,7163927,66.0,251.0,7164088,1536823904937,1536823904443
slip,293.0,178.0,7164458,60.0,244.0,7164590,1536823905576,1536823905081
slip,298.0,272.0,7165060,272.89957,280.77512,249.2055,283.92465,217.43225,291.10324,183.32742,296.94543,138.0,304.5,102.804184,311.23917,81.5,314.0,7165231,1536823905722,1536823905239
slip,149.0,235.0,7165830,170.86427,227.18164,185.98225,226.0,215.5093,225.5686,245.42325,227.0749,269.07364,230.6049,296.5283,232.13307,317.7476,232.37517,323.0,232.0,7166009,1536823906497,1536823906023
slip,119.0,174.0,7166459,162.90375,163.58908,209.99309,165.79263,278.1311,176.76639,300.4018,180.48036,323.17316,185.43109,338.67966,188.89322,339.0,189.0,7166631,1536823907119,1536823906647
slip,282.0,190.0,7167294,246.42186,190.0,217.53125,189.83882,188.44795,198.18402,156.12933,211.05081,129.07828,228.41994,122.0,233.0,7167421,1536823907911,1536823907430
slip,199.0,218.0,7168694,235.73373,220.18344,261.55792,225.47961,287.00906,230.44646,313.69586,235.69298,329.5,241.0,7168886,1536823909375,1536823908943
slip,136.0,205.0,7169505,150.0,205.0,163.27843,202.88863,190.57002,199.67235,218.94617,200.64731,254.06253,202.16927,284.79004,203.65666,312.59372,204.0,331.3207,202.48715,334.0,202.0,7169699,1536823910186,1536823909723
slip,290.0,152.0,7176822,258.39716,152.0,213.42084,158.92986,112.00386,195.2257,73.403465,218.73102,56.5,230.0,7176908,1536823917398,1536823916923
slip,270.0,153.0,7185661,225.99638,153.0,193.2849,160.01321,156.2089,173.6574,115.67792,196.8814,114.0,198.0,7185766,1536823926256,1536823925784
slip,315.0,149.0,7188107,263.18216,146.4941,223.26407,154.60799,149.48848,175.69086,125.53965,196.64023,103.83184,211.1121,7188223,1536823928715,1536823928233
slip,252.0,133.0,7197366,209.41347,149.03462,150.50737,172.38445,121.16012,185.77225,108.70767,197.48207,107.0,199.0,7197455,1536823937946,1536823937483
slip,144.0,160.0,7198322,217.44273,141.2369,302.30142,127.48121,320.0,128.0,7198448,1536823938938,1536823938471
slip,171.0,189.0,7198812,210.14404,183.93271,246.34344,181.74289,281.2723,180.91583,313.10754,177.15117,318.0,176.0,7198950,1536823939442,1536823938962
slip,286.0,164.0,7209251,236.78287,164.0,191.51367,171.32523,107.90567,190.02316,75.77917,201.82765,71.0,204.0,7209356,1536823949846,1536823949365
slip,319.0,150.0,7210853,265.90485,156.7954,224.64874,164.06056,148.26007,180.12271,108.09477,189.36275,85.5,197.0,7210970,1536823951456,1536823950984
slip,243.0,148.0,7219733,215.0,153.0,175.55522,164.58234,138.2676,174.75629,7219804,1536823960292,1536823959826
slip,304.0,151.0,7222853,260.8958,159.36806,214.97594,171.32916,153.77106,188.60136,116.67748,202.69142,97.47987,207.91768,86.95987,208.88002,86.0,209.0,7222990,1536823963478,1536823963033
slip,173.0,48.0,7229338,173.0,66.47326,188.19283,77.47355,191.0,80.0,7229454,1536823969941,1536823969486
