slip,297.0,193.0,16294803,258.40436,168.35245,231.61081,156.53694,203.88626,150.1477,177.76979,147.03174,155.43687,151.91809,111.11511,166.48878,67.07132,182.97147,45.44238,188.51921,27.910225,193.75175,27.0,194.0,16294997,1536893334376,1536893334847
slip,318.0,178.0,16300894,295.2233,178.0,277.70483,178.0,251.0813,180.98839,221.48346,183.00174,192.75697,184.80179,154.44427,186.39816,126.50798,187.86067,99.02413,188.0,59.044212,195.30089,31.563503,199.47884,22.5,202.5,16301127,1536893340508,1536893340966
slip,292.0,155.0,16304662,242.9258,152.57114,207.8182,153.0,174.38454,151.56923,147.3995,152.0,114.5,152.0,74.969284,155.77278,48.9419,159.07442,29.914873,163.02129,16304823,1536893344200,1536893344692
slip,313.0,164.0,16307737,295.0,170.0,272.98547,176.17818,243.41454,181.75484,215.31651,184.90253,182.15521,189.69211,143.22046,190.32666,84.23699,194.0,63.85048,194.0,38.50628,192.33417,27.0,190.5,21.0,191.0,16307942,1536893347325,1536893347768
slip,307.0,150.0,16309770,285.1704,156.82957,266.8585,157.86792,241.06989,160.93295,209.53221,163.02463,180.45792,163.55484,136.49832,164.0,82.17917,166.63939,53.93593,169.43773,40.80224,173.83008,24.120756,181.43962,18.0,190.5,16310055,1536893349435,1536893349897
slip,80.0,225.0,16312759,123.54188,205.90503,160.4902,196.14787,223.44583,184.93631,273.73672,178.95007,314.70135,174.63835,332.091,175.8182,338.0,177.0,16312953,1536893352338,1536893352790
slip,305.0,160.0,16313294,288.75812,160.0,262.90863,163.4451,232.33362,166.1212,197.35434,166.3481,161.23842,166.0,121.877846,164.26453,90.85902,162.65883,53.54646,164.0,34.3905,166.70915,23.676092,174.91826,23.0,176.0,16313539,1536893352922,1536893353390
slip,329.0,177.0,16314416,312.0,177.0,291.2888,177.0,260.17053,177.39148,225.26242,176.02281,189.1701,178.8664,164.7854,179.68494,127.33135,182.51744,80.336494,185.92139,52.172905,182.83458,32.319946,178.63998,16314620,1536893353997,1536893354451
slip,118.0,176.0,16346714,163.7718,173.06847,198.82463,166.45363,233.76697,165.30138,270.5384,165.0,311.46655,170.24544,332.5449,174.8483,336.0,176.0,16346960,1536893386341,1536893386799
slip,318.0,170.0,16347888,294.0,178.0,256.34143,186.2736,219.9199,193.8917,163.0557,197.509,110.5,198.0,96.9998,197.0,68.0,197.0,47.196114,194.07974,29.743492,189.40381,26.0,188.0,16348122,1536893387501,1536893387953
slip,295.0,148.0,16352078,268.51865,148.0,251.56909,148.0,226.06122,154.86353,196.13771,159.11247,161.0,162.0,107.77122,165.01144,65.376015,167.0,38.278313,167.0,21.0,165.5,16352290,1536893391670,1536893392128
slip,301.0,181.0,16361741,264.35245,182.36476,227.30055,185.47496,190.12872,190.28197,146.99957,196.5239,120.658195,200.66772,100.34468,202.47128,81.792,208.488,62.0,212.0,56.0,215.5,16361903,1536893401284,1536893401799
slip,297.0,149.0,16363621,262.60422,161.25594,239.66284,170.75734,209.90825,177.61835,174.48633,184.47879,132.74208,185.3017,90.18662,185.20746,56.013546,180.65204,54.5,173.0,16363772,1536893403152,1536893403603
slip,169.0,181.0,16368600,28.0,142.0,16368856,1536893408727,1536893409251
slip,297.0,193.0,16369391,50.0,186.0,16369615,1536893409130,1536893409569
slip,315.0,176.0,16374154,27.0,177.0,16374421,1536893414291,1536893414789
slip,297.0,186.0,16375628,260.0243,180.14633,230.47748,176.73447,192.96841,172.1502,144.90302,168.0,111.71121,168.0,86.943405,170.47725,60.08165,171.8699,40.170654,173.27353,27.5,170.0,16375863,1536893415247,1536893415720
slip,79.0,188.0,16382359,98.180145,188.0,109.56087,188.0,131.4744,181.60341,153.89282,179.8817,179.53601,177.60712,219.20555,173.46933,258.7716,170.3844,291.7291,170.0,317.5511,168.84056,334.5,170.5,16382614,1536893421995,1536893422459
slip,67.0,148.0,16383545,92.63712,148.0,111.19651,145.7607,135.20183,143.65546,162.90106,141.23322,193.29935,142.41496,230.91197,142.0,275.69006,149.38087,308.21075,156.04582,327.53482,160.21393,332.0,162.0,16383789,1536893423167,1536893423620
slip,293.0,174.0,16390323,264.61087,174.0,231.79738,174.0,186.98111,173.0633,145.52847,174.49895,104.29138,171.18448,79.41165,171.39821,57.995445,173.78604,41.00044,176.54538,30.114946,183.82503,21.131725,191.86827,16390497,1536893429875,1536893430360
slip,47.0,130.0,16390989,70.179306,135.09961,86.49451,133.2705,111.17285,130.8722,149.6228,123.73652,230.24052,114.501,290.7324,112.438324,330.0,116.0,16391202,1536893430579,1536893431116
slip,308.0,182.0,16407417,288.91223,189.15791,266.94296,193.21521,237.99489,199.77892,207.08223,204.60338,175.45609,207.75732,144.92699,210.2396,119.04637,211.76198,93.89972,212.0,70.760925,208.37733,45.83455,202.20863,30.01558,200.11284,23.0,201.5,16407630,1536893447010,1536893447456
slip,310.0,162.0,16411677,287.99283,162.0,255.80954,163.73242,218.1538,164.0,184.54176,165.85983,150.47171,167.52641,110.262085,171.07379,62.464703,172.5877,38.11134,169.76392,22.0,165.5,16411838,1536893451220,1536893451679
slip,300.0,177.0,16421336,282.0,181.0,263.3185,181.0,246.79617,178.23567,225.09142,179.0,197.0,183.5,160.39317,184.56511,131.14085,183.84952,104.445045,182.52295,79.260345,180.8478,54.596222,173.14905,31.081799,163.17151,16421591,1536893460970,1536893461409
slip,118.0,75.0,16428161,140.05363,58.98659,150.5,51.5,16428339,1536893467731,1536893468200
