slip,306.0,201.0,7860786,258.3093,202.28178,162.18274,225.62605,99.547905,245.88469,42.5,262.57860873,1521875083239,1521875083914
slip,154.0,217.0,7861281,216.85753,211.79115,261.32443,212.0,329.0,213.57861386,1521875083754,1521875084423
slip,301.0,175.0,7865881,269.35812,175.0,177.3973,198.16367,77.68849,227.49345,32.5,250.57865957,1521875088324,1521875089008
slip,302.0,172.0,7873316,196.20068,206.42474,133.51257,226.40565,80.54123,248.40298,67.0,255.07873392,1521875095762,1521875096436
slip,78.0,222.0,7881052,93.0,222.0,139.42093,212.78404,214.85205,207.3907,291.1792,204.90901,349.70447,202.214787881167,1521875103535,1521875104210
slip,183.0,210.0,7881693,233.63544,202.5723,298.72366,198.70117,350.5,196.07881789,1521875104155,1521875104908
slip,191.0,201.0,7889233,219.55263,201.0,264.08215,201.0,318.0,202.57889319,1521875111688,1521875112365
slip,298.0,223.0,7889562,267.0,216.0,213.31346,214.64018,112.102325,224.50246,54.171135,247.339,42.0,253.07889661,1521875112028,1521875112799
slip,275.0,198.0,7891495,217.0,213.0,140.51076,240.54153,131.0,244.07891549,1521875113919,1521875114575
slip,274.0,208.0,7898106,233.0,199.5,180.81767,202.11824,59.912148,230.8822,21.29365,240.232687898193,1521875120557,1521875121265
slip,154.0,205.0,7903364,179.0,205.0,228.85104,199.63475,320.49612,200.07903462,1521875125826,1521875126522
slip,274.0,206.0,7903755,245.89076,206.0,206.02496,204.54517,98.1735,228.47453,58.93928,242.74898,55.0,245.07903843,1521875126209,1521875126908
slip,298.0,228.0,7904219,283.0,219.0,249.16997,211.65842,210.63138,209.56798,84.57437,251.8511,42.0,265.07904324,1521875126690,1521875127334
slip,200.0,186.0,7907113,242.72417,186.0,283.3069,184.95332,322.26035,190.28905,327.0,191.07907219,1521875129587,1521875130335
slip,129.0,226.0,7907657,195.78358,213.23674,283.52628,213.0,333.5,216.07907763,1521875130129,1521875130803
slip,250.0,206.0,7915121,204.52782,199.45277,68.30587,244.74733,57.0,249.07915176,1521875137545,1521875138218
slip,277.0,212.0,7922341,214.00333,222.05638,64.40466,278.52222,56.0,282.07922396,1521875144766,1521875145438
slip,149.0,207.0,7924887,175.2005,207.0,215.92537,206.00249,301.17664,214.07123,367.0,221.07924984,1521875147351,1521875148036
slip,293.0,221.0,7925195,268.0,210.0,223.87949,202.23036,143.95433,217.72165,48.70595,260.56442,48.0,261.07925294,1521875147659,1521875148353
slip,286.0,253.0,7925773,258.5894,232.00967,231.8416,223.43199,195.28535,223.19052,66.8731,264.8621,62.501778,268.09894,61.0,269.07925901,1521875148268,1521875148961
