slip,300.0,209.0,2052359,267.2666,209.0,236.61058,209.0,201.76305,212.46843,154.36859,220.73389,86.31889,235.8937,36.5,250.5,2052488,1536805362185,1536805361911
slip,301.0,192.0,2065770,277.7092,192.0,260.27914,192.26474,238.61794,194.0,214.4963,194.0,195.03288,193.17215,172.80229,195.67232,151.51663,196.45695,125.154816,200.96904,89.0,211.5,2065940,1536805375638,1536805375378
slip,323.0,197.0,2081788,288.38983,189.42372,254.90535,189.3498,204.11931,192.11754,115.68638,205.66272,55.829857,217.83026,23.5,225.5,2081935,1536805391636,1536805391339
slip,290.0,193.0,2083792,257.74576,193.0,211.65387,195.18846,144.88878,197.50618,65.255554,204.45442,22.908619,211.34856,2083893,1536805393590,1536805393317
slip,302.0,214.0,2085578,256.84445,209.10246,223.5,207.5,181.65123,206.0,105.72009,209.65735,65.81314,213.8565,15.5,217.0,2085709,1536805395406,1536805395109
slip,72.0,214.0,2086863,101.34132,209.0,127.06631,213.22449,182.90137,221.35019,259.33273,236.35208,307.87012,239.33952,315.0,239.0,2087011,1536805396711,1536805396422
slip,71.0,229.0,2087547,109.695076,221.52177,135.64876,221.0,181.19217,226.14763,266.5994,236.44376,301.95633,235.8306,314.0,235.0,2087684,1536805397385,1536805397094
slip,276.0,194.0,2100088,234.79578,197.86737,180.0,204.0,65.50333,220.44385,12.5,238.0,2100166,1536805409863,1536805409554
slip,287.0,210.0,2118114,252.5505,210.0,211.56277,211.72849,123.20131,221.31096,57.769165,236.30583,44.0,240.0,2118200,1536805427901,1536805427611
slip,123.0,178.0,2152994,165.5,166.0,202.02888,163.30547,259.87726,159.52951,308.10916,159.95546,345.0,160.0,2153163,1536805462862,1536805462581
slip,298.0,211.0,2153898,260.98013,214.00351,218.5757,216.92581,156.60051,229.2382,88.28484,245.92879,60.225063,252.94374,60.0,253.0,2154007,1536805463704,1536805463438
slip,106.0,195.0,2170003,137.70667,191.0,164.9508,194.99509,190.42726,196.0,220.87383,198.98738,257.68863,198.0,315.3601,198.25647,336.5,199.5,2170197,1536805479898,1536805479608
slip,281.0,186.0,2171007,246.95448,181.77989,195.93764,182.67737,85.987976,190.00085,61.0,198.0,2171083,1536805480780,1536805480489
slip,308.0,186.0,2171477,267.78488,175.77217,224.27028,172.27568,181.07059,172.0,98.00496,182.199,34.135174,203.13889,2171596,1536805481293,1536805481024
