slip,292.0,168.0,9395868,271.87207,168.0,254.14893,166.50735,224.55022,164.0,192.38773,164.0,165.92175,161.20229,132.81856,158.35233,106.27212,155.03401,9396037,1536828029996,1536828029487
slip,296.0,178.0,9406538,247.12317,175.0,219.56955,176.2018,189.89203,178.0,164.29742,179.55324,143.5,182.0,9406677,1536828040635,1536828040132
slip,275.0,174.0,9416261,238.31845,168.0,217.23537,168.0,189.19296,168.65594,164.80347,169.0,142.46126,169.68134,117.134224,168.42786,112.0,168.0,9416430,1536828050388,1536828049895
slip,202.0,154.0,9416857,232.20891,154.0,263.12317,156.39384,301.73132,154.60312,324.5,155.0,9416975,1536828050934,1536828050458
slip,190.0,148.0,9417210,224.42358,148.0,259.3352,146.3054,292.5847,144.57077,314.0,143.5,9417349,1536828051308,1536828050803
slip,265.0,137.0,9426901,233.51775,137.0,212.71463,133.0,188.03302,133.43544,161.90266,134.89986,139.59468,137.91504,9427027,1536828060985,1536828060497
slip,296.0,147.0,9436281,277.0,147.0,251.79222,152.6277,223.0719,156.4964,195.43286,159.77376,170.25859,164.97127,141.03252,168.66234,9436428,1536828070384,1536828069917
slip,298.0,188.0,9446622,268.94525,185.5854,241.92773,182.89093,216.518,180.26576,187.01566,180.0,169.30107,177.38351,144.5,174.0,9446759,1536828080718,1536828080203
slip,209.0,156.0,9447101,249.46898,153.38275,282.41446,145.58762,318.0,133.0,9447208,1536828081165,1536828080704
slip,177.0,153.0,9447400,208.25154,153.0,243.89333,147.34047,291.37354,139.71176,346.0,132.0,9447517,1536828081476,1536828080988
slip,299.0,162.0,9456502,269.21533,163.55693,242.98096,165.0,214.2477,165.34709,185.91055,163.61942,165.2645,165.2843,154.18701,164.38063,150.0,164.0,9456641,1536828090596,1536828090094
slip,301.0,161.0,9466278,276.56516,161.0,253.38829,159.0,226.19019,159.0,198.09566,161.65756,180.65205,161.8232,178.0,162.0,9466417,1536828100373,1536828099883
slip,297.0,185.0,9472048,275.90253,185.0,265.86783,177.28928,256.4857,177.0,251.15547,177.0,248.84552,177.0,245.17632,177.0,242.5,177.0,9472251,1536828106207,1536828105704
