slip,308.0,232.0,6661503,268.73624,233.1411,218.45251,240.77957,107.92641,264.34454,51.266304,273.756386661608,1521872717294,1521872718457
slip,214.0,200.0,6662186,231.0,193.0,282.86194,188.52844,332.43338,181.284946662284,1521872717969,1521872719137
slip,148.0,227.0,6663191,198.50699,214.18663,279.02612,203.62173,334.5,198.06663296,1521872718981,1521872720130
slip,252.0,208.0,6675886,202.54797,216.46465,158.34554,229.83469,79.476105,261.8157,79.0,262.06675952,1521872731639,1521872732793
slip,272.0,235.0,6678011,197.00145,252.45618,114.09239,276.90564,97.5,280.56678077,1521872733765,1521872734912
slip,312.0,228.0,6685095,287.0,222.0,249.31789,222.0,201.22491,226.74518,126.428566,245.07408,79.891685,260.443486685211,1521872740898,1521872742048
slip,201.0,226.0,6698317,272.3563,197.74937,362.47998,173.382646698422,1521872754108,1521872755262
slip,122.0,238.0,6698999,166.68152,208.983986699106,1521872754792,1521872755954
slip,311.0,216.0,6708677,281.0,223.0,228.22223,235.94637,143.42827,256.24146,99.934525,268.7168,99.0,269.06708793,1521872764479,1521872765635
slip,104.0,293.0,6723211,70.0,282.06723371,1521872779215,1521872780311
