slip,308.0,223.0,2486791,294.0,223.0,268.47855,212.27722,235.93651,211.0,199.45085,211.0,134.06216,218.79234,70.93102,226.49321,2486919,1536806052811,1536806052564
slip,93.0,197.0,2487786,86.0,183.0,81.0,172.65916,81.0,166.40237,88.50996,160.78145,2487891,1536806053783,1536806053478
slip,305.0,189.0,2507560,287.67035,189.0,253.52544,188.38983,208.89587,186.82399,117.92064,183.34795,70.55714,187.11072,47.54265,193.98294,25.0,203.0,2507677,1536806073580,1536806073310
slip,276.0,190.0,2527626,208.81084,191.00995,91.609726,195.043,18.0,207.0,2527692,1536806093594,1536806093296
slip,112.0,173.0,2528024,164.43375,173.0,259.85083,181.49123,332.96637,191.27124,347.0,194.0,2528162,1536806094055,1536806093770
slip,125.0,186.0,2528945,172.64952,185.063,219.89128,183.06024,295.87314,181.68732,329.7893,185.18835,2529093,1536806094985,1536806094814
slip,298.0,189.0,2549147,247.05702,191.17664,207.02063,192.0,160.5101,193.22379,78.86258,197.68332,49.80806,202.89827,2549253,1536806115150,1536806114888
slip,289.0,151.0,2576930,262.1094,151.0,225.98631,153.69336,185.58932,156.81505,136.33047,158.0,87.530785,156.20175,84.0,156.0,2577028,1536806142921,1536806142649
slip,114.0,172.0,2659181,150.37984,168.0,175.89667,174.03452,206.46211,180.29242,237.843,186.40614,272.541,191.363,311.6726,184.90392,2659359,1536806225252,1536806224985
slip,109.0,180.0,2660014,139.59767,171.78697,178.60132,173.52602,244.20593,180.29851,313.13876,189.73206,343.14197,192.30247,2660163,1536806226056,1536806225761
slip,293.0,190.0,2675355,253.77731,190.0,146.96399,218.78418,87.62016,240.06264,60.5,259.0,2675433,1536806241328,1536806241050
slip,293.0,201.0,2688748,263.51895,201.0,208.604,205.81349,75.61844,246.54674,60.0,256.0,2688821,1536806254717,1536806254438
