slip,227.0,213.0,18044910,194.72717,215.54547,154.42004,224.59427,89.51832,245.15729,55.5,270.5,18045007,1536907478626,1536907479043
slip,215.0,210.0,18053650,197.0,210.0,158.1041,223.7881,67.97894,263.80643,60.62526,277.74948,56.5,286.0,18053747,1536907487364,1536907487778
slip,133.0,179.0,18063190,161.58827,179.0,206.10962,177.03484,302.71484,183.94887,369.5,199.5,18063306,1536907496923,1536907497367
slip,112.0,211.0,18063489,155.96896,192.8385,201.43985,187.77127,276.44742,179.41792,325.1722,179.0,349.5,185.0,18063648,1536907497265,1536907497735
slip,171.0,187.0,18072197,123.62275,195.61404,89.69362,207.67178,38.69804,230.13725,18072284,1536907505897,1536907506328
slip,214.0,168.0,18082048,192.19969,170.92511,161.21411,179.42522,126.24729,192.3815,70.02306,216.62402,18082145,1536907515759,1536907516178
slip,169.0,185.0,18091117,187.0,175.0,249.02167,172.21898,258.0,172.0,18091215,1536907524833,1536907525242
slip,136.0,170.0,18098800,152.0,162.0,206.27284,159.13506,303.99567,157.63617,367.0,160.5,18098916,1536907532531,1536907532957
slip,150.0,194.0,18099236,198.94072,188.04414,280.72357,199.65834,359.0,215.5,18099335,1536907532950,1536907533360
slip,180.0,211.0,18099781,217.1001,202.16086,262.75995,197.55376,393.0,192.0,18099880,1536907533495,1536907533917
slip,166.0,178.0,18100231,265.3747,176.14551,341.98407,182.45273,18100329,1536907533943,1536907534360
slip,126.0,191.0,18100529,140.0,186.0,257.98962,180.28848,366.49716,180.46869,18100636,1536907534250,1536907534657
slip,87.0,245.0,18100786,113.15822,225.58739,246.85394,205.2432,333.5,191.0,18100892,1536907534512,1536907534916
slip,135.0,206.0,18101074,244.18677,195.0,262.0,195.0,18101148,1536907534769,1536907535179
slip,113.0,223.0,18101298,175.48341,203.22298,337.0,191.5,18101386,1536907535005,1536907535413
slip,315.0,188.0,18101769,279.36307,188.0,228.87769,188.67038,168.75555,195.53056,143.84537,199.46649,121.16422,201.32239,18101897,1536907535510,1536907535926
slip,258.0,198.0,18109708,216.01378,194.955,182.20215,195.74266,146.75479,200.70753,145.0,201.0,18109806,1536907543423,1536907543823
