slip,203.0,194.0,20795442,175.0,205.0,133.31596,218.29514,96.5,228.0,20795529,1536912480378,1536912480801
slip,144.0,188.0,20805763,194.7077,168.7947,244.5,159.0,316.0952,145.98413,20805890,1536912490739,1536912491166
slip,182.0,183.0,20806350,199.0,171.0,260.9353,162.7154,20806455,1536912491311,1536912491708
slip,277.0,190.0,20817386,255.7545,190.0,228.37238,195.93794,195.62833,197.0,169.87883,198.0,147.76546,195.15309,119.92746,187.50807,20817545,1536912502395,1536912502775
slip,275.0,199.0,20829468,244.05354,202.98352,214.75871,208.70688,185.19249,213.44328,161.23462,218.20601,136.87283,219.0,127.0,217.0,20829596,1536912514446,1536912514857
slip,197.0,228.0,20839736,217.0,228.0,258.09995,226.8207,309.42783,221.22087,20839834,1536912524683,1536912525090
slip,161.0,172.0,20840345,215.56375,166.97913,281.8103,164.08621,326.31064,161.79474,20840472,1536912525322,1536912525725
slip,273.0,207.0,20851638,259.0,207.0,229.70819,209.52208,200.67221,212.43831,171.46649,214.15834,145.43817,210.98698,126.5,207.0,20851764,1536912536617,1536912537068
slip,293.0,209.0,20854640,265.9778,209.0,245.25948,209.0,217.916,206.06107,184.9382,203.90067,155.94286,201.11429,154.0,201.0,20854777,1536912539627,1536912540072
slip,316.0,191.0,20863230,278.3636,191.0,243.6367,189.0,202.40431,191.2135,157.50587,194.09338,129.67497,195.25833,123.0,196.0,20863378,1536912548228,1536912548618
