slip,324.0,160.0,10330463,297.2648,151.0,247.49982,152.03061,157.61523,154.43677,141.0,155.0,10330590,1536997299032,1536997299226
slip,315.0,173.0,10334662,297.0,166.0,257.47977,160.3815,225.71326,158.0,205.32828,158.0,127.126755,163.1178,71.376114,170.64221,69.0,172.0,10334810,1536997303252,1536997303437
slip,155.0,56.0,10335282,181.0,38.0,198.01114,33.99629,10335431,1536997303869,1536997304066
slip,325.0,176.0,10344119,275.31586,161.73685,180.9452,135.25226,95.900826,114.29594,89.13464,118.837906,77.5,120.5,75.10421,124.10421,77.0,126.0,10344267,1536997312709,1536997312898
slip,136.0,181.0,10344727,374.5564,202.31433,10344836,1536997313275,1536997313470
slip,266.0,128.0,10345494,241.85576,128.0,216.632,137.6788,181.65677,151.09084,80.5,179.0,10345570,1536997314013,1536997314187
slip,321.0,152.0,10345893,306.0,152.0,264.09335,152.0,218.33371,154.32181,163.58276,160.346,91.36882,178.11075,66.89228,196.71925,62.0,214.57813,57.5,230.0,10346041,1536997314483,1536997314659
slip,290.0,184.0,10355360,274.0,184.0,268.04706,174.62823,250.49059,173.57411,227.81656,180.43233,202.05098,190.86136,120.41524,215.3657,86.531364,231.61736,69.49886,238.0,63.5,248.5,10355563,1536997324004,1536997324193
slip,97.0,162.0,10355903,140.94856,161.36253,273.74683,163.24347,370.5,164.5,10356021,1536997324463,1536997324669
slip,185.0,187.0,10356472,227.0,182.0,342.42712,192.43565,348.0,193.0,10356587,1536997325027,1536997325199
slip,282.0,201.0,10366847,227.26387,166.50172,141.69249,125.01717,107.43431,119.30429,96.959496,119.173416,81.04291,121.460945,59.2444,133.35005,56.0,137.0,10366995,1536997335437,1536997335627
slip,195.0,203.0,10367937,226.0,198.0,326.79797,183.01509,389.5,174.5,10368044,1536997336486,1536997336669
slip,310.0,176.0,10368299,264.95584,162.6593,226.69089,160.79135,198.4076,165.46498,144.45041,191.12976,86.66011,220.41156,10368416,1536997336854,1536997337029
slip,306.0,136.0,10380696,265.22455,137.78813,212.55351,151.3195,139.7743,182.04181,115.67626,191.95763,85.992805,209.0568,10380833,1536997349272,1536997349442
slip,315.0,177.0,10402450,291.0,170.0,246.99646,171.20024,203.54831,174.41936,163.72385,177.36401,126.97385,181.72314,89.64195,185.9336,69.5,178.5,10402610,1536997371051,1536997371230
slip,288.0,152.0,10411972,254.27324,143.53362,210.91235,139.99152,130.1771,121.98015,100.962814,116.56612,84.88494,118.555916,69.91833,122.36056,57.957867,132.6724,51.0,140.5,10412142,1536997380588,1536997380792
slip,311.0,224.0,10414226,293.0,219.0,257.41473,215.12074,219.89502,215.4627,183.50494,218.81941,116.06836,234.38242,91.036064,246.77115,79.34005,256.99396,76.0,260.0,10414386,1536997382825,1536997383008
