slip,148.0,119.0,8586775,159.0,135.0,172.18054,138.61806,194.40096,143.60023,8586872,1536994604818,1536994605000
slip,170.0,294.0,8595793,155.0,294.0,141.23552,301.0,129.30107,298.3011,123.57882,295.8947,118.0,294.5,136.0,299.0,8595951,1536994613894,1536994614075
slip,169.0,307.0,8596840,142.26036,294.3601,130.03548,292.62943,8596925,1536994614865,1536994615095
slip,295.0,166.0,8597487,248.30495,166.0,206.5802,168.4169,139.22797,174.12868,70.889084,188.82957,59.0,192.0,8597586,1536994615529,1536994615718
slip,249.0,102.0,8598165,273.03,107.005,279.9942,109.19768,283.3683,114.10481,8598270,1536994616209,1536994616404
slip,218.0,109.0,8598826,218.0,129.21013,236.50214,142.80917,8598924,1536994616863,1536994617028
slip,164.0,193.0,8604746,130.7529,193.0,91.81702,199.40161,27.703066,223.92854,8604844,1536994622784,1536994622975
slip,74.0,250.0,8610206,74.0,226.83731,74.0,221.8632,74.0,217.5,8610291,1536994628230,1536994628381
slip,294.0,182.0,8611879,240.05385,186.88744,162.07382,204.53934,88.30649,227.11705,52.839897,250.08005,36.0,258.5,8611977,1536994629919,1536994630078
slip,290.0,176.0,8612417,233.79803,184.87723,156.07675,203.26237,75.657196,224.74428,47.0774,249.67006,43.0,252.0,8612533,1536994630476,1536994630656
slip,259.0,205.0,8623227,202.88011,220.59996,114.78765,254.867,102.0,255.5,8623292,1536994641235,1536994641432
slip,324.0,187.0,8623709,299.99124,179.5897,257.37985,177.0,156.80206,183.31493,85.117905,206.13258,29.5,237.0,37.0,249.0,8623826,1536994641768,1536994641945
slip,261.0,192.0,8624432,234.03918,201.37767,188.50563,210.24905,86.36048,248.1735,70.5,252.5,8624500,1536994642443,1536994642626
slip,106.0,180.0,8624831,161.8552,170.82896,271.6718,154.5872,302.0,151.0,8624938,1536994642882,1536994643043
slip,287.0,178.0,8625195,246.70601,180.81447,196.81825,189.90907,97.392044,212.43854,54.075623,232.10149,40.5,241.5,8625301,1536994643242,1536994643484
slip,312.0,175.0,8625698,276.97626,175.0,241.50763,184.24873,190.48337,195.924,122.970665,219.90193,77.17356,247.1332,67.0,263.0,8625824,1536994643768,1536994643946
slip,158.0,188.0,8626124,192.1345,195.36876,238.5672,196.0,357.4189,196.0,8626212,1536994644153,1536994644360
slip,130.0,256.0,8626530,169.27545,223.30913,266.76166,181.07945,361.0922,160.20901,8626636,1536994644575,1536994644765
slip,294.0,207.0,8638770,294.0,183.78426,294.0,173.09355,279.3776,171.09439,245.9899,176.33557,195.19618,189.77884,104.547485,225.89653,52.680786,257.7394,38.5,260.5,8638939,1536994656881,1536994657063
slip,262.0,202.0,8643180,231.43013,208.99373,160.94742,228.5401,81.604095,262.90588,48.5,263.5,8643245,1536994661187,1536994661406
slip,233.0,152.0,8650384,206.66986,158.08253,184.27872,161.43031,154.71463,170.35327,94.73442,195.36676,67.69541,210.72844,49.470284,234.42894,49.0,235.0,8650532,1536994668474,1536994668659
slip,105.0,84.0,8651859,95.04023,107.8793,98.7072,115.471466,101.0,117.0,8651964,1536994669904,1536994670339
slip,319.0,174.0,8654124,294.9586,174.0,277.16553,174.0,244.48225,178.60786,197.48364,190.10677,142.06952,209.17567,8654251,1536994672190,1536994672383
slip,316.0,217.0,8654732,326.0,182.16124,326.8571,178.0,327.0,178.0,8654830,1536994672770,1536994672943
slip,270.0,225.0,8657993,233.40967,225.0,192.35934,224.54004,150.57033,231.6211,84.0,258.5,8658065,1536994676006,1536994676193
slip,126.0,223.0,8658471,146.0,219.0,187.897,204.44121,318.8081,153.80893,369.0,147.0,8658588,1536994676531,1536994676694
slip,253.0,194.0,8658953,227.0,200.0,194.82243,206.5296,153.4112,215.24196,82.58327,233.86287,50.955986,255.86496,8659069,1536994677009,1536994677196
slip,288.0,191.0,8659369,241.92863,197.82468,172.1531,214.8134,101.34149,241.18156,59.0,267.0,8659475,1536994677415,1536994677579
slip,324.0,170.0,8660824,284.18005,168.11238,242.32188,168.52422,183.63104,170.10657,125.909096,174.46005,89.559616,182.6833,8660939,1536994678878,1536994679053
slip,295.0,200.0,8665641,272.97546,200.0,248.1592,208.36792,213.00723,223.53835,140.25514,257.84915,85.05912,284.45837,74.0,299.0,8665768,1536994683710,1536994683875
slip,110.0,236.0,8666177,121.01804,202.98196,159.35016,186.01245,264.01715,163.88419,326.5,165.5,8666292,1536994684237,1536994684418
slip,309.0,184.0,8666657,271.96268,193.51866,211.14493,213.75577,120.15973,244.74483,60.645428,264.89243,54.0,266.0,8666762,1536994684705,1536994684880
slip,66.0,250.0,8667158,90.87165,224.03178,127.0413,204.47935,218.43018,166.06958,320.0,140.5,8667265,1536994685204,1536994685383
slip,140.0,225.0,8667630,182.40115,215.89972,228.54388,209.63658,312.98752,200.15303,355.5,195.0,8667734,1536994685678,1536994685844
slip,258.0,225.0,8668127,195.39589,245.153,117.49955,259.7538,116.0,260.0,8668184,1536994686124,1536994686338
slip,328.0,190.0,8668386,314.0,194.0,281.14297,199.37712,238.1852,206.29271,148.05202,230.5218,102.33255,257.95703,83.0,263.0,8668504,1536994686448,1536994686611
slip,299.0,174.0,8671400,285.0,181.0,255.36589,187.62643,224.5,194.0,192.24956,200.14294,143.45053,210.50089,123.0,215.0,8671517,1536994689458,1536994689634
slip,140.0,200.0,8671998,120.20562,205.0841,108.07153,206.0,87.89401,209.69493,69.940414,224.05959,59.735516,245.95467,56.65706,258.2003,8672148,1536994690087,1536994690275
slip,120.0,182.0,8672532,157.94434,172.62004,232.45706,143.36276,325.5,111.0,8672620,1536994690560,1536994690735
slip,153.0,214.0,8672961,179.63591,214.0,210.46872,211.07245,268.672,202.55005,356.14908,183.27328,8673067,1536994691006,1536994691197
slip,291.0,170.0,8679294,255.30902,178.92642,201.04375,197.43864,183.0,204.0,8679349,1536994697292,1536994697472
slip,127.0,242.0,8679832,173.19376,212.00241,276.84018,192.59665,352.24176,200.18901,8679947,1536994697887,1536994698039
slip,268.0,69.0,8686135,250.0,69.0,230.5,69.0,8686222,1536994704166,1536994704343
slip,313.0,227.0,8688658,298.0,231.0,267.63535,237.85051,218.61615,243.36388,128.48065,256.32483,124.0,257.0,8688755,1536994706698,1536994706883
slip,304.0,170.0,8691829,267.96194,184.61522,215.52927,203.10277,129.32893,233.46843,123.0,236.0,8691917,1536994709860,1536994710044
slip,115.0,259.0,8692429,130.0238,236.91588,162.88661,218.92873,279.24976,182.74173,370.5,171.0,8692534,1536994710477,1536994710648
slip,103.0,157.0,8694246,79.43671,160.78165,67.640205,161.0,64.85167,156.40668,68.160286,148.4695,71.0,143.5,8694351,1536994712293,1536994712479
slip,298.0,197.0,8697002,283.0,197.0,247.60736,200.86504,197.51616,213.12096,100.17876,242.0705,46.0,263.5,8697108,1536994715050,1536994715227
slip,116.0,186.0,8704577,103.0,148.0,8704675,1536994723790,1536994723920
slip,273.0,215.0,8706946,115.0,255.0,8707002,1536994726371,1536994729308
slip,325.0,189.0,8707312,110.0,224.0,8707419,1536994726381,1536994729318
slip,301.0,181.0,8707729,116.0,240.0,8707827,1536994726387,1536994729322
slip,273.0,210.0,8708103,58.0,256.0,8708210,1536994726408,1536994729325
slip,278.0,252.0,8708519,70.0,284.0,8708637,1536994726850,1536994729328
