slip,242.0,220.0,17536351,222.54868,220.0,202.265,220.0,173.5042,218.7248,145.8722,221.43451,116.25523,228.43228,85.6828,244.36021,68.5,257.5,17536488,1536906562048,1536906562495
slip,309.0,174.0,17547143,287.0,174.0,253.66931,170.69891,214.65532,172.29309,176.58247,176.12326,136.17102,181.9689,100.40142,188.09976,66.32036,199.55988,62.0,201.0,17547301,1536906572861,1536906573274
slip,266.0,164.0,17558605,240.27481,158.91942,212.0655,156.04672,179.8374,158.31625,146.79738,162.74323,85.74604,168.9012,73.0,170.0,17558722,1536906584283,1536906584710
slip,200.0,213.0,17563092,232.95407,213.0,268.6435,216.44058,311.98154,225.9598,339.5,234.5,17563198,1536906588758,1536906589178
slip,230.0,226.0,17563927,250.00201,226.0,266.40863,226.0,288.52853,222.12262,313.91223,222.0,330.37762,224.73776,333.0,225.0,17564065,1536906589625,1536906590052
slip,230.0,231.0,17573853,196.9668,231.0,169.31133,236.39345,138.01947,240.31271,110.16939,245.68202,80.053955,250.78922,62.5,257.0,17574000,1536906599561,1536906599967
slip,272.0,213.0,17583298,258.0,213.0,234.25131,215.24977,206.05841,220.13173,169.84575,226.38467,104.5,239.0,83.268295,243.90941,69.0,248.0,17583435,1536906608995,1536906609417
slip,248.0,206.0,17591973,213.00153,206.0,183.07703,210.40889,149.34485,213.95297,110.0,211.0,17592071,1536906617628,1536906618039
slip,141.0,176.0,17592432,175.83302,171.29443,227.09505,173.54333,353.0,186.0,17592539,1536906618097,1536906618504
slip,147.0,204.0,17593053,189.23868,206.10323,277.11432,218.57542,356.0,230.5,17593139,1536906618698,1536906619126
slip,268.0,207.0,17602830,233.04515,207.0,202.5,207.0,164.89107,213.00948,125.91334,218.77356,89.22068,225.95403,59.890625,237.98198,53.64755,249.15572,17602978,1536906628535,1536906628941
slip,253.0,221.0,17611752,231.0,221.0,202.75656,225.44868,167.52036,235.74353,108.61805,263.55078,67.5,298.5,17611857,1536906637414,1536906637822
