slip,290.0,176.0,1138193,253.0,183.0,165.78584,213.00505,75.5,252.0,1138298,1536975190173,1536975190327
slip,283.0,243.0,1147008,251.92622,237.36578,203.92348,233.68272,133.1118,238.72643,85.54917,244.30635,60.085358,244.22696,36.442673,240.33301,1147124,1536975198998,1536975199152
slip,307.0,197.0,1155599,258.48798,197.0,217.87454,202.79172,157.68625,208.41916,83.5,214.5,1155714,1536975207587,1536975207714
slip,115.0,199.0,1156184,152.73329,184.31668,206.03955,174.15019,297.37738,170.0,304.0,170.0,1156292,1536975208169,1536975208309
slip,232.0,227.0,1156763,180.86304,204.25974,127.0,185.0,92.51709,176.85513,73.5,174.0,1156860,1536975208732,1536975208894
slip,122.0,136.0,1157275,165.74998,136.98077,216.05086,140.05838,329.6071,148.06133,344.0,149.0,1157392,1536975209269,1536975209426
slip,86.0,223.0,1157746,116.12236,206.82912,167.85223,182.57388,259.65265,135.99968,305.11658,107.310356,1157862,1536975209735,1536975209897
slip,86.0,89.0,1158183,103.0,85.0,136.5708,81.24292,171.18907,78.51352,217.2224,75.63983,296.8093,87.195335,315.5,99.0,1158311,1536975210186,1536975210370
slip,109.0,192.0,1167232,124.0,182.0,152.87135,170.17519,214.45697,154.39705,303.1865,141.33237,338.19052,143.45135,1167350,1536975219222,1536975219369
slip,268.0,213.0,1167810,233.20862,192.20451,171.14514,171.16797,97.602295,158.20013,37.10984,171.04524,-13.0,185.5,1167916,1536975219792,1536975219929
slip,295.0,218.0,1176134,252.00424,218.49985,201.25046,220.08087,108.957375,218.36267,52.11414,218.0,1176240,1536975228113,1536975228275
slip,274.0,183.0,1186211,255.45781,183.0,214.05891,183.47667,166.44658,195.34758,93.58262,216.24673,62.940895,224.65248,58.0,226.0,1186316,1536975238190,1536975238339
slip,139.0,213.0,1186668,186.50214,205.02766,296.16998,195.60277,362.0,198.5,1186785,1536975238660,1536975238807
slip,153.0,172.0,1187332,180.0,167.0,238.72345,163.16518,356.607,163.0,1187430,1536975239302,1536975239465
slip,110.0,241.0,1196329,134.8948,212.31117,211.51265,182.43275,314.2126,165.07152,336.0,164.0,1196444,1536975248320,1536975248474
slip,244.0,219.0,1196808,195.88138,211.53946,153.1955,208.01396,103.57959,206.46591,74.99407,204.99963,51.0,202.0,1196914,1536975248790,1536975248924
slip,311.0,190.0,1207376,269.9205,182.334,218.71078,173.03833,149.4305,170.0,107.96214,169.60152,72.20682,170.0,51.5,171.5,1207503,1536975259377,1536975259510
