slip,291.0,181.0,4977682,259.85422,181.0,231.9238,181.8122,189.27533,188.24638,83.5,207.0,46.5,214.5,4977797,1536981199993,1536981200091
slip,186.0,130.0,4994732,137.0,171.0,4994881,1536981217276,1536981217346
slip,263.0,117.0,4995576,90.0,138.0,4995693,1536981218843,1536981218913
slip,268.0,147.0,4996206,80.0,183.0,4996313,1536981218856,1536981218933
slip,317.0,201.0,4996719,126.0,177.0,4996848,1536981219560,1536981219630
slip,128.0,218.0,4997179,296.0,197.0,4997286,1536981219576,1536981219681
slip,247.0,170.0,4999675,208.9916,183.5042,182.64311,198.20662,128.00038,223.32677,66.50321,235.1126,40.82029,219.6863,35.0,217.0,4999802,1536981221999,1536981222097
slip,331.0,177.0,5000488,325.0,140.77481,327.0,126.052826,323.33273,119.11032,319.5,117.0,320.0,118.0,315.39105,122.80447,312.2593,124.370346,306.23114,120.184906,304.65344,115.96033,305.0,112.5,5000722,1536981222916,1536981223008
slip,193.0,280.0,5005455,158.0,268.0,5005562,1536981227846,1536981227951
slip,277.0,182.0,5022861,260.0,182.0,235.35675,178.00879,208.44554,171.21013,173.39095,169.24504,119.6307,166.51952,5022976,1536981245170,1536981245307
slip,264.0,230.0,5024527,237.93382,234.03308,223.02094,234.80418,219.0,234.0,5024613,1536981246810,1536981246892
slip,259.0,70.0,5043991,245.0,88.0,241.0,95.01923,241.0,102.0,5044110,1536981266303,1536981266368
slip,293.0,210.0,5049900,270.86597,204.74226,260.5727,199.02077,253.5,197.0,5050008,1536981272202,1536981272310
slip,239.0,144.0,5051224,208.23763,158.50494,197.77277,160.84544,191.0,161.0,187.0,161.0,5051342,1536981273540,1536981273631
slip,275.0,165.0,5058639,261.0,159.0,247.53958,153.23125,244.0,152.0,5058722,1536981280919,1536981281004
slip,249.0,164.0,5059194,210.669,166.10489,179.19922,171.4502,133.13095,180.77756,66.809875,198.91147,5059305,1536981281502,1536981281589
slip,292.0,154.0,5063287,257.50955,160.0266,212.53487,165.32397,147.42291,177.05484,102.848,189.91505,89.5,195.0,5063396,1536981285591,1536981285694
slip,147.0,82.0,5064015,158.0,67.0,165.2822,58.435604,168.92078,52.079224,171.0,50.0,5064132,1536981286326,1536981286383
slip,185.0,70.0,5064719,160.60101,66.0,146.18253,66.0,139.5453,75.091156,137.5,78.5,5064817,1536981287012,1536981287114
slip,285.0,158.0,5068716,262.0,163.0,232.42352,181.71765,197.13792,202.82759,5068798,1536981290991,1536981291095
slip,254.0,225.0,5069292,233.26738,207.26738,207.699,191.46777,167.94583,179.42734,117.60249,173.60022,87.5,174.0,5069410,1536981291603,1536981291710
