slip,282.0,198.0,19117867,227.29485,185.0,178.25264,189.33301,79.825645,209.9651,45.5,217.5,19117972,1536909501870,1536909502279
slip,318.0,211.0,19124727,284.71042,207.0,260.2382,209.06349,213.97836,211.71942,132.23848,210.88058,19124842,1536909508732,1536909509167
slip,309.0,174.0,19132612,275.81403,168.56636,247.98102,163.99684,216.07736,159.4014,147.43127,151.55391,63.08066,141.01009,19132728,1536909516619,1536909517080
slip,320.0,169.0,19137057,289.25598,172.63141,269.7207,179.06445,245.8357,185.54108,207.05179,196.6099,19137162,1536909521051,1536909521473
slip,287.0,180.0,19137773,250.00291,175.0,217.63112,172.95973,147.14774,174.44208,94.97817,187.31004,73.17337,193.91331,71.0,195.0,19137899,1536909521789,1536909522208
slip,298.0,203.0,19158223,282.0,196.0,260.214,190.28015,235.21239,185.93945,190.6896,180.3472,124.998924,181.0,74.710266,176.44649,65.5,172.5,19158371,1536909542263,1536909542685
slip,320.0,201.0,19169774,299.8258,201.0,277.8832,201.0,234.45589,208.30377,90.5,215.0,19169879,1536909553770,1536909554166
slip,241.0,162.0,19179338,209.73833,141.5701,177.90031,133.97833,100.0,114.5,19179434,1536909563335,1536909563723
slip,270.0,199.0,19180342,234.06071,192.4413,199.37962,189.79037,96.56416,186.54771,46.60324,188.22826,38.325806,197.25565,22.860186,199.0,19180501,1536909564390,1536909564795
slip,316.0,171.0,19181174,282.7179,171.0,236.09915,173.0,138.40363,174.72522,63.379627,168.21481,26.5,164.0,19181280,1536909565171,1536909565576
slip,144.0,184.0,19181601,161.47539,165.79158,218.4434,155.3672,305.3952,146.0,336.7111,146.0,19181729,1536909565618,1536909566029
slip,308.0,197.0,19182157,280.74246,192.31903,244.48427,191.69812,190.32684,196.51332,80.41733,201.08879,12.0,201.5,19182263,1536909566155,1536909566569
slip,299.0,198.0,19182746,259.64987,198.0,210.13385,197.55183,97.01814,194.57712,35.5,187.5,19182843,1536909566734,1536909567179
slip,309.0,176.0,19183354,278.88162,170.0,248.95255,168.78697,211.27817,169.74887,152.8644,174.01044,72.11845,175.38478,36.548954,175.0,19183481,1536909567371,1536909567779
slip,131.0,185.0,19183770,158.9569,172.0897,227.16405,179.26472,351.20346,196.11316,19183878,1536909567767,1536909568183
slip,263.0,191.0,19184420,223.74217,196.06445,136.4805,199.4849,86.0,200.0,19184475,1536909568370,1536909568764
slip,280.0,144.0,19184816,246.61267,144.0,203.22353,142.8921,132.62485,149.3005,100.63966,153.58138,83.565125,155.25465,80.0,155.0,19184914,1536909568807,1536909569197
slip,331.0,179.0,19185298,308.0,175.0,270.4821,179.42445,222.52599,185.22246,122.97257,194.73456,41.066963,193.85646,-3.5,187.0,19185426,1536909569317,1536909569783
slip,310.0,185.0,19185822,266.10425,182.0,220.11426,182.74683,91.45181,185.34908,17.847408,194.15544,14.0,195.0,19185929,1536909569823,1536909570233
slip,149.0,177.0,19186175,191.98026,170.5423,281.6946,176.41872,382.5,185.0,19186281,1536909570173,1536909570569
slip,130.0,182.0,19186613,159.02354,182.0,199.08482,185.06317,265.23654,188.93639,320.58148,194.39795,19186763,1536909570652,1536909571140
slip,132.0,204.0,19196146,165.0,204.0,218.31326,204.0098,268.83862,204.0085,320.3527,205.08727,19196283,1536909580173,1536909580609
slip,288.0,186.0,19196717,241.75854,184.39655,198.28568,180.93596,130.19437,167.59875,85.38329,151.7357,19196806,1536909580696,1536909581111
slip,82.0,254.0,19200751,112.29501,254.0,19200878,1536909584767,1536909585198
slip,295.0,228.0,19203166,249.55971,228.0,211.29736,226.08649,97.94162,209.26912,78.0,206.0,19203271,1536909587163,1536909587580
slip,302.0,202.0,19207608,246.22296,204.11847,191.41359,201.73398,112.299835,196.0039,100.42728,190.93471,97.0,190.0,19207705,1536909591595,1536909592029
