slip,203.0,39.0,9502509,182.86702,29.867018,182.0,27.885708,175.06989,28.0,172.8683,28.0,9502678,1536995819551,1536995819730
slip,208.0,179.0,9504944,239.177,181.16814,285.77612,190.40887,331.0,203.5,9505031,1536995821906,1536995822087
slip,309.0,127.0,9505371,267.47952,135.6082,232.6312,153.11177,145.0,204.5,104.0,231.5,9505488,1536995822366,1536995822531
slip,258.0,234.0,9513023,228.9594,227.43542,207.56253,227.0,183.19347,230.71918,156.5,238.5,124.5,251.0,9513140,1536995830016,1536995830200
slip,280.0,245.0,9524062,251.40338,241.0,221.64732,244.40555,191.95956,251.6779,157.97531,263.62845,157.0,264.0,9524167,1536995841041,1536995841212
slip,158.0,201.0,9524499,214.49846,215.44954,248.0,225.5,9524586,1536995841463,1536995841632
slip,121.0,176.0,9525056,157.234,165.13518,201.78606,163.53897,303.76678,173.01472,9525153,1536995842027,1536995842218
slip,299.0,239.0,9534268,246.85564,241.01256,192.28255,253.5068,112.633484,279.18463,71.0,300.0,9534373,1536995851250,1536995851438
slip,286.0,250.0,9542026,269.0,243.0,245.5549,239.23921,222.44264,238.0,198.12645,237.0079,172.5,241.5,9542131,1536995859005,1536995859192
slip,289.0,198.0,9542684,248.6906,226.68509,9542721,1536995859596,1536995859778
slip,291.0,190.0,9543423,248.8871,199.77823,192.83879,215.93399,9543477,1536995860351,1536995860533
slip,151.0,185.0,9552755,181.0,188.0,291.45425,207.42838,300.0,209.0,9552841,1536995869718,1536995869908
slip,104.0,193.0,9553279,124.0,184.0,166.9061,178.65121,255.64163,178.0,358.5,199.0,9553375,1536995870251,1536995870428
slip,274.0,220.0,9559602,207.51855,238.47908,190.0,243.0,9559656,1536995876538,1536995876729
slip,45.0,219.0,9560149,73.0,219.0,134.42458,225.44246,281.77582,251.10612,9560246,1536995877120,1536995877312
slip,295.0,169.0,9564699,264.19714,169.0,226.61012,173.24382,163.33836,193.15053,9564764,1536995881640,1536995881806
slip,301.0,189.0,9568740,277.0978,179.35942,251.52786,174.38727,223.81834,174.26768,191.67624,176.73238,9568839,1536995885714,1536995885885
slip,242.0,144.0,9569275,276.0268,150.60085,313.66104,164.9979,9569362,1536995886236,1536995886419
slip,266.0,201.0,9575609,227.63676,208.4307,149.1265,241.12608,80.565674,284.01453,9575675,1536995892550,1536995892719
slip,170.0,222.0,9576126,198.54684,204.81772,229.68478,200.66502,276.8794,201.80257,370.0,218.5,9576231,1536995893105,1536995893282
slip,298.0,216.0,9577589,263.47897,216.0,220.33879,222.2387,158.67639,241.28479,9577677,1536995894550,1536995894746
slip,180.0,66.0,9578905,212.6741,95.89509,9579002,1536995895875,1536995896053
slip,267.0,189.0,9580529,227.96501,184.0,198.89507,195.41133,155.62929,221.73831,9580625,1536995897499,1536995897690
slip,253.0,171.0,9587592,145.0,177.0,9587680,1536995904938,1536995906530
slip,190.0,146.0,9587880,314.0,165.0,9587978,1536995904947,1536995906534
