slip,285.0,189.0,9989208,271.0,174.0,232.69327,174.66335,101.333206,188.13503,28.102085,193.33702,9989339,1536996818040,1536996818213
slip,86.0,190.0,10009120,174.2963,194.23027,294.79657,195.09322,337.11246,191.97188,345.0,190.0,10009257,1536996837962,1536996838143
slip,315.0,159.0,10009792,269.02115,163.99648,182.50996,185.12251,122.01659,201.34752,94.14847,206.54768,75.5,213.0,10009920,1536996838623,1536996838794
slip,255.0,138.0,10010323,215.9318,140.55786,170.08624,146.60455,82.50754,158.32101,70.74429,160.59747,49.5,165.5,10010411,1536996839113,1536996839306
slip,109.0,175.0,10022776,136.15388,175.0,176.22691,170.97731,243.57088,159.89069,318.7501,146.47319,329.0,148.5,10022902,1536996851605,1536996851801
slip,113.0,162.0,10023449,165.59508,160.25911,272.0,151.0,341.97104,145.96965,10023576,1536996852277,1536996852478
slip,297.0,129.0,10042972,261.9298,124.770996,220.2029,121.01561,156.65721,115.9851,116.565315,118.124626,94.29368,122.92658,68.129654,137.04414,67.0,138.0,10043110,1536996871812,1536996872000
slip,277.0,138.0,10048943,221.9311,136.14305,180.21695,130.47072,126.1852,122.54355,98.39911,120.0,77.2171,120.0,61.381893,121.0,10049074,1536996877775,1536996877963
slip,303.0,140.0,10049574,273.47845,135.0,246.52826,138.61636,209.00258,142.99966,171.49211,147.16754,133.86874,151.73921,109.06108,155.06752,91.51957,159.04367,81.0,160.0,10049754,1536996878456,1536996878631
slip,308.0,116.0,10050162,249.69598,96.488304,203.44095,99.72878,143.66014,112.58496,112.59176,121.7605,84.94636,134.20172,66.466705,144.51997,24.0,168.5,10050342,1536996879045,1536996879230
slip,142.0,185.0,10050654,175.83815,185.0,232.23848,181.49417,311.71143,174.07176,333.7036,169.53537,10050793,1536996879494,1536996879666
slip,314.0,144.0,10056447,276.9473,132.65964,244.64796,132.446,204.70839,136.45673,141.74553,146.81361,109.481544,156.43018,64.5,172.0,10056585,1536996885289,1536996885462
slip,286.0,124.0,10062218,242.9016,121.544624,207.32726,125.14764,163.31123,131.73167,110.61462,136.03351,89.5739,137.4284,80.742516,137.0,74.07717,141.3537,68.92394,150.15211,10062377,1536996891078,1536996891257
slip,302.0,140.0,10063047,283.7353,140.0,253.90302,141.79968,214.74205,148.89961,157.93022,159.64409,121.0,167.0,105.19368,172.5409,85.78039,179.08784,76.0,183.0,10063190,1536996891893,1536996892075
slip,327.0,175.0,10063574,305.0,182.0,284.25717,188.64081,255.12498,192.16177,228.52968,196.89406,199.26784,202.2594,167.76678,209.28027,133.12502,219.22916,111.24838,226.53896,96.48045,232.37988,73.0,240.5,10063787,1536996892488,1536996892694
slip,310.0,211.0,10064458,264.79974,209.59128,232.41862,209.0,198.09848,214.073,165.9475,220.4105,145.74924,229.2049,128.4976,234.22792,115.151665,246.61697,10064610,1536996893311,1536996893503
slip,303.0,189.0,10065466,277.33984,178.33984,249.53801,176.50543,208.5,168.5,157.94185,162.42615,118.0,162.0,102.852936,168.04202,83.69712,173.15144,80.0,175.0,10065645,1536996894351,1536996894567
slip,133.0,185.0,10074165,167.40797,185.0,206.25629,180.80107,251.3897,174.65862,324.61728,169.0,329.0,169.0,10074313,1536996903018,1536996903201
slip,155.0,213.0,10075127,218.21338,216.0,274.92847,214.4411,329.51447,212.15535,332.0,212.0,10075264,1536996903966,1536996904156
slip,306.0,161.0,10107203,270.53107,159.34702,237.84605,155.62238,207.87363,152.65262,180.21713,148.36952,160.0,146.0,137.04971,143.0071,119.0,143.0,107.0,141.5,10107345,1536996936048,1536996936225
slip,131.0,172.0,10121408,197.16786,168.15504,257.5011,168.32976,315.85025,168.0,337.5,169.5,10121555,1536996950257,1536996950427
slip,321.0,153.0,10121952,300.0,141.0,270.73596,134.3255,246.5,132.5,217.90251,130.78435,196.19987,134.55714,178.80734,136.11926,164.89378,138.27655,156.4796,141.20816,142.53682,147.73158,138.0,150.0,10122145,1536996950851,1536996951022
slip,286.0,130.0,10122400,260.2112,130.0,233.62157,130.0,199.5,128.5,172.46796,126.08635,152.23792,126.52016,136.20923,127.97908,120.10229,130.76932,104.89775,136.16335,96.235344,138.62744,94.0,139.0,10122635,1536996951340,1536996951548
slip,304.0,131.0,10123009,270.44092,118.11023,240.23645,113.259514,203.60156,108.71219,161.7126,106.334915,137.17917,106.0,119.41474,109.463394,104.567665,112.486465,87.24051,119.75365,56.42117,132.03152,10123203,1536996951904,1536996952073
slip,287.0,144.0,10123797,262.9673,137.49182,229.25381,130.21954,190.81349,123.944305,161.89171,121.81716,143.78697,122.0,129.21506,122.0,120.84925,125.57538,113.45861,129.08917,105.5,132.5,10123951,1536996952656,1536996952835
slip,273.0,145.0,10124484,248.93654,145.0,233.71602,145.0,216.86803,148.2418,192.76656,154.49632,159.30414,160.14035,131.3617,162.20213,107.65689,166.48257,77.845345,172.29572,48.746216,184.7399,35.472412,201.21265,10124678,1536996953379,1536996953563
