slip,311.0,135.0,3833694,293.0,135.0,272.86716,135.0,251.5,132.0,220.91278,135.0,181.91533,132.25299,122.39293,128.24405,81.29646,124.52118,66.10698,122.245995,65.0,122.0,3833868,1536979152580,1536979152693
slip,260.0,167.0,3843784,237.0,162.0,211.08302,160.0,181.06496,160.0,147.71942,162.9673,107.96305,167.33743,34.861855,164.59087,3843921,1536979162632,1536979162763
slip,93.0,103.0,3854135,126.13803,98.374,157.25055,95.49995,197.9902,101.54681,289.07773,120.491974,3854306,1536979173017,1536979173135
slip,174.0,145.0,3855323,194.0,150.0,217.25984,151.0,243.73103,151.46338,274.8457,152.0,306.84274,152.0,318.0,152.0,3855481,1536979174194,1536979174296
slip,318.0,159.0,3865035,300.04974,156.03731,287.14874,153.0,263.60928,153.0,239.07909,155.38945,206.83891,158.0,173.11534,159.17657,124.26634,161.71834,67.32466,160.76553,35.5,156.5,3865212,1536979183927,1536979184043
slip,222.0,111.0,3877343,207.0,111.0,191.40059,111.0,173.23949,111.0,154.3787,117.66019,130.4303,121.80642,105.19313,126.45171,76.703285,133.92018,55.286385,145.62817,53.0,147.0,3877512,1536979196223,1536979196329
slip,235.0,183.0,3887151,205.4296,175.88593,188.78336,176.0,166.04192,176.74214,138.54315,179.0,114.06199,180.8938,80.78799,182.46419,49.825882,179.27388,48.0,179.0,3887309,1536979206026,1536979206126
slip,94.0,130.0,3887597,114.0,120.0,142.47878,112.62389,175.94313,105.91943,229.41626,101.180565,310.69482,103.5412,3887715,1536979206427,1536979206520
slip,143.0,122.0,3888251,190.7861,109.91725,234.25644,110.217094,310.96967,118.21885,3888356,1536979207067,1536979207168
slip,293.0,107.0,3897216,268.42996,107.0,250.59189,109.12753,228.09218,115.97366,202.89815,125.039604,169.84737,130.19211,120.46556,133.20421,3897385,1536979216095,1536979216206
slip,296.0,130.0,3902215,265.6617,123.96617,248.50922,124.0,228.22353,124.0,202.89656,124.56896,173.35544,127.26446,136.12222,127.6199,82.37148,124.6245,64.0,122.0,3902427,1536979221138,1536979221246
slip,280.0,147.0,3907237,254.32242,142.0,235.87433,142.0,214.12967,148.67723,193.25516,152.59311,166.9729,154.4392,120.45909,154.04173,81.045074,149.27267,62.5,146.0,3907429,1536979226142,1536979226236
