slip,311.0,191.0,21014895,285.0,191.0,243.19357,196.0519,210.26694,197.0,179.7466,195.37466,176.0,195.0,21014993,1536912781283,1536912781683
slip,181.0,172.0,21023796,205.3377,167.51082,235.38295,164.6439,269.4852,162.39552,295.0107,159.88109,317.9428,159.611,328.94366,160.4572,21023955,1536912790246,1536912790648
slip,274.0,164.0,21024823,241.51826,164.0,214.37311,166.92773,184.185,168.54076,152.30753,170.2607,129.6823,168.8742,124.0,168.0,21024949,1536912791242,1536912791660
slip,296.0,186.0,21025398,271.0,186.0,235.76596,181.17192,195.92476,176.34796,133.33281,166.05547,104.79081,162.53232,76.0,158.5,21025526,1536912791817,1536912792269
slip,216.0,182.0,21034630,273.0,182.0,313.4364,179.05124,338.0,179.0,21034767,1536912801058,1536912801449
slip,187.0,192.0,21035258,217.62218,184.34142,239.84119,180.26741,267.21964,177.4878,290.00266,175.92287,306.93143,174.54794,318.16476,176.02354,21035464,1536912801754,1536912802148
slip,227.0,152.0,21047001,246.0,152.0,278.0052,155.20103,305.9391,158.69872,329.3903,161.77005,331.0,162.0,21047150,1536912813440,1536912813849
slip,266.0,190.0,21047652,230.82253,181.70563,195.5891,174.06139,157.5807,168.07259,121.55572,163.47409,118.0,163.0,21047770,1536912814063,1536912814450
slip,303.0,184.0,21048086,264.14026,184.0,235.59065,182.97726,206.26607,181.45923,180.1675,178.90205,164.5,174.5,21048186,1536912814479,1536912814866
slip,151.0,182.0,21048463,183.0,182.0,250.2919,181.06944,363.2,173.84416,21048581,1536912814874,1536912815327
slip,194.0,173.0,21058668,222.94843,166.93225,252.39574,163.96043,282.62186,159.74391,306.62845,158.0,327.2358,156.89702,336.0,157.0,21058846,1536912825140,1536912825536
slip,304.0,171.0,21059265,262.75632,173.31093,232.03783,176.0,191.51233,175.84099,160.30779,175.0,131.5,170.5,21059393,1536912825685,1536912826079
slip,316.0,184.0,21059809,280.3242,177.45943,250.08249,172.18385,211.89996,165.21538,172.62088,156.75867,157.0,152.0,21059948,1536912826242,1536912826644
slip,198.0,184.0,21070559,229.90172,175.33037,266.54773,173.03932,297.27136,170.3677,320.96027,168.13599,323.0,168.0,21070697,1536912836987,1536912837401
slip,175.0,170.0,21071230,210.96031,162.5066,238.14435,156.50394,261.12906,151.31613,282.48322,149.11668,302.39233,149.0,316.94507,149.86813,333.0,151.5,21071425,1536912837715,1536912838127
slip,216.0,185.0,21080687,244.08325,185.0,273.29446,185.0,299.56323,185.9727,320.07013,188.01169,332.03143,190.00523,343.38528,187.07648,346.5,185.0,21080890,1536912847182,1536912847578
slip,293.0,165.0,21081114,263.82935,166.01706,228.26741,169.05861,191.89052,171.0,161.1721,172.0,134.77359,172.0,117.85608,170.78561,21081242,1536912847532,1536912847936
slip,271.0,185.0,21090996,232.53862,179.82419,204.76863,178.0,178.98856,175.37357,156.9315,174.0,142.45123,171.90022,122.0,170.5,21091134,1536912857426,1536912857989
