slip,314.0,206.0,20100306,280.94186,206.0,242.84818,204.28482,160.64082,194.77095,81.0,173.5,20100411,1536910985333,1536910985817
slip,293.0,208.0,20102998,268.58096,208.0,237.52187,210.04347,195.69633,209.61012,132.43796,205.70317,50.5,198.5,20103103,1536910988024,1536910988449
slip,310.0,187.0,20110274,265.34567,195.21811,227.54456,199.59286,182.68054,202.91858,20110360,1536910995278,1536910995718
slip,311.0,145.0,20119921,273.99118,145.0,242.45764,143.97491,199.32947,139.24098,113.0,133.0,20120027,1536911004949,1536911005370
slip,133.0,187.0,20120304,149.0,187.0,188.85355,189.18535,259.51434,196.51192,342.89938,202.85907,346.0,203.0,20120412,1536911005335,1536911005746
slip,96.0,195.0,20120894,120.00363,185.05225,167.21956,184.0,265.17276,188.34485,340.2668,196.28336,20121032,1536911005950,1536911006349
slip,303.0,167.0,20130168,264.84232,167.0,223.77087,164.0,178.54993,165.40894,127.66675,168.01234,20130273,1536911015193,1536911015589
slip,323.0,170.0,20139088,293.2533,170.0,272.77542,173.77844,244.18695,175.54517,209.27138,176.0,176.7335,173.4232,133.30894,167.7604,109.284966,161.36713,20139247,1536911024170,1536911024613
slip,275.0,189.0,20156535,241.32625,189.0,206.8484,180.16968,153.49184,164.21356,81.85189,136.74713,63.441425,131.61035,52.347015,131.2245,51.0,131.0,20156674,1536911041594,1536911042005
slip,147.0,157.0,20156930,197.6509,154.03174,234.49275,151.03902,235.0,151.0,20157019,1536911041944,1536911042347
slip,288.0,147.0,20157423,255.01193,150.7619,216.15189,149.33823,174.30307,143.90707,88.950485,124.42039,69.83965,120.85496,61.397694,117.698845,60.0,117.0,20157561,1536911042480,1536911043349
slip,290.0,164.0,20166687,267.44965,164.0,243.24902,164.0,202.48936,158.40584,128.26389,144.93056,79.00235,135.58852,60.653076,132.33061,55.0,134.5,20166824,1536911051744,1536911052128
slip,297.0,171.0,20170981,70.0,141.0,20171087,1536911056984,1536911057388
slip,315.0,189.0,20171739,64.0,143.0,20171857,1536911057000,1536911057411
slip,106.0,183.0,20172413,340.0,190.0,20172531,1536911057683,1536911058128
slip,328.0,189.0,20172968,304.79135,189.0,291.54553,189.0,270.6082,196.25224,234.52365,197.0,196.85541,193.84164,131.58041,181.76573,101.64679,169.35283,64.26687,153.20299,20173139,1536911058058,1536911058488
