slip,115.0,132.0,6627039,57.732708,141.58302,6627092,1536989960740,1536989960466
slip,264.0,152.0,6628248,191.97801,152.0,107.95268,160.15042,68.0,169.5,38.785515,182.83238,6628364,1536989962010,1536989961703
slip,58.0,193.0,6629639,171.99728,162.71344,278.0,162.5,349.41864,193.45293,6629742,1536989963389,1536989963083
slip,205.0,194.0,6648550,175.75864,194.0,142.1487,195.88881,108.61186,198.20895,82.78706,202.04259,61.798424,212.90184,57.0,218.5,6648685,1536989982331,1536989982046
slip,300.0,142.0,6654157,277.0,142.0,239.86014,140.73363,198.2819,139.62622,137.93872,140.0,46.0,147.0,6654295,1536989987941,1536989987681
slip,266.0,161.0,6665015,231.60693,161.0,181.01416,165.55757,89.11875,172.17513,41.227497,186.33046,29.0,193.0,6665120,1536989998766,1536989998547
slip,292.0,152.0,6667214,277.0,152.0,260.43204,152.0,247.71996,152.0,230.90976,154.77255,209.0,158.0,145.6921,172.26457,106.2447,176.03777,6667395,1536990001040,1536990000746
slip,150.0,236.0,6692327,165.5,203.5,6692466,1536990026112,1536990025822
slip,262.0,168.0,6694378,192.52296,179.9788,108.940704,190.41006,64.00741,191.44904,35.141403,191.06133,6694498,1536990028144,1536990027854
slip,249.0,202.0,6697083,222.0,202.0,185.62645,206.76868,149.88171,207.29407,115.552765,202.61787,100.5,200.0,6697191,1536990030836,1536990030573
slip,293.0,82.0,6697819,270.12234,82.0,263.04303,82.0,257.0875,78.08751,254.0,75.0,6697969,1536990031616,1536990031320
slip,238.0,81.0,6701079,218.87444,81.0,213.19235,84.01275,207.5,87.5,206.0,87.0,6701228,1536990034876,1536990034580
slip,276.0,134.0,6708314,243.0,137.0,178.38908,140.92282,96.27179,150.52977,62.070427,159.29578,46.5,168.0,6708434,1536990042080,1536990041784
slip,267.0,166.0,6711360,216.92227,174.28932,175.29308,179.33952,110.32808,182.91676,78.34992,185.91054,49.5,185.0,6711480,1536990045126,1536990044841
slip,243.0,154.0,6712184,190.18875,161.96718,148.67651,168.7026,92.479996,175.70769,59.637005,177.30573,29.5,182.5,22.134192,189.86581,6712344,1536990045990,1536990045725
slip,209.0,172.0,6713327,145.36803,185.59167,88.89838,196.38443,45.631077,206.48854,40.729256,210.63538,37.0,212.5,6713447,1536990047093,1536990046809
slip,271.0,144.0,6726494,227.0,153.0,123.40784,165.90039,72.41524,171.0,43.738865,171.0,24.5,174.0,6726613,1536990060266,1536990059980
slip,148.0,146.0,6727219,202.1592,157.5199,304.9337,176.50409,374.5,189.5,6727329,1536990060976,1536990060685
slip,125.0,148.0,6727926,147.88588,154.21321,181.91116,159.9047,283.1919,183.4107,356.0,202.0,6728035,1536990061681,1536990061411
slip,212.0,169.0,6734627,212.0,144.3017,240.5,114.5,243.0,105.0,6734777,1536990068424,1536990068109
slip,68.0,201.0,6738410,56.0,185.10208,56.0,184.0,56.0,182.0,64.2668,174.98778,72.5,169.0,6738582,1536990072229,1536990071919
slip,306.0,153.0,6744096,264.6445,153.0,226.72447,154.78204,152.20375,155.50269,57.0,156.5,44.0,162.0,6744245,1536990077893,1536990077600
slip,303.0,148.0,6754482,265.18292,149.77805,220.05574,154.27603,138.39072,159.0,77.93141,159.0,36.0,162.5,6754623,1536990088269,1536990087969
slip,291.0,179.0,6758567,255.0,184.0,198.05417,186.81654,107.982376,184.28975,54.785686,171.73587,22.057636,159.9113,6758685,1536990092331,1536990092016
slip,253.0,120.0,6760587,173.7484,123.92516,114.01967,128.22003,77.65693,133.19186,6760675,1536990094321,1536990094041
