slip,280.0,209.0,2215099,239.65306,206.77087,197.50175,207.40378,145.70717,209.70734,97.633156,212.9255,63.0,217.0,2215205,1536976748516,1536976748629
slip,315.0,228.0,2223593,267.91278,221.14871,226.62573,217.98615,178.07692,217.33566,104.83915,222.09515,83.46164,225.58546,76.0,226.0,2223731,1536976757040,1536976757161
slip,321.0,171.0,2233132,280.20868,175.72215,227.15016,189.13713,136.99649,214.29607,90.0,225.5,2233229,1536976766541,1536976766632
slip,104.0,223.0,2233835,148.15202,212.80138,244.6197,199.9886,317.10028,190.14995,318.0,190.0,2233975,1536976767284,1536976767431
slip,90.0,163.0,2234531,104.0,163.0,143.52098,157.80432,246.32051,164.63257,296.0,169.0,2234636,1536976767946,1536976768021
slip,325.0,200.0,2242842,305.0,200.0,260.17297,200.91309,214.50533,203.49982,114.63656,206.5107,2242948,1536976776256,1536976776377
slip,303.0,196.0,2251634,260.26935,185.89561,219.80801,183.13393,178.78801,184.95074,111.68901,186.0,2251740,1536976785048,1536976785149
slip,278.0,200.0,2260341,235.69188,200.0,197.06303,201.0745,149.22656,205.76042,98.69496,211.6063,57.5,211.0,2260446,1536976793755,1536976793869
slip,69.0,230.0,2261023,113.60193,218.98898,249.26349,211.36234,316.9274,213.0,331.0,213.0,2261151,1536976794463,1536976794575
slip,103.0,234.0,2261602,142.9637,221.00908,266.7449,209.998,282.0,209.0,2261706,1536976795019,1536976795122
slip,57.0,208.0,2271354,111.989,194.09854,157.74303,187.32242,255.32663,183.6878,326.57364,191.37917,2271513,1536976804821,1536976804935
slip,267.0,186.0,2271951,230.38194,176.08304,184.20398,170.4068,110.561195,170.0,66.0,168.5,2272039,1536976805350,1536976805459
slip,254.0,165.0,2284228,221.0,158.0,171.72461,157.8991,126.29366,160.98273,92.0,163.0,2284314,1536976817625,1536976817734
