slip,272.0,215.0,8865628,243.88264,213.78827,200.52504,215.44655,134.90482,231.93945,77.12252,252.5966,8865705,1536994995572,1536994995765
slip,231.0,243.0,8875484,207.77681,237.0,180.54572,239.22481,148.50797,246.88455,113.5,253.0,69.471725,262.0,8875610,1536995005475,1536995005663
slip,273.0,202.0,8878344,243.2443,204.4491,196.15405,216.61267,118.30591,245.07109,79.62207,261.56137,66.0,276.0,67.0,278.0,8878442,1536995008308,1536995008536
slip,325.0,200.0,8880741,299.99182,203.70926,270.0863,213.26106,228.51518,227.49493,163.17342,250.60886,136.5,259.5,8880856,1536995010721,1536995010894
slip,292.0,207.0,8882158,261.23697,211.34622,210.94066,223.51483,117.56622,243.03963,76.49332,250.13159,63.490677,253.50311,62.0,254.0,8882257,1536995012122,1536995012299
slip,296.0,175.0,8894246,242.2378,183.49147,173.9604,200.7599,141.0,209.0,8894311,1536995024180,1536995024345
slip,109.0,233.0,8895028,138.4943,208.71754,173.62206,198.2922,236.63799,193.74942,289.4803,201.96005,299.0,204.0,8895145,1536995025010,1536995025207
slip,299.0,203.0,8895549,272.52005,203.0,235.35721,217.24104,228.0,220.0,8895604,1536995025472,1536995025648
slip,315.0,159.0,8895989,285.13046,172.4239,263.03406,183.98297,227.73676,201.99503,169.63226,230.09288,8896107,1536995025972,1536995026163
slip,113.0,229.0,8896341,170.1549,205.9256,266.5525,174.06155,286.0,168.0,8896440,1536995026308,1536995026519
slip,149.0,206.0,8896695,215.93271,197.37614,288.99405,189.52695,372.0,184.5,8896792,1536995026660,1536995026853
slip,292.0,250.0,8909432,255.14232,250.0,230.49588,253.05307,195.13599,255.70267,188.0,256.0,8909537,1536995039406,1536995039587
slip,285.0,201.0,8912378,244.85773,197.45804,196.2869,200.69185,193.0,201.0,8912433,1536995042303,1536995042488
slip,99.0,243.0,8912926,134.73778,233.783,170.77367,224.20752,243.66792,204.07155,318.5,196.5,8913031,1536995042900,1536995043069
slip,136.0,235.0,8922853,171.07928,228.61908,208.92072,221.74602,285.1688,208.56702,326.81244,206.31491,335.0,206.0,8922980,1536995052850,1536995053040
slip,119.0,219.0,8923471,136.0,219.0,173.31499,219.0,246.32068,208.26906,329.5,198.0,8923569,1536995053434,1536995053620
slip,269.0,208.0,8923895,250.21436,208.0,218.98708,216.8431,175.5051,228.46088,143.5,241.5,8923962,1536995053831,1536995054034
slip,301.0,209.0,8924408,260.3362,219.45798,224.57578,225.04004,181.29343,234.89201,121.551346,255.40703,8924507,1536995054375,1536995054553
slip,311.0,154.0,8925737,292.18048,126.721954,302.81927,117.18071,303.0,117.0,8925824,1536995055689,1536995055834
slip,106.0,157.0,8927212,101.120094,124.68136,96.81195,106.24782,92.2847,97.569405,83.2787,95.54645,8927310,1536995057177,1536995057349
slip,254.0,261.0,8940764,213.1977,272.63373,176.93874,284.7211,166.0,287.0,8940819,1536995070688,1536995070884
slip,152.0,182.0,8941054,182.87968,191.73495,227.2897,192.07335,261.5,190.0,8941152,1536995071018,1536995071203
slip,130.0,207.0,8941493,146.0,207.0,178.62228,207.0,233.95857,197.92938,321.70157,172.98878,331.0,170.0,8941591,1536995071459,1536995071643
slip,105.0,191.0,8949668,100.765656,177.0,110.71592,177.0,126.40823,180.3633,139.19495,182.27437,149.0,183.5,8949795,1536995079661,1536995079830
slip,147.0,207.0,8950233,131.0,207.0,121.59499,207.0,115.433975,207.0,8950331,1536995080196,1536995080389
slip,164.0,246.0,8950896,152.0,230.0,152.0,218.36848,155.50499,213.41583,158.0,213.0,8951013,1536995080879,1536995081039
slip,324.0,189.0,8953226,291.85825,189.0,265.36447,184.09592,228.29526,182.39597,184.75232,182.0,124.63972,194.7601,116.0,198.0,8953354,1536995083224,1536995083424
slip,150.0,146.0,8957585,128.78828,149.21172,121.67877,159.25699,114.5,165.0,8957683,1536995087547,1536995087713
slip,289.0,201.0,8959453,269.32626,206.62106,238.32703,215.22844,202.7564,226.30478,8959507,1536995089374,1536995089560
slip,284.0,174.0,8963118,261.9713,174.0,226.11954,183.94075,130.03065,211.64368,72.09137,234.27255,65.0,237.0,8963194,1536995093060,1536995093286
slip,312.0,189.0,8967659,278.13016,194.94794,260.08325,198.9872,246.74962,201.2144,240.80853,202.0,239.5,202.0,8967800,1536995097665,1536995097822
slip,283.0,180.0,8970067,255.3294,185.87915,228.477,187.43495,85.0,219.5,8970172,1536995100040,1536995100186
