slip,311.0,199.0,21988491,282.80023,193.92867,251.57079,192.41612,214.58356,192.0,172.19064,192.73367,95.00144,195.45609,60.861416,196.0,29.0,203.5,21988638,1536914602400,1536914602800
slip,302.0,216.0,21990820,275.17142,212.05714,251.30249,211.76974,216.24666,215.84416,174.5,220.5,72.61158,246.356,47.0,250.0,21990958,1536914604720,1536914605099
slip,315.0,188.0,22001653,290.0,188.0,262.94113,188.0,224.91252,189.2035,148.83871,190.0,79.33075,190.97745,31.5,195.5,22001780,1536914615540,1536914615960
slip,305.0,190.0,22003105,276.44022,190.0,238.59071,191.09767,185.98166,199.77821,91.461426,217.16096,34.4532,239.0216,28.0,242.0,22003223,1536914616982,1536914617379
slip,287.0,215.0,22030073,265.0,211.0,248.41002,211.0,230.9504,213.37265,203.37633,216.10394,182.17294,217.75366,149.58284,221.91673,102.91768,227.0613,61.62734,232.22252,22030242,1536914644001,1536914644409
slip,325.0,177.0,22040532,295.15967,177.0,273.65375,177.0,246.99995,179.0,214.70224,184.7345,184.9254,190.22623,103.655464,211.87082,65.12828,225.95724,20.0,249.5,22040710,1536914654472,1536914654847
slip,303.0,190.0,22049888,259.52374,197.82542,216.00752,203.30905,156.25752,214.93562,107.60896,227.56119,65.13427,242.62192,58.0,245.0,22050008,1536914663767,1536914664212
slip,294.0,188.0,22050778,270.0659,188.0,251.00783,183.14342,228.90948,183.0,203.04877,183.89757,175.5,187.0,145.67818,189.77116,99.46023,199.6237,65.88593,208.03423,22050956,1536914664717,1536914665118
slip,116.0,206.0,22051739,141.0,202.0,167.05951,200.21892,197.6192,200.0,240.38307,201.97627,304.51334,204.76144,330.3758,206.94798,331.0,207.0,22051877,1536914665641,1536914666039
slip,317.0,207.0,22052306,277.28757,207.0,242.0,205.5,202.88936,207.04442,139.46861,215.47357,90.362076,226.8793,51.86103,242.56949,43.0,247.0,22052454,1536914666216,1536914666598
slip,287.0,203.0,22052861,261.3254,198.0,239.22856,198.0,214.16245,200.51167,181.2159,203.96402,147.13516,208.9807,99.11391,217.81667,66.94966,226.8151,45.592304,237.19359,41.0,240.0,22053040,1536914666799,1536914667197
slip,225.0,225.0,22054592,199.55261,216.87799,180.69284,214.78214,157.68279,212.77885,132.76685,212.82707,105.32707,214.23364,81.960175,215.75249,57.659275,217.35605,41.11683,218.0,24.586775,220.88264,22054770,1536914668532,1536914668946
slip,312.0,135.0,22055072,286.85977,135.0,270.3638,141.20659,250.69318,145.46136,227.01782,150.05916,206.8009,156.06636,183.44443,159.21568,157.40245,164.55487,128.06378,172.61897,67.6151,193.88176,38.775795,209.47903,19.116854,222.9221,22055295,1536914669056,1536914669432
slip,50.0,167.0,22056738,333.0,157.0,22056877,1536914672073,1536914672466
slip,56.0,164.0,22057229,343.0,155.0,22057409,1536914672096,1536914672507
slip,65.0,191.0,22057860,336.0,170.0,22058073,1536914672103,1536914672543
slip,75.0,179.0,22058426,324.0,166.0,22058606,1536914672525,1536914672921
slip,99.0,135.0,22059045,120.9852,135.0,130.05963,135.0,141.13832,135.0,154.09846,135.0,163.49147,135.0,174.26569,129.24477,184.0,127.5,189.77863,124.14758,196.2126,121.78739,198.03761,119.96238,200.0,119.40032,200.0,117.89921,201.0,118.0,202.0,118.0,193.23454,118.0,188.76532,118.0,185.10861,118.0,180.5,118.0,178.1821,118.0,174.45209,118.0,171.93088,116.96544,171.0,114.959076,168.88889,113.0,168.0,113.0,22059580,1536914673342,1536914673721
slip,90.0,169.0,22066088,129.17213,161.98088,159.84264,156.03577,199.08487,152.14406,280.80322,141.69217,298.68414,144.0,321.3614,148.89638,345.0,151.0,22066236,1536914679995,1536914680393
slip,81.0,162.0,22066771,105.23382,162.0,124.634476,157.45468,144.45592,157.0,173.9436,157.0,202.213,158.06065,239.29828,159.64067,286.78558,160.0,335.5,163.0,332.0,164.0,22066951,1536914680714,1536914681109
slip,307.0,175.0,22067262,281.6934,170.0,263.99277,169.0,242.84195,169.0,215.5724,170.96225,191.22133,173.0458,143.59343,174.92683,87.73488,178.22449,46.370094,184.10498,24.983871,192.39206,22067456,1536914681215,1536914681628
slip,307.0,171.0,22071526,289.54654,171.0,275.89526,175.93544,253.42691,175.0,219.85985,178.21681,184.93848,181.60492,92.59994,190.88814,49.90069,196.92795,13.0,209.0,22071695,1536914685456,1536914685842
slip,315.0,161.0,22072979,301.0,161.0,280.76376,163.80905,248.98671,169.91478,207.29153,177.99864,142.65129,189.33717,78.90023,203.93474,44.740833,209.38887,25.5,212.5,22073148,1536914686910,1536914687307
slip,303.0,171.0,22077777,261.81174,179.1398,230.0406,182.24661,185.2075,187.93689,86.36505,205.83969,44.831978,216.7623,21.0,226.0,22077914,1536914691676,1536914692070
