slip,297.0,119.0,4085718,268.97992,112.195984,243.49698,108.374245,214.80942,105.040474,180.51523,101.52147,133.13724,99.974625,84.741615,102.96273,63.171673,109.25487,43.0,113.5,4085868,1536979516350,1536979516474
slip,314.0,149.0,4092580,280.9316,142.44211,253.37018,139.53214,220.26419,133.33604,173.34898,122.148094,122.25021,103.12511,108.4723,96.65436,84.65984,88.44263,83.0,88.0,4092729,1536979523207,1536979523307
slip,317.0,168.0,4097332,282.22513,162.85002,258.4754,157.86885,225.21268,150.14244,192.55954,141.33441,140.85892,123.34357,109.4127,112.04445,62.5,87.0,4097473,1536979527954,1536979528065
slip,311.0,162.0,4097930,291.4696,152.25966,272.0,142.0,241.99622,130.4102,200.35321,112.86195,152.10274,91.32974,108.5,72.0,94.970375,69.99506,80.0,68.5,4098082,1536979528561,1536979528653
slip,172.0,92.0,4100540,155.0,92.0,145.8702,88.0,138.22939,87.0,132.621,85.87367,128.8436,86.0,125.5,86.0,134.0,86.0,4100688,1536979531169,1536979531261
slip,291.0,159.0,4103296,306.0,150.0,315.7841,144.47726,328.94577,139.71626,4103412,1536979533900,1536979533989
slip,294.0,132.0,4108767,265.71643,125.238815,244.41725,118.97636,216.72849,111.87729,184.5,103.5,164.14474,97.04825,132.23459,87.360085,102.92296,80.36684,90.5,77.5,4108926,1536979539406,1536979539527
slip,124.0,102.0,4109289,148.45561,111.836685,170.3546,117.856575,207.01367,129.00456,321.0,167.0,4109406,1536979539886,1536979539966
slip,134.0,92.0,4109921,151.0,96.0,171.92256,100.340546,195.40749,103.721,228.18182,112.045456,290.10013,130.00491,325.74005,154.94891,330.0,157.0,4110069,1536979540547,1536979540627
slip,305.0,124.0,4121082,274.7543,99.9181,248.88022,93.1956,215.91074,85.36802,166.36328,71.8863,129.6103,65.658615,114.94069,65.62871,94.86031,67.0,84.0,67.0,4121256,1536979551748,1536979551850
slip,329.0,170.0,4125735,306.87244,164.06772,293.2249,160.08435,267.16266,153.21474,238.99825,143.69511,185.24591,124.17624,120.9617,102.09317,78.15311,96.0,58.689682,99.82758,42.5,106.5,4125927,1536979556406,1536979556523
slip,315.0,197.0,4131953,285.53375,185.54295,260.68015,177.56006,233.50056,169.16685,206.0,163.0,171.88177,148.3674,129.18134,130.18945,97.96268,113.401405,4132113,1536979562590,1536979562754
slip,296.0,152.0,4141342,270.81946,145.63658,245.70741,142.63416,223.33015,137.08253,195.53583,132.29514,171.97964,124.32655,160.27075,119.135376,154.0,116.0,4141460,1536979571943,1536979572046
slip,109.0,72.0,4141760,126.28561,69.946495,142.32248,67.0,159.65948,68.41487,177.05833,72.76459,199.80673,78.094376,218.7628,85.890526,247.07573,96.754814,267.0,104.0,4141954,1536979572435,1536979572532
slip,144.0,90.0,4142530,168.5,100.5,184.53194,102.34043,201.52377,108.77921,221.12296,115.34553,243.13133,123.43246,268.6256,131.77225,294.5,144.5,4142709,1536979573189,1536979573285
slip,327.0,169.0,4153431,313.0,169.0,295.7914,162.19785,268.49167,158.74916,229.46677,150.43591,164.12819,137.18803,112.8035,129.64795,79.33957,126.460915,61.29773,123.25367,52.653877,117.65388,4153600,1536979584078,1536979584151
slip,305.0,147.0,4156622,279.70184,136.03917,252.38045,128.18535,226.0749,121.31615,197.14307,113.66923,163.24289,101.44744,133.25845,91.02657,115.75242,82.97026,107.0,77.5,4156775,1536979587253,1536979587350
slip,311.0,161.0,4158121,279.26315,143.82018,244.44398,131.3776,198.85835,113.37076,153.6881,95.621925,105.5,77.0,96.514885,74.8614,4158291,1536979588768,1536979588899
slip,290.0,152.0,4159660,253.76407,149.72534,220.84727,148.0,184.27426,144.5456,145.88414,138.16075,114.90594,132.78119,92.314644,127.01724,74.050385,122.5084,71.0,122.0,4159819,1536979590301,1536979590399
slip,101.0,139.0,4160449,126.257744,145.31444,139.71613,149.57204,161.8781,151.84843,189.37839,156.00711,213.58823,159.33823,218.0,160.0,4160589,1536979591067,1536979591157
slip,327.0,168.0,4162086,292.13196,150.80371,269.39432,138.67697,241.05403,125.17432,192.5712,104.42415,154.22693,86.62575,131.3499,78.33925,116.423836,73.72715,100.327934,69.898384,94.0,68.0,4162264,1536979592744,1536979592828
slip,316.0,139.0,4164682,274.72354,137.05962,248.61362,132.92975,212.1508,125.46448,183.28166,117.1845,158.39374,109.1575,137.48404,98.64525,4164831,1536979595308,1536979595413
slip,311.0,168.0,4166948,290.0,168.0,266.00473,170.7847,246.8134,171.51555,226.35843,172.0,206.11476,167.94073,193.97617,165.49403,172.66672,158.64104,156.0,141.5,4167106,1536979597587,1536979597704
slip,315.0,181.0,4169456,299.39352,181.0,282.08527,181.0,262.2265,181.0,232.37666,170.79222,203.1468,161.41035,161.81827,145.93942,124.695816,132.15948,101.890396,122.9452,96.0,120.0,4169607,1536979600088,1536979600181
