slip,294.0,163.0,21477192,253.0713,163.0,237.0,169.0,21477247,1536913375876,1536913376256
slip,318.0,164.0,21485635,298.0,170.0,266.44632,182.48953,233.34203,192.44113,206.4547,201.84843,135.43115,208.9368,119.851616,207.20573,21485784,1536913384405,1536913384831
slip,182.0,147.0,21496309,234.1817,135.2273,293.02582,128.02124,21496405,1536913395030,1536913395434
slip,173.0,207.0,21496939,196.0,207.0,244.58463,203.38799,317.565,198.67393,21497045,1536913395666,1536913396057
slip,273.0,182.0,21507752,231.06708,174.1088,199.0,174.0,169.9147,184.1348,55.5,217.5,21507867,1536913406491,1536913406871
slip,274.0,178.0,21510636,231.80638,178.0,204.74748,176.0,183.84544,177.0,171.67545,177.0,164.99297,173.99648,156.0,174.0,21510773,1536913409398,1536913409798
slip,156.0,222.0,21511137,170.0,222.0,203.0,207.0,21511210,1536913409831,1536913410217
slip,224.0,222.0,21511650,185.0426,211.25533,161.01517,209.53435,143.68694,208.0687,131.0,208.0,21511756,1536913410380,1536913410776
slip,60.0,267.0,21515027,56.0,227.0,21515099,1536913413722,1536913414110
slip,304.0,159.0,21527783,272.7494,159.0,235.84229,163.05719,199.28954,168.28508,170.12915,171.31612,151.06725,172.0,135.5,167.5,21527910,1536913426537,1536913426923
slip,187.0,199.0,21528359,213.55363,189.81676,258.37314,179.66711,324.9505,164.2099,336.0,162.0,21528466,1536913427090,1536913427500
slip,150.0,239.0,21528959,202.98856,218.24533,319.41736,181.79132,325.0,179.0,21529056,1536913427680,1536913428080
slip,230.0,215.0,21538125,212.0,202.0,204.34357,192.81229,197.61923,185.61923,192.15941,184.0,187.48494,184.0,177.71892,188.64055,169.88785,192.55608,157.0,197.5,145.08705,199.90941,144.0,200.0,21538328,1536913436950,1536913437329
slip,256.0,187.0,21548617,222.38394,180.04799,200.73492,176.8823,182.46587,173.72107,170.79881,170.34985,160.76213,170.0,154.13864,169.0,146.57199,166.0288,21548776,1536913447397,1536913447893
slip,304.0,207.0,21549385,233.82805,198.34486,170.85071,197.0,125.434616,201.39134,105.54874,207.48375,68.0,217.0,55.854584,215.26295,29.5,201.5,21549545,1536913448169,1536913448628
