slip,101.0,202.0,9156315,101.0,178.92682,108.5,166.0,9156388,1536995399738,1536995399895
slip,289.0,158.0,9157918,260.001,176.63591,239.43744,185.85419,212.9967,193.47455,185.51341,199.66368,138.26572,208.2316,97.7334,216.59229,73.930145,221.0,9158096,1536995401447,1536995401617
slip,291.0,204.0,9163208,267.32266,204.0,234.51627,210.52032,197.36897,216.8576,163.0,223.5,9163285,1536995406639,1536995406829
slip,96.0,158.0,9163853,75.09084,132.27254,71.47585,119.37926,70.5,114.5,9163939,1536995407289,1536995407463
slip,176.0,107.0,9173019,163.42004,83.36674,160.96735,75.83673,159.5,71.5,9173126,1536995416476,1536995416631
slip,291.0,220.0,9174602,253.31342,232.17165,216.8047,243.1985,172.93259,258.09222,137.90427,271.36523,116.435196,279.3368,97.4052,289.81638,85.0,298.5,9174739,1536995418090,1536995418258
slip,181.0,238.0,9178309,217.0,235.0,9178396,1536995421840,1536995421986
slip,83.0,156.0,9179793,96.0,121.0,9179891,1536995424779,1536995424968
slip,226.0,165.0,9182016,61.0,218.0,9182165,1536995425517,1536995425701
slip,82.0,210.0,9182389,115.236046,207.47885,155.32094,196.1632,236.10887,172.9665,289.75525,161.58995,311.51865,159.24896,316.0,159.0,9182551,1536995425905,1536995426059
slip,129.0,199.0,9182957,152.68686,203.66821,183.16232,204.77176,229.80386,202.48213,331.3871,193.63698,332.0,194.5,9183063,1536995426415,1536995426595
slip,234.0,66.0,9183652,226.95888,91.56169,228.0,105.0,9183739,1536995427089,1536995427242
slip,209.0,79.0,9184229,209.0,103.31369,209.0,116.917015,209.0,128.77637,209.0,135.26591,209.0,138.5,9184357,1536995427708,1536995427873
slip,108.0,295.0,9186783,100.78848,269.0963,97.244026,259.22012,97.0,258.0,9186880,1536995430231,1536995430373
slip,187.0,308.0,9191816,169.3723,308.0,162.8069,300.21036,161.0,300.17172,156.5,300.0,9191932,1536995435283,1536995435477
slip,288.0,222.0,9199527,262.606,227.07881,248.0,230.0,9199571,1536995442927,1536995443098
slip,326.0,175.0,9199968,289.07776,182.32037,250.5,187.5,190.7788,198.84424,124.0,221.5,9200074,1536995443428,1536995443649
slip,211.0,137.0,9202160,231.0,121.0,243.83899,107.89089,252.85448,96.40373,9202256,1536995445607,1536995445800
slip,291.0,184.0,9205169,262.86383,178.97568,234.47746,175.18619,223.0,173.0,9205224,1536995448577,1536995448755
slip,309.0,166.0,9205609,293.0,177.0,275.797,179.80034,274.0,180.0,9205683,1536995449039,1536995449215
slip,308.0,250.0,9212107,293.0,250.0,262.69656,250.0,217.86644,252.56093,136.76862,264.20523,83.406425,276.98434,69.74839,279.91107,9212234,1536995455584,1536995455777
slip,295.0,231.0,9212541,274.60587,231.0,247.10754,238.95699,219.47441,247.09328,212.0,250.0,9212618,1536995455970,1536995456158
slip,59.0,238.0,9212961,78.0809,213.82246,120.269844,204.30896,230.0,184.5,295.02548,176.8934,9213089,1536995456439,1536995456636
slip,282.0,233.0,9214710,220.99193,254.66936,191.95885,264.74036,188.0,266.0,9214776,1536995458132,1536995458321
slip,52.0,247.0,9215516,42.0,229.0,36.0,217.32718,36.0,212.0,9215602,1536995458952,1536995459121
slip,59.0,239.0,9216841,54.0,222.0,54.0,208.1073,54.0,207.0,9216928,1536995460280,1536995460461
slip,210.0,197.0,9219245,214.23834,173.06633,230.42107,164.99042,9219332,1536995462682,1536995462858
slip,297.0,186.0,9227693,220.51308,200.38028,130.86064,246.82877,95.5,266.5,9227770,1536995471122,1536995471295
slip,90.0,260.0,9228262,103.44291,245.0,138.6778,244.17738,227.8081,229.48944,299.0817,217.77658,9228390,1536995471740,1536995471922
slip,131.0,231.0,9228808,177.62756,214.63509,236.06517,197.2251,303.6877,170.19601,306.0,169.0,9228905,1536995472261,1536995472433
slip,108.0,133.0,9229460,109.507866,94.73296,9229557,1536995472907,1536995473077
slip,105.0,113.0,9230090,105.0,94.0,115.5,80.5,9230177,1536995473528,1536995473674
slip,306.0,198.0,9241203,285.0,207.0,263.98514,221.43813,238.40146,236.14919,194.72034,254.8925,153.7351,272.9906,107.5,299.0,9241351,1536995484705,1536995484877
slip,193.0,270.0,9245349,179.0,270.0,166.86293,270.0,157.0,270.0,143.58246,270.0,138.44885,267.7954,138.0,266.0,9245475,1536995488829,1536995489006
slip,283.0,206.0,9247654,231.63487,209.45888,210.0,213.0,9247709,1536995491064,1536995491239
slip,311.0,221.0,9249292,289.0,221.0,264.46024,227.16371,229.93092,234.02303,181.96524,249.47444,174.0,252.0,9249408,1536995492764,1536995492937
slip,327.0,175.0,9252487,305.14017,200.83981,287.78455,213.6385,265.57224,226.22813,231.67162,236.48372,193.27412,241.3992,171.5,242.5,9252624,1536995495974,1536995496163
slip,290.0,183.0,9254320,239.75311,195.19247,220.0,200.0,9254376,1536995497737,1536995497926
slip,298.0,201.0,9257089,280.57373,201.0,253.97176,194.40013,215.91498,189.72096,9257155,1536995500506,1536995500679
slip,301.0,188.0,9257665,246.3885,200.02028,9257714,1536995501064,1536995501260
slip,277.0,101.0,9258300,257.0,105.0,247.40317,112.24603,244.7787,118.8852,245.0,119.5,9258396,1536995501750,1536995501902
slip,304.0,192.0,9260370,278.62872,192.0,256.94678,196.0133,234.14032,192.73433,214.32947,193.12851,9260457,1536995503807,1536995504003
slip,290.0,168.0,9261012,260.7878,176.0,242.08496,174.0,220.27591,174.0,198.0,172.5,9261119,1536995504471,1536995504711
slip,298.0,150.0,9267732,248.44388,169.33351,215.32445,177.92213,176.0,179.5,9267808,1536995511160,1536995511330
slip,273.0,242.0,9268319,244.01413,247.82784,204.97978,256.20404,167.5,264.0,9268375,1536995511726,1536995511912
