slip,159.0,227.0,17762146,182.5409,227.0,205.94136,227.69899,239.69687,226.93665,274.43143,220.89215,312.87567,211.28108,327.0,207.0,17762295,1536906949659,1536906950084
slip,254.0,222.0,17762743,201.11414,222.38634,166.013,227.1974,126.31727,236.92068,83.135414,255.81068,68.98697,268.05212,63.19304,282.57532,63.0,283.0,17762882,1536906950243,1536906950696
slip,257.0,244.0,17773866,231.32404,234.08838,204.2706,234.11708,170.92903,239.93465,130.9417,252.17178,79.32282,270.39694,65.99646,283.00354,17774004,1536906961363,1536906961786
slip,322.0,196.0,17786036,307.0,196.0,290.80826,196.0,265.14655,200.28502,235.57388,208.22307,197.5,219.5,148.28197,235.22438,112.68432,251.96837,79.94644,270.29114,17786195,1536906973555,1536906973994
slip,290.0,221.0,17796731,270.0,221.0,241.23341,224.15332,207.46518,228.83214,175.16342,237.03722,134.5,251.5,95.36546,275.14056,86.0,286.5,17796889,1536906984253,1536906984653
slip,148.0,228.0,17797435,201.4094,224.42792,247.79935,227.62935,360.0,237.0,17797533,1536906984892,1536906985306
slip,154.0,207.0,17798409,215.42996,214.086,312.93808,236.10321,317.0,237.0,17798505,1536906985869,1536906986265
slip,229.0,252.0,17808121,182.29314,245.71507,146.52301,247.1105,111.78841,252.03023,82.20201,259.6995,67.59212,265.74625,67.0,266.0,17808237,1536906995598,1536906996018
slip,268.0,220.0,17816636,243.0,220.0,203.13354,225.1083,155.018,231.288,85.95462,249.01512,65.377266,256.60852,17816742,1536907004102,1536907004536
slip,246.0,199.0,17826808,192.59128,193.7793,132.52237,190.46588,71.679344,182.61322,50.407654,175.20383,17826914,1536907014274,1536907014695
slip,115.0,188.0,17827234,146.77911,189.27791,184.86717,193.5616,260.67938,200.26263,323.0,207.0,17827332,1536907014695,1536907015135
slip,132.0,207.0,17827523,149.0,198.0,191.90053,190.22404,274.76926,183.5879,355.5,189.5,17827629,1536907014990,1536907015421
slip,260.0,219.0,17836585,221.59282,219.0,189.40851,215.0,153.70494,218.0,109.3549,221.65135,65.91381,219.45491,54.50685,218.57745,17836711,1536907024072,1536907024494
slip,292.0,199.0,17839107,253.07153,199.0,229.85303,197.0,199.87946,197.34398,172.7254,194.87987,149.0,184.5,17839233,1536907026596,1536907027044
slip,263.0,175.0,17847259,225.83066,175.0,193.0,175.0,157.92215,175.0,120.568436,166.00446,96.0,157.5,17847365,1536907034726,1536907035157
