slip,159.0,108.0,7629246,186.99806,94.66731,203.42746,88.2991,207.0,87.0,7629394,1536991375369,1536991375089
slip,251.0,192.0,7640171,204.95592,194.74149,163.0166,196.91934,100.44716,196.37236,43.0,193.5,7640263,1536991386231,1536991385965
slip,109.0,140.0,7644269,133.5056,140.0,140.0,140.0,7644386,1536991390361,1536991390061
slip,247.0,169.0,7650371,198.53252,169.0,155.99428,168.24118,93.506165,169.32129,7650458,1536991396424,1536991396160
slip,298.0,159.0,7650959,264.44232,159.0,231.65495,158.02728,187.71568,159.0,127.3382,160.1216,63.517284,167.50998,38.48272,173.8391,7651086,1536991397052,1536991396811
slip,244.0,137.0,7671068,189.2436,152.21611,147.14378,157.75264,102.02796,162.49884,70.18008,161.76126,7671173,1536991417140,1536991416842
slip,291.0,157.0,7681967,268.0,157.0,233.86252,161.83206,193.65764,166.12799,141.38356,172.47478,76.0,180.5,7682072,1536991428039,1536991427729
slip,261.0,179.0,7693901,37.0,200.0,7694019,1536991441102,1536991440797
slip,263.0,170.0,7694628,28.0,213.0,7694777,1536991441121,1536991440816
slip,304.0,174.0,7695311,46.0,187.0,7695441,1536991441829,1536991441528
slip,123.0,151.0,7695899,170.79079,157.27908,251.6249,169.97346,354.58734,200.15602,7696017,1536991441983,1536991441725
slip,281.0,147.0,7696881,239.36278,145.66977,198.11595,139.18599,151.01129,134.70721,93.76638,127.62773,66.0,123.0,7696979,1536991442945,1536991442662
slip,307.0,143.0,7697524,275.5571,147.24791,238.5,151.0,180.2926,153.99303,101.27078,156.56175,57.986095,158.00044,36.19105,158.6007,31.0,159.0,7697663,1536991443632,1536991443344
slip,131.0,161.0,7698037,166.47559,168.49857,197.0042,169.95671,269.57303,176.73483,332.70395,183.07822,7698165,1536991444130,1536991443834
slip,168.0,166.0,7698498,203.25484,166.0,236.5,169.0,306.13846,181.49007,7698595,1536991444562,1536991444266
slip,278.0,185.0,7702163,298.78784,182.21216,310.1705,174.91475,7702301,1536991448266,1536991448001
slip,282.0,180.0,7703017,266.0,180.0,261.2517,180.0,256.67502,180.0,251.16621,172.74933,250.0,171.0,7703134,1536991449104,1536991448810
slip,292.0,149.0,7709205,247.21156,153.71153,204.99783,157.5334,140.0916,161.32011,94.0,165.5,7709301,1536991455269,1536991454978
slip,262.0,207.0,7719036,217.25616,209.49934,174.49648,213.41109,130.65634,216.84027,61.0,216.0,7719132,1536991465099,1536991464784
slip,223.0,161.0,7721419,183.60892,168.06519,141.25,172.27777,103.36398,175.0,83.0,175.0,7721505,1536991467473,1536991467181
slip,266.0,156.0,7732541,100.0,168.0,7732669,1536991479480,1536991483260
slip,193.0,205.0,7733192,55.0,227.0,7733310,1536991479489,1536991483266
