slip,326.0,189.0,22788936,312.0,196.0,294.7578,199.83159,278.87497,201.50893,255.71803,203.25246,231.13959,207.10754,202.22758,213.4431,172.26495,220.947,135.53543,231.17717,88.74879,243.13826,56.5719,249.23802,22789140,1536915772240,1536915772649
slip,297.0,182.0,22790304,268.56238,201.82822,242.0168,215.87956,196.56296,235.25691,130.90231,258.75458,92.046936,269.10355,63.32021,272.02667,63.0,272.0,22790452,1536915773553,1536915773972
slip,284.0,169.0,22793093,239.8962,186.29698,199.02776,202.3889,118.479034,230.96707,75.5,248.5,42.7893,254.86072,42.0,255.0,22793219,1536915776321,1536915776732
slip,315.0,170.0,22794994,280.1082,189.4459,246.0339,204.98508,152.0617,245.89096,96.64005,265.78665,56.79205,276.60397,54.0,278.0,22795142,1536915778246,1536915778635
slip,299.0,172.0,22799802,272.0,184.0,224.90938,199.68521,138.9125,224.69583,64.20059,247.25316,12.0,251.0,22799918,1536915783020,1536915783478
slip,310.0,171.0,22808606,291.0,176.0,274.96008,184.01996,247.2567,193.49788,206.01605,209.59358,130.74265,241.4985,104.15475,255.22044,56.95451,274.125,62.5,281.0,22808764,1536915791867,1536915792247
slip,50.0,220.0,22809320,56.74088,199.25912,86.5743,182.07317,152.79857,159.81851,212.64474,144.17435,263.62216,138.9181,308.43008,139.17,312.0,139.0,22809481,1536915792582,1536915792990
slip,79.0,180.0,22809856,122.332405,157.04956,191.63437,148.16612,276.7885,146.95576,310.1902,151.45573,331.0,153.0,22809993,1536915793094,1536915793473
slip,315.0,137.0,22819664,300.0,145.0,290.36145,151.11446,270.1633,158.65872,242.54333,170.4055,179.83035,194.86101,107.613464,226.70358,42.0,250.0,37.0,248.0,22819842,1536915802947,1536915803372
slip,294.0,158.0,22822442,264.43723,164.86884,231.90166,175.22754,152.15587,197.95546,84.00563,213.01996,43.45369,226.41852,33.5,228.0,22822600,1536915805705,1536915806095
slip,313.0,150.0,22823788,294.0,161.0,270.671,167.85281,227.97905,181.76299,156.74756,205.88646,107.637634,226.93883,59.19043,242.79282,33.5,248.5,22823946,1536915807050,1536915807429
slip,297.0,181.0,22825359,260.0505,191.12842,233.96175,198.91953,191.0743,209.21564,116.9453,226.56398,89.6613,232.96205,46.957047,239.42557,27.0,240.5,22825517,1536915808618,1536915809009
slip,282.0,164.0,22826736,257.10764,173.26772,240.10359,179.42966,212.08693,188.30435,154.24675,205.48701,100.38189,222.53937,59.538513,241.20767,30.0,250.0,22826895,1536915810000,1536915810413
slip,274.0,132.0,22829472,254.0,148.0,228.82272,160.82977,177.06477,185.23247,111.59495,212.6141,65.163,231.15047,37.673836,241.05629,35.0,242.0,22829642,1536915812743,1536915813120
slip,292.0,124.0,22832207,270.00235,136.49883,247.4438,142.63905,210.45009,155.30574,125.24951,185.58641,55.5,216.0,17.515627,230.13393,16.0,231.0,22832377,1536915815479,1536915815860
slip,279.0,172.0,22837152,61.0,266.0,22837302,1536915821503,1536915821882
slip,111.0,178.0,22837665,331.0,135.0,22837859,1536915821525,1536915821900
slip,90.0,212.0,22838157,327.0,133.0,22838351,1536915821549,1536915821927
slip,317.0,213.0,22838606,64.0,269.0,22838766,1536915822219,1536915822589
slip,284.0,169.0,22839150,252.8225,180.3925,235.95749,186.58661,205.0,198.5,165.069,208.17574,108.94238,220.89844,76.638596,228.45421,49.458614,233.41402,42.0,233.0,22839330,1536915822434,1536915822876
slip,311.0,183.0,22839727,282.33594,183.0,269.89075,183.0,250.67989,191.91698,217.82234,196.81311,154.58118,210.77199,103.108665,220.11626,76.56235,222.60269,56.392803,221.70778,40.851536,218.63367,31.68923,215.4757,34.471085,215.0,37.637714,215.0,39.756294,215.0,40.5,215.0,42.07331,213.92668,42.0,212.62178,42.0,211.10727,42.0,210.5,42.0,210.0,42.0,209.0,44.11586,207.88414,44.0,207.0,45.0,207.0,50.0,207.0,22840272,1536915823378,1536915823738
slip,317.0,151.0,22845892,40.0,240.0,22846052,1536915830735,1536915831143
slip,124.0,158.0,22846416,324.0,133.0,22846587,1536915830771,1536915831230
slip,115.0,202.0,22846993,330.0,166.0,22847172,1536915830782,1536915831248
slip,95.0,187.0,22847528,203.54688,186.0,330.0,161.0,22847772,1536915832836,1536915833273
slip,97.0,219.0,22848157,338.0,157.0,22848318,1536915832859,1536915833290
slip,315.0,156.0,22857797,290.59586,165.40416,261.59222,176.88904,188.05281,210.71045,118.039314,237.9857,80.22283,249.11102,59.300735,252.0999,49.5,253.5,22857955,1536915841059,1536915841500
slip,277.0,134.0,22861440,254.07779,150.4611,241.9123,155.4079,214.21265,166.48029,172.5681,186.71596,89.80697,221.3356,35.5,251.0,22861609,1536915844710,1536915845147
slip,303.0,117.0,22862754,278.69974,132.98582,265.48077,137.17308,231.10095,148.63301,170.99268,169.92264,96.0,202.5,27.212048,234.9832,22862923,1536915846026,1536915846451
slip,311.0,156.0,22864130,289.0,163.0,250.64438,177.3169,168.79486,208.7891,109.012825,232.28113,50.85733,255.55945,22864238,1536915847339,1536915847739
slip,316.0,134.0,22865532,301.0,142.0,281.2743,147.94122,243.6678,158.44406,182.92699,182.43333,130.69806,205.65344,81.53829,231.5097,35.0,254.5,22865691,1536915848795,1536915849196
slip,308.0,177.0,22866836,284.8681,185.22638,264.31738,191.56087,221.09752,202.89682,131.96133,229.5116,76.22105,253.19789,64.0,257.0,22866974,1536915850075,1536915850461
slip,306.0,159.0,22868193,284.2815,164.75873,266.3347,170.11089,238.62013,176.94637,177.6313,193.67625,112.7018,213.3047,63.376045,231.18013,13.958592,238.64012,22868352,1536915851452,1536915851837
slip,293.0,152.0,22869420,275.0,156.0,246.72888,161.75555,213.59279,169.57642,160.02396,188.63243,93.53118,211.2594,67.96797,217.27507,30.905563,227.44206,27.0,228.0,22869570,1536915852677,1536915853095
slip,293.0,141.0,22870711,261.47458,152.95792,222.32953,164.66803,139.82841,196.05147,77.92424,211.71353,24.329763,224.66756,22870807,1536915853910,1536915854279
slip,324.0,184.0,22872168,306.0,184.0,283.6528,191.3151,255.19969,197.22112,202.01285,206.22879,108.16977,228.5346,79.8507,232.0905,48.0,239.0,36.0,235.5,22872326,1536915855430,1536915855815
slip,294.0,158.0,22874240,279.0,163.0,262.82108,166.19649,238.6448,170.6291,198.63586,179.04997,111.50639,199.99039,57.186493,216.7594,16.035986,232.31834,22874399,1536915857500,1536915857945
slip,66.0,154.0,22874893,83.857445,136.55345,103.882454,132.19722,141.47949,126.329285,190.03806,119.55322,248.1115,112.44438,283.90833,106.681946,301.5,105.5,22875084,1536915858187,1536915858580
slip,80.0,197.0,22875457,103.19168,183.1425,121.66379,176.66771,153.28635,164.81798,186.37436,154.66867,252.74857,136.13663,289.95654,124.232506,307.46542,121.831665,311.0,121.0,22875651,1536915858752,1536915859158
slip,312.0,179.0,22875969,282.51572,180.81807,256.2726,187.45457,184.4632,203.3415,98.63341,228.05771,59.77073,241.8878,51.0,245.0,22876109,1536915859214,1536915859606
slip,308.0,167.0,22876577,268.75107,168.79399,233.81068,174.53156,172.26398,184.44443,97.544205,198.10971,54.433624,204.73933,53.0,205.0,22876697,1536915859799,1536915860306
