slip,257.0,182.0,18278422,210.7239,193.22418,167.55035,202.45349,108.600746,217.69986,95.31188,225.16124,89.19473,233.61053,89.0,239.0128,84.843666,249.69812,77.0,262.0,18278582,1536907908804,1536907909224
slip,230.0,230.0,18279159,183.01591,230.0,146.3524,231.9974,110.85673,235.44724,79.667946,236.15694,77.0,236.0,18279266,1536907909492,1536907909903
slip,263.0,184.0,18286628,239.0,184.0,192.97665,195.4595,86.76856,220.61554,57.38062,230.61938,45.0,244.5,37.5,254.5,18286744,1536907916965,1536907917377
slip,244.0,159.0,18287662,205.69377,164.01323,166.02122,168.22751,118.995804,174.79369,63.97467,175.0,18287769,1536907917990,1536907918415
slip,243.0,200.0,18289759,190.9355,208.11935,147.55608,216.43198,86.72004,232.41893,67.175766,242.14015,18289864,1536907920084,1536907920543
slip,293.0,208.0,18298465,264.65912,208.0,235.74948,214.65913,199.37714,218.70285,157.48364,224.0021,118.83121,228.8961,95.5,230.5,18298603,1536907928826,1536907929227
slip,190.0,197.0,18298945,228.24565,191.41342,284.5862,184.33441,342.5,174.5,18299032,1536907929256,1536907929668
slip,113.0,192.0,18299491,151.77379,197.46571,234.91313,201.53044,327.87683,204.25325,18299597,1536907929817,1536907930231
slip,263.0,195.0,18307428,241.0,195.0,196.04909,202.84457,146.65594,207.65807,94.05376,215.7175,66.5,218.0,18307533,1536907937760,1536907938170
slip,224.0,199.0,18315601,209.0,199.0,171.5282,199.0,127.91336,200.0,93.35364,200.0,64.5,197.0,59.0,197.0,18315718,1536907945938,1536907946345
slip,134.0,220.0,18324372,166.52272,220.0,216.0,215.5,329.444,202.91188,18324478,1536907954698,1536907955120
slip,116.0,184.0,18324821,169.50595,178.74872,254.04259,174.11565,341.5,170.0,18324917,1536907955138,1536907955560
slip,262.0,177.0,18334745,217.84618,177.0,185.66315,179.0,143.78343,180.18631,95.61824,173.83446,65.0,169.0,18334861,1536907965088,1536907965487
slip,230.0,184.0,18343579,211.0,184.0,181.97319,190.26598,149.22865,192.17142,90.520706,185.0575,54.0,179.5,18343677,1536907973901,1536907974327
