slip,111.0,152.0,3302761,97.678185,131.37366,97.0,117.91662,106.42067,104.48181,108.0,102.0,3302889,1536978183084,1536978183178
slip,304.0,244.0,3304652,268.3368,248.81462,226.2916,253.66162,111.64821,267.3514,43.12806,268.90442,24.5,254.5,3304779,1536978184975,1536978185074
slip,317.0,203.0,3311810,288.35638,203.0,259.2944,196.4425,202.00914,190.0327,140.51266,187.30402,84.24524,189.65305,-9.5,208.5,3311969,1536978192166,1536978192258
slip,298.0,131.0,3315237,269.0696,136.26007,226.31389,146.47595,133.12338,175.53836,75.480865,201.0627,32.082596,221.41939,3315335,1536978195529,1536978195655
slip,84.0,283.0,3315903,74.73478,262.46954,69.43773,255.91698,66.5,252.0,3316030,1536978196225,1536978196309
slip,324.0,203.0,3326042,306.0,208.0,286.48267,210.56467,255.97624,215.2669,211.76328,219.71414,121.81641,235.01517,79.70146,243.28435,59.0,247.0,3326220,1536978206417,1536978206522
slip,121.0,180.0,3326725,180.26674,149.2729,284.75754,126.78922,339.8873,120.211266,3326852,1536978207047,1536978207157
slip,79.0,158.0,3327334,94.0,145.0,180.15579,131.25883,283.2337,123.82555,308.0,123.0,3327451,1536978207648,1536978207749
slip,49.0,198.0,3335231,55.972473,220.97247,59.54292,236.48605,63.933636,250.8009,3335359,1536978215553,1536978215643
slip,303.0,210.0,3338615,282.5452,218.0,276.72446,218.0,271.32736,213.54562,263.92795,211.58559,258.75302,207.37651,252.50375,206.21483,242.52492,201.69684,230.07936,199.20793,212.00131,197.54558,186.57571,196.1431,151.57475,198.42816,115.99828,202.76021,53.259377,217.10922,45.0,220.0,3338873,1536978219069,1536978219216
slip,312.0,156.0,3344665,286.7006,156.0,260.9034,156.0,222.1466,154.68587,139.01073,158.08806,88.10774,160.68628,40.570297,164.59438,13.5,170.0,3344824,1536978225019,1536978225126
slip,313.0,186.0,3349143,297.0,186.0,284.4975,186.0,262.61816,186.0,233.38275,188.95216,190.6422,195.07951,112.06661,215.0351,71.50158,238.31113,42.230335,252.27988,3349321,1536978229515,1536978229626
slip,249.0,111.0,3352698,207.33334,113.434784,134.2205,125.42196,43.21265,150.21907,41.0,151.0,3352764,1536978232958,1536978233061
slip,324.0,193.0,3366859,299.90033,193.0,279.50153,193.0,238.03537,193.0,192.33157,194.79558,125.551346,202.88147,67.11198,212.15671,34.0,218.0,3367017,1536978247214,1536978247326
slip,83.0,172.0,3367306,127.03671,158.79633,193.3924,152.07874,265.9061,151.58766,330.57605,154.45328,337.0,155.0,3367456,1536978247651,1536978247762
slip,130.0,158.0,3367959,159.85135,142.04955,192.75443,132.19662,276.85883,118.2151,311.6441,117.0,3368075,1536978248269,1536978248364
slip,268.0,190.0,3379189,247.0,190.0,232.64734,186.73215,216.7677,184.52434,195.74869,184.0,165.5,184.0,102.13359,193.9343,23.5,214.5,3379347,1536978259544,1536978259629
slip,304.0,180.0,3390697,271.49332,180.0,255.86711,180.0,233.07324,183.0,207.12163,183.0,172.7391,183.0,84.59746,190.34572,24.695328,202.00429,3390875,1536978271071,1536978271161
