slip,248.0,161.0,5492993,213.45044,161.0,190.72519,166.05496,168.00708,172.64034,143.30183,183.36795,5493099,1536981890130,1536981890213
slip,274.0,186.0,5498431,254.63745,186.0,245.81761,189.18239,235.36017,190.0,224.13614,190.76265,209.92532,192.34163,185.66034,193.0,5498611,1536981895641,1536981895732
slip,254.0,166.0,5500899,236.47,157.735,230.5674,158.0,224.56955,155.02782,214.89388,152.22346,204.17427,150.52179,196.27147,150.0,172.0,153.0,5501068,1536981898100,1536981898194
slip,250.0,181.0,5503335,215.50742,166.25223,198.68211,161.5607,182.85191,161.0,162.51755,163.24707,5503452,1536981900480,1536981900582
slip,290.0,186.0,5504018,263.21988,179.04398,239.30354,176.58928,212.59201,175.0,180.51488,175.43114,154.57512,176.0,151.0,176.0,5504157,1536981901190,1536981901288
slip,123.0,84.0,5512555,78.0,94.0,5512673,1536981910286,1536981910334
slip,292.0,159.0,5514286,272.47067,159.0,151.0,160.0,5514468,1536981912930,1536981913043
slip,126.0,234.0,5514917,330.0,200.0,5515026,1536981912956,1536981913063
slip,89.0,209.0,5515440,308.0,205.0,5515568,1536981912984,1536981913083
slip,118.0,215.0,5516050,328.0,202.0,5516199,1536981913658,1536981913720
slip,269.0,236.0,5516599,235.28549,237.83679,162.59776,243.43855,116.8833,242.0552,116.0,242.0,5516688,1536981913718,1536981913785
slip,133.0,213.0,5517161,163.11806,207.56998,189.79318,202.68965,232.0,197.5,283.12772,188.80666,338.41757,175.15884,5517310,1536981914339,1536981914430
slip,291.0,224.0,5526726,269.9717,208.56334,251.54282,206.62857,228.89691,206.11159,211.06154,206.0,193.74672,204.26872,166.9787,202.52519,136.74628,202.0,106.73825,202.0,88.5,202.0,5526939,1536981923970,1536981924082
slip,296.0,155.0,5538714,274.0,162.0,238.02061,175.29279,186.85162,191.88518,131.79263,210.06912,93.30819,222.43665,5538831,1536981935860,1536981935927
slip,281.0,190.0,5540147,243.0,182.5,224.1472,179.16388,195.94298,177.0,169.33435,173.06686,169.0,173.0,5540274,1536981937303,1536981937403
slip,312.0,164.0,5542327,275.30402,170.80615,252.01442,174.64452,222.08272,176.46933,185.37965,175.78998,165.36185,172.78633,5542455,1536981939484,1536981939616
slip,246.0,223.0,5560493,223.6732,223.0,216.45555,217.11389,213.0,215.51219,213.0,214.5,5560609,1536981957638,1536981957757
slip,290.0,172.0,5567744,256.05502,186.80734,223.37152,197.15712,187.9751,203.69614,157.08041,204.0,5567833,1536981964863,1536981964941
slip,327.0,171.0,5572226,313.0,171.0,297.8941,174.81618,280.6959,180.07602,259.67365,185.5537,237.0,192.0,5572342,1536981969372,1536981969468
slip,290.0,168.0,5574535,257.9367,162.60565,234.59033,162.0,207.35486,162.0,178.39949,162.55292,155.29991,159.43123,153.0,159.0,5574662,1536981971692,1536981971760
slip,277.0,216.0,5579803,230.95836,216.0,191.68217,217.47157,155.3458,222.11377,126.0,226.5,5579900,1536981976929,1536981977026
slip,224.0,174.0,5584302,199.19887,168.5591,191.64005,164.21335,179.82901,157.61658,164.3971,153.09163,143.68233,149.41765,129.0,148.5,5584450,1536981981482,1536981981574
slip,286.0,157.0,5584963,252.33939,168.83144,225.89491,182.1671,197.91513,195.83395,166.04344,207.31885,134.0,221.0,5585080,1536981982109,1536981982189
slip,312.0,128.0,5594153,127.0,174.0,5594302,1536981992735,1536982001049
slip,270.0,195.0,5594751,103.0,237.0,5594869,1536981992747,1536982001057
slip,300.0,230.0,5595232,94.0,196.0,5595382,1536981992770,1536982001065
slip,106.0,219.0,5595692,110.0,205.0,325.0,188.0,5595841,1536981993055,1536982001072
