slip,294.0,135.0,1937321,229.62628,142.03777,176.66797,145.26971,129.51749,155.37062,105.38127,160.72374,84.51499,163.50116,78.0,163.0,1937459,1536976377336,1536976377448
slip,316.0,148.0,1939864,294.0,148.0,262.28677,143.26434,229.75131,139.67052,195.01001,139.0,168.12721,144.57455,134.38684,152.48854,132.0,153.0,1940002,1536976379884,1536976380099
slip,69.0,222.0,1943697,69.0,241.25238,69.0,248.00183,69.0,256.523,69.0,260.81683,69.0,264.83185,69.0,265.0,1943838,1536976383715,1536976383809
slip,90.0,93.0,1945515,97.96542,71.31041,102.93054,65.65557,107.5,62.0,1945642,1536976385518,1536976385619
slip,317.0,163.0,1946967,281.57138,169.68573,253.95306,169.56473,214.46071,165.83797,140.16971,160.75966,106.01684,158.90169,86.0,162.0,1947104,1536976386983,1536976387079
slip,312.0,175.0,1949230,272.0964,166.8494,237.084,154.521,186.61075,147.0,145.6179,148.23401,116.5,155.5,1949347,1536976389226,1536976389333
slip,281.0,211.0,1951892,272.0,194.0,272.0,183.58801,287.09277,174.19588,1952009,1536976391885,1536976391999
slip,298.0,179.0,1953366,263.28622,169.65321,232.82516,165.38525,191.97206,164.48251,133.76982,174.56328,104.61395,178.68532,94.78595,182.48563,76.82793,187.54301,1953513,1536976393389,1536976393513
slip,272.0,182.0,1954070,249.0,170.0,220.12045,162.26364,184.99718,156.8331,150.0959,160.15068,106.76789,169.94211,78.28817,181.79886,1954219,1536976394095,1536976394219
slip,311.0,200.0,1955769,297.0,200.0,268.45218,196.29044,234.14456,194.0,191.77383,196.4981,153.11072,210.47342,132.43376,219.25166,113.56626,228.16696,111.0,230.0,1955928,1536976395807,1536976395899
slip,255.0,177.0,1956516,229.7512,166.28171,211.49701,165.46407,188.08453,169.18242,156.27907,174.81628,129.79723,183.40092,105.3592,188.4688,84.72422,193.52518,1956675,1536976396551,1536976396659
slip,268.0,160.0,1962401,96.0,204.0,1962540,1536976403141,1536976403234
slip,82.0,230.0,1963052,330.0,242.0,1963170,1536976403150,1536976403257
slip,166.0,213.0,1963598,330.0,160.0,1963705,1536976403767,1536976403855
slip,296.0,203.0,1964486,265.39023,200.97688,233.86185,196.98744,188.24232,198.87576,107.11565,223.29478,84.5803,232.08527,71.76357,242.20688,52.5,249.5,1964633,1536976404512,1536976404617
slip,266.0,171.0,1965211,223.32092,168.45285,178.8173,164.63628,129.3652,162.09096,79.40869,171.86957,62.928333,182.0441,60.0,195.5,1965338,1536976405217,1536976405319
slip,287.0,184.0,1966739,255.84879,177.9784,221.04033,168.18347,149.22107,134.2986,102.4603,124.73998,87.15168,129.92416,76.34389,137.65611,64.61901,139.0,1966898,1536976406776,1536976406883
slip,173.0,199.0,1967765,154.0,205.0,137.58145,205.0,121.425255,199.5701,96.68266,199.0,75.78564,205.86227,58.78829,208.76352,46.33385,213.3748,1967913,1536976407789,1536976407928
slip,250.0,149.0,1968372,225.97961,147.3115,192.32845,140.64009,150.05191,134.0883,96.99596,130.97426,82.625336,135.89757,71.96083,142.02611,63.216015,141.81067,62.0,141.0,1968511,1536976408392,1536976408495
slip,129.0,205.0,1968991,187.54843,203.26372,303.62494,208.8125,307.0,209.0,1969099,1536976408975,1536976409073
slip,137.0,176.0,1969485,203.75862,204.02022,319.46646,215.14265,321.0,215.0,1969590,1536976409471,1536976409563
slip,309.0,152.0,1979921,262.1518,170.13393,212.44305,171.0,147.18109,169.81236,127.29531,168.33041,107.45796,164.11449,103.5,160.5,1980080,1536976419959,1536976420077
slip,111.0,216.0,1980560,147.22798,204.64821,232.0587,199.66275,325.92987,202.81499,1980678,1536976420554,1536976420683
slip,170.0,185.0,1981180,213.61024,186.00958,290.78342,176.23544,1981287,1536976421163,1536976421277
slip,287.0,168.0,1981629,221.52008,184.0537,116.420876,200.00507,88.62996,204.34251,73.520454,211.98831,61.593838,215.86804,62.5,213.0,1981757,1536976421634,1536976421744
slip,266.0,200.0,1982109,245.0,200.0,210.46783,197.67018,170.2845,191.28552,134.03424,183.97437,95.32106,180.97894,75.251526,175.1048,75.0,175.0,1982238,1536976422115,1536976422215
slip,327.0,174.0,1983703,302.10693,174.0,276.2437,169.84079,237.86295,157.83615,181.5279,141.81331,146.76239,139.61386,130.62775,140.33722,114.5,137.0,1983850,1536976423729,1536976423844
slip,271.0,183.0,1985176,244.0,176.0,204.94853,166.51054,171.38763,158.34691,142.66516,153.46652,111.03583,151.0,91.151375,150.17928,89.0,150.0,1985304,1536976425180,1536976425276
slip,314.0,166.0,1988382,276.0655,167.6594,248.02344,161.32072,216.81958,154.19514,187.5,148.0,153.77022,137.36676,153.0,137.0,1988509,1536976428385,1536976428510
slip,84.0,75.0,1989129,64.83486,99.59817,60.657547,105.456604,57.967747,108.51613,56.0,109.5,1989257,1536976429135,1536976429225
slip,319.0,162.0,1992077,272.85938,141.4597,233.93999,133.4726,171.78638,132.0,114.582344,150.16707,100.87602,157.43665,86.77105,166.33737,72.5,171.0,1992225,1536976432103,1536976432206
slip,288.0,154.0,1993508,264.22467,165.0,234.87196,160.72928,190.00629,151.88982,142.66034,142.73207,128.51491,144.0,112.08088,142.80809,1993657,1536976433533,1536976433641
slip,180.0,158.0,1994053,221.56026,166.84131,291.09445,176.24377,360.0,179.0,1994159,1536976434035,1536976434141
slip,269.0,159.0,1995411,233.10666,144.64267,194.85948,137.80775,159.18756,136.0,122.225876,146.77094,97.7194,162.22449,1995527,1536976435403,1536976435517
slip,303.0,166.0,1997633,269.0,172.0,221.90076,171.21931,169.29996,170.0,128.8751,171.25781,100.71884,175.5915,95.0,176.0,1997759,1536976437635,1536976437771
slip,256.0,169.0,1998400,231.0,161.0,185.98503,157.41887,137.27939,157.0,86.15565,163.29875,71.660385,169.66982,68.02054,167.02054,67.0,166.0,1998529,1536976438408,1536976438503
slip,283.0,118.0,1999105,201.08044,122.49329,124.94546,134.82373,102.730316,139.75656,89.61937,146.36037,84.5,151.0,1999222,1536976439101,1536976439208
slip,273.0,159.0,1999746,206.3011,145.80016,142.48827,145.0,99.61056,153.1075,81.436806,165.04213,59.23876,181.04977,51.0,187.0,1999874,1536976439753,1536976439854
slip,270.0,178.0,2000323,245.16458,173.56732,201.3967,166.12325,110.1562,172.14064,60.646553,188.07866,49.78867,202.61511,44.520996,218.91602,43.5,226.0,2000451,1536976440330,1536976440435
slip,313.0,156.0,2000878,273.40652,152.76099,215.32619,141.3877,122.79495,135.33414,83.90682,155.03728,65.78271,183.43459,58.261757,194.47649,45.494274,207.0675,2001028,1536976440905,1536976441010
slip,261.0,248.0,2001488,201.99768,250.81839,116.46448,255.33249,65.92764,257.0,41.0,260.0,2001586,1536976441461,1536976441580
slip,177.0,99.0,2009233,165.1639,78.32778,160.57742,69.62903,155.6123,62.48307,153.4155,60.41549,152.5,59.5,2009373,1536976449248,1536976449349
slip,302.0,160.0,2010452,302.0,176.0,298.0,182.91946,300.38806,188.79106,303.03632,194.1453,306.0,200.0,2010580,1536976450456,1536976450565
slip,317.0,172.0,2011894,253.25351,180.87012,205.06836,178.03447,139.29933,181.0,109.409775,186.24304,84.85724,196.7582,80.0,199.0,2012031,1536976451907,1536976452038
slip,104.0,203.0,2012575,148.0,187.0,249.04149,183.5011,313.1992,195.56259,2012715,1536976452591,1536976452710
slip,293.0,174.0,2013250,268.4099,179.75644,236.22867,182.67389,185.06961,189.32173,118.665306,201.33368,87.417595,203.0,87.0,203.0,2013388,1536976453265,1536976453382
slip,113.0,220.0,2013719,129.0,220.0,224.23346,227.8103,344.5,232.0,2013825,1536976453703,1536976453781
slip,136.0,198.0,2014105,154.0,206.0,176.1637,204.6909,217.89748,199.38782,378.0,180.5,2014231,1536976454111,1536976454207
slip,289.0,199.0,2026443,256.5435,176.06523,233.39615,171.96822,202.62918,171.0,171.47527,174.21954,124.83681,180.36053,115.0,182.0,2026613,1536976466493,1536976466626
slip,317.0,163.0,2031828,301.9475,188.0525,291.08795,198.91203,285.54785,205.36172,282.02286,208.48857,280.0,209.5,2031966,1536976471842,1536976471922
slip,204.0,193.0,2037735,164.37724,180.27545,132.98607,176.36696,104.409035,175.86617,80.53331,179.38573,61.65446,183.6182,45.0,188.0,2037872,1536976477753,1536976477856
