slip,234.0,234.0,23000302,226.0,219.00932,226.0,217.5,226.0,211.17691,233.5,201.0,23000470,1536916090012,1536916090409
slip,289.0,167.0,23014006,270.0,173.0,243.02496,179.49251,202.72363,189.51498,129.64832,213.11609,95.58703,224.2634,65.46512,232.7872,32.46459,241.38385,23014164,1536916103706,1536916104106
slip,273.0,151.0,23016334,249.11948,159.39444,231.1387,162.75839,187.63538,177.12573,81.49392,211.13657,60.102665,211.23074,39.0,213.0,23016482,1536916106024,1536916106441
slip,284.0,153.0,23022103,266.0,166.0,246.17874,173.41063,206.31332,193.34334,136.29602,226.32732,77.86505,247.83565,52.623768,254.39604,49.0,255.0,23022263,1536916111808,1536916112248
slip,307.0,168.0,23025832,290.0,173.0,260.6912,181.32721,215.9661,195.22519,113.55292,222.90547,49.496964,244.447,23.0,248.0,23025969,1536916115513,1536916115880
slip,289.0,123.0,23027080,267.30383,135.0177,256.15265,137.50601,237.0,145.5,206.25081,158.47334,173.5,172.5,108.403625,203.29819,85.10031,211.7578,64.12687,223.24875,44.745888,236.0022,41.0,238.0,23027294,1536916116839,1536916117216
slip,272.0,149.0,23038351,45.0,233.0,23038511,1536916129150,1536916129541
slip,118.0,196.0,23038896,328.0,144.0,23039076,1536916129175,1536916129559
slip,270.0,182.0,23039502,54.0,253.0,23039580,1536916129212,1536916129591
slip,304.0,179.0,23040007,38.0,256.0,23040178,1536916131116,1536916131542
slip,306.0,180.0,23040722,47.0,255.0,23040873,1536916131136,1536916131573
slip,313.0,160.0,23041140,44.0,211.0,23041319,1536916131142,1536916131592
slip,66.0,184.0,23041631,323.0,157.0,23041836,1536916131846,1536916132222
slip,75.0,184.0,23042091,316.68835,136.07909,322.0,130.0,23042336,1536916131895,1536916132296
slip,151.0,132.0,23042892,187.90413,120.156555,225.39578,119.15018,269.10132,114.851585,300.19885,114.08187,302.0,114.0,23043053,1536916132599,1536916132978
slip,292.0,159.0,23053564,249.61618,170.61156,191.34235,188.10571,90.35577,219.39098,47.830635,237.5772,44.0,239.0,23053652,1536916143194,1536916143588
slip,299.0,137.0,23054871,283.0,149.0,266.6601,155.20766,230.29764,174.29219,148.74248,216.55568,80.71116,245.31554,36.780098,259.96704,28.0,261.0,23055029,1536916144577,1536916144949
slip,314.0,132.0,23056933,290.21866,132.0,265.19254,140.32788,221.99802,150.0004,153.26163,165.7018,103.614845,184.1419,53.205254,205.9038,18.5,215.0,23057102,1536916146646,1536916147037
slip,329.0,170.0,23057574,304.81833,170.0,284.75726,176.81068,248.5,184.0,183.84573,204.58682,124.12244,230.60884,82.79852,246.7698,52.799065,253.27075,23057743,1536916147285,1536916147699
slip,317.0,170.0,23058492,297.52057,171.99086,279.76324,179.09106,248.18047,187.20488,210.97217,197.1894,160.84848,207.12958,105.909256,219.44255,51.658134,237.42812,46.0,240.0,23058651,1536916148193,1536916148590
slip,106.0,138.0,23059004,128.17099,122.63817,156.77223,121.0,192.56815,120.33727,229.04778,118.78053,276.7796,116.259186,304.62915,116.0,324.5,116.0,23059197,1536916148740,1536916149147
slip,298.0,140.0,23062808,267.25177,151.29498,243.92337,161.08893,196.18695,180.43233,136.42871,209.78564,85.99545,239.38777,61.436085,252.65163,48.0,256.5,23063001,1536916152544,1536916152926
slip,312.0,166.0,23064379,287.263,173.60773,265.19913,181.25027,226.56859,194.91177,150.47385,225.65125,114.95062,247.09181,72.7444,267.19247,59.0,270.0,23064537,1536916154080,1536916154611
slip,206.0,182.0,23064933,187.72218,182.0,189.0,172.17293,195.47427,169.1502,200.40623,164.59377,207.37901,162.37259,235.0,151.5,23065112,1536916154657,1536916155065
slip,184.0,151.0,23066227,172.0,137.0,172.0,130.50075,178.83282,123.167175,188.44475,117.44421,189.0,117.0,23066398,1536916155941,1536916156339
slip,235.0,125.0,23066826,218.25359,125.0,211.41995,133.01508,206.40259,132.0,202.5722,132.0,200.32574,132.0,198.72401,132.0,23067019,1536916156561,1536916156973
slip,311.0,147.0,23068415,294.0,154.0,284.75708,156.4143,262.0,163.0,217.32912,183.43037,146.24998,218.92143,91.79174,240.05858,67.05798,247.78261,63.0,249.0,23068596,1536916158141,1536916158528
slip,121.0,187.0,23068994,137.23082,166.51279,150.04617,157.53845,172.85089,149.10643,203.44267,141.70413,262.512,129.51808,304.26465,122.62256,324.5,116.5,23069172,1536916158716,1536916159113
slip,215.0,275.0,23069635,196.8889,275.0,194.95395,267.9079,194.0,264.98294,194.0,262.02426,196.58438,256.41562,201.0884,235.20447,23069805,1536916159347,1536916159747
slip,280.0,147.0,23071024,256.0018,152.14131,245.11816,159.66365,230.53378,167.2543,211.08562,176.40639,182.17308,193.88461,91.44607,246.98056,63.08237,262.4588,62.0,263.0,23071216,1536916160758,1536916161205
slip,329.0,177.0,23071697,295.3551,173.0,263.1144,172.69067,214.0,174.5,154.43802,180.54353,112.31075,187.07028,92.233444,191.41246,67.05882,199.54411,48.173973,206.77924,26.747253,217.8284,23071901,1536916161442,1536916161883
slip,230.0,177.0,23079208,209.48405,174.97874,202.77417,170.90967,199.39767,168.0,196.98862,166.98862,23079356,1536916168898,1536916169293
slip,318.0,157.0,23082231,301.0,157.0,288.1094,157.0,258.9844,161.41452,225.30536,172.89822,156.8171,198.31859,99.26274,223.57399,43.65753,247.71233,33.0,249.0,23082409,1536916171953,1536916172330
slip,106.0,170.0,23082806,122.84189,151.10541,141.91594,145.1797,184.95259,141.19814,270.76898,136.45226,311.48526,133.93068,329.0,132.5,23082986,1536916172529,1536916172908
slip,89.0,158.0,23083513,121.80493,141.17073,154.17084,136.97864,200.27478,128.32347,302.86105,113.0,332.0,113.0,23083691,1536916173233,1536916173614
slip,326.0,168.0,23093663,309.0,168.0,274.72827,178.66621,189.79808,205.0843,125.87947,230.0237,60.310722,248.73785,49.0,251.0,23093811,1536916183353,1536916183735
slip,294.0,131.0,23095810,266.82635,139.64584,243.16768,150.4505,183.79669,182.6052,127.0574,211.40846,70.235466,242.1688,37.93508,253.76624,23095969,1536916185510,1536916185907
slip,191.0,180.0,23097199,207.95163,180.0,213.16307,180.0,217.4457,180.0,230.5,189.0,23097358,1536916186903,1536916187289
slip,313.0,141.0,23098674,282.89346,153.45901,244.74442,166.48293,163.71188,201.56828,121.00333,219.64722,79.71558,238.13036,47.89431,248.97226,41.0,251.0,23098843,1536916188388,1536916188850
slip,125.0,280.0,23102969,101.03925,270.719,95.9789,267.73416,91.657455,263.97235,89.37718,261.1886,87.540405,255.16164,88.0,251.23293,88.0,251.0,23103148,1536916192689,1536916193086
slip,316.0,142.0,23104443,296.0,158.0,273.90488,170.93831,239.14063,187.76888,149.8954,231.71794,91.31275,260.84363,43.0,276.0,23104580,1536916194123,1536916194944
slip,308.0,114.0,23109486,262.20477,135.7181,235.36015,145.21329,204.9272,156.3576,161.85281,168.37259,136.84416,178.19891,100.00548,187.49863,76.0,195.0,23109689,1536916199231,1536916199656
slip,288.0,96.0,23111046,274.0,105.0,255.9837,114.2927,230.59554,125.907455,201.64023,136.07593,180.035,145.9825,148.54779,156.36305,104.056335,171.97987,64.733734,189.24872,63.0,190.0,23111225,1536916200767,1536916201171
