slip,315.0,189.0,1381136,288.0,189.0,239.06976,183.72226,158.2225,172.0,95.785385,175.22453,68.71451,180.22615,47.356102,185.07167,14.5,191.5,1381272,1536975578167,1536975578317
slip,248.0,162.0,1383720,226.7399,157.64394,199.4722,155.0,157.62738,155.0,96.710724,156.3973,24.631645,172.68196,19.0,174.0,1383837,1536975580730,1536975580901
slip,311.0,181.0,1386347,297.0,181.0,257.8989,188.41573,186.53839,202.2436,97.70142,212.34389,52.5,219.5,1386453,1536975583350,1536975583505
slip,314.0,188.0,1388356,293.0,183.0,253.72533,181.0,203.73778,182.18976,121.1505,190.13702,55.175777,209.59868,31.0,216.5,1388483,1536975585377,1536975585531
slip,316.0,203.0,1391669,256.4044,182.40694,190.36382,175.78032,100.16594,186.40593,24.912611,213.9629,1391784,1536975588680,1536975588824
slip,278.0,161.0,1399187,244.30754,162.08833,189.74562,167.33575,64.3506,192.4408,48.0,198.0,1399253,1536975596149,1536975596283
slip,265.0,180.0,1399788,240.0,180.0,191.52066,193.66055,155.5,204.0,48.11725,219.61034,27.0,218.5,1399893,1536975596789,1536975596939
slip,299.0,149.0,1401219,219.35924,158.56587,136.53885,179.43732,79.509964,192.99602,47.0,206.0,1401316,1536975598211,1536975598383
slip,228.0,188.0,1403549,174.44421,176.91766,131.12292,173.0,69.69465,177.79099,10.5,199.5,1403645,1536975600544,1536975600687
slip,68.0,232.0,1404575,124.60928,223.18472,220.35928,216.11195,308.5,215.0,338.0,214.0,1404690,1536975601586,1536975601737
slip,139.0,190.0,1405333,159.0,184.0,216.62479,185.21968,320.41473,187.0,337.5,187.0,1405460,1536975602361,1536975602517
slip,149.0,210.0,1414820,132.0,205.0,105.551315,203.3289,60.728226,200.4985,32.0,196.5,1414917,1536975611813,1536975611978
slip,222.0,91.0,1417588,222.0,72.5,222.0,69.21953,232.1218,60.143433,1417726,1536975614619,1536975614750
slip,287.0,208.0,1420461,222.14026,200.77463,179.07996,203.32445,111.12773,210.7594,73.820404,214.11797,1420568,1536975617460,1536975617616
slip,291.0,180.0,1425483,246.5182,183.62045,200.33208,186.0,111.90558,181.7341,68.281296,177.2649,44.5,175.0,1425599,1536975622494,1536975622632
slip,221.0,212.0,1426124,169.76659,206.47499,123.714165,203.92381,80.791626,199.36197,57.7454,197.82657,40.5,196.5,1426229,1536975623126,1536975623248
slip,298.0,166.0,1435994,254.98416,161.0,213.32326,166.25797,153.32808,177.27084,113.36054,186.36432,106.0,188.0,1436102,1536975632998,1536975633167
slip,102.0,188.0,1436721,141.52267,181.65483,210.21576,178.80318,301.47217,181.96632,338.3843,186.7023,1436871,1536975633765,1536975633950
slip,117.0,188.0,1437438,129.0,170.0,171.62524,160.8958,290.45166,152.44807,335.58133,160.44766,340.0,161.0,1437565,1536975634462,1536975634608
slip,166.0,272.0,1443635,151.0,272.0,149.5,272.0,185.1903,272.0,197.5,272.0,1443794,1536975640690,1536975640831
slip,230.0,189.0,1448068,202.0,189.0,153.87923,200.35345,73.31303,207.01968,42.475037,209.19583,1448174,1536975645067,1536975645250
slip,189.0,222.0,1449576,152.96498,223.71803,111.80072,225.0,70.61331,219.38423,35.342934,212.46858,1449673,1536975646566,1536975646719
slip,277.0,181.0,1452236,257.69775,181.0,206.56306,178.0,135.31042,179.41533,70.714836,184.0,48.108315,185.0,40.0,185.0,1452342,1536975649235,1536975649378
slip,300.0,149.0,1455215,276.0,149.0,231.77313,150.78668,170.08438,156.39578,99.65743,162.03606,48.725334,162.0,1455323,1536975652215,1536975652383
slip,143.0,213.0,1455901,174.63321,198.34169,222.1727,183.97655,312.05298,158.1262,338.8609,151.62782,1456028,1536975652921,1536975653104
slip,274.0,187.0,1457749,260.57755,165.73265,260.0,159.72922,260.0,155.16911,284.75397,155.67914,287.0,156.0,1457865,1536975654758,1536975654887
slip,304.0,219.0,1458444,280.5311,191.11142,272.63232,179.85658,271.0,171.0749,1458551,1536975655444,1536975655577
slip,280.0,155.0,1461219,245.10947,155.0,209.5,161.0,168.72266,168.30412,125.4555,184.63597,110.0,191.0,1461305,1536975658204,1536975658357
slip,316.0,192.0,1462587,280.62878,182.10858,243.72928,180.50917,202.98709,181.00046,145.54117,177.38853,112.69969,175.07774,112.0,175.0,1462716,1536975659611,1536975659773
slip,209.0,167.0,1463252,164.47853,175.23251,97.0558,186.8725,33.49526,194.42155,32.0,194.5,1463348,1536975660244,1536975660351
slip,288.0,176.0,1469306,251.34242,176.0,218.71138,179.75839,175.10446,189.00896,130.34454,197.06699,124.0,198.0,1469394,1536975666287,1536975666488
slip,262.0,185.0,1470089,242.95514,185.0,213.44577,175.14648,178.26422,172.64838,134.26279,178.08191,35.366432,195.99379,1470186,1536975667080,1536975667306
