slip,320.0,177.0,10834822,297.17374,177.0,283.1389,173.0,245.1576,179.92218,191.29758,188.53719,110.49786,196.8967,74.062386,198.56845,48.9042,201.1461,29.0,207.0,10835000,1536998007130,1536998007298
slip,277.0,136.0,10839342,218.77669,122.4132,175.01859,121.12169,92.74975,127.787766,48.036423,139.78725,35.195778,152.25685,32.0,154.0,10839469,1536998011599,1536998011763
slip,308.0,181.0,10851348,287.89496,176.4825,272.6144,173.93573,229.41882,174.28633,178.2738,176.36987,117.757835,184.70255,72.903885,195.13055,44.257683,203.3227,42.0,204.0,10851509,1536998023638,1536998023823
slip,132.0,187.0,10863401,158.74686,184.86421,203.97372,174.77089,310.24115,155.8762,332.85242,152.89345,10863528,1536998035654,1536998035838
slip,199.0,202.0,10864031,229.09741,184.7399,290.5953,165.68544,334.02332,156.87961,10864158,1536998036284,1536998036478
slip,314.0,141.0,10873422,290.0,137.0,248.27014,136.0,197.27399,137.42894,135.285,139.83984,92.52692,144.47693,66.10049,151.66986,50.79397,163.36482,10873559,1536998045687,1536998045874
slip,310.0,126.0,10884117,281.0,117.0,223.4617,113.01489,143.29912,116.427025,95.23672,125.44082,67.75916,136.4136,42.69549,158.74812,28.5,175.0,10884275,1536998056403,1536998056638
slip,272.0,139.0,10884754,231.54408,143.44653,179.68137,152.12595,107.93293,165.61342,68.39027,172.92682,53.758774,178.08041,43.5,181.0,10884861,1536998056989,1536998057238
slip,314.0,195.0,10890043,298.0,195.0,270.41367,191.0,239.86357,189.74318,195.23605,194.29974,135.22438,199.97884,95.95674,206.0,77.62181,206.0,63.5,204.5,10890207,1536998062334,1536998062532
slip,290.0,169.0,10890739,266.0,164.0,229.04448,159.2628,191.25122,159.0,143.08386,169.13664,84.5,187.5,73.33744,193.1641,72.0,194.0,10890868,1536998062995,1536998063206
slip,315.0,186.0,10897344,292.8953,180.9252,268.03827,181.0,228.05112,181.0,166.98668,182.0,115.81895,182.0,71.83034,183.0,49.5,183.0,10897491,1536998069621,1536998069836
slip,173.0,163.0,10897812,193.62733,160.4067,238.51448,149.8067,314.9981,136.47092,10897911,1536998070038,1536998070207
slip,160.0,154.0,10898401,176.0,154.0,230.6412,152.68193,351.75186,161.2886,10898517,1536998070644,1536998070813
slip,82.0,229.0,10904267,115.0,236.0,10904383,1536998076512,1536998076699
slip,283.0,162.0,10908815,254.02446,162.0,208.5,169.5,132.77129,188.12044,92.15604,199.44084,72.15227,202.0,65.0,202.0,10908913,1536998081043,1536998081287
slip,289.0,153.0,10909359,250.5258,155.60777,208.08084,163.98845,143.92711,173.62523,97.6252,182.03362,10909448,1536998081574,1536998081735
slip,126.0,218.0,10909855,153.0,218.0,205.72792,215.46518,300.24844,203.70245,326.94653,201.40714,330.0,201.0,10909993,1536998082123,1536998082274
slip,91.0,90.0,10913017,97.7114,76.0,124.91813,78.93875,10913144,1536998085272,1536998085450
slip,310.0,151.0,10914417,277.3568,143.16321,243.13115,138.0171,196.17256,133.85118,141.01134,136.16124,86.36781,142.75105,63.539543,148.73022,46.659595,158.13829,44.0,160.0,10914566,1536998086696,1536998086933
slip,169.0,202.0,10914928,213.58047,182.35747,288.0,166.5,329.7133,161.25407,332.0,161.0,10915057,1536998087187,1536998087345
slip,282.0,66.0,10915548,287.6585,87.92193,293.0,103.5,10915687,1536998087813,1536998087956
slip,154.0,160.0,10917035,192.94937,151.65215,238.09702,140.97717,308.07996,126.28001,321.0,124.0,10917172,1536998089303,1536998089503
slip,299.0,187.0,10917435,255.78159,188.4744,219.30524,197.17369,167.58377,210.53758,126.085,221.66942,107.81942,228.3384,91.03824,237.97705,10917556,1536998089684,1536998089926
slip,237.0,63.0,10918219,280.5,97.5,10918357,1536998090485,1536998090664
slip,294.0,126.0,10919606,266.52896,119.13224,234.79971,118.80001,195.69292,123.7537,138.59952,140.12323,95.00508,162.31519,80.6405,177.22278,79.0,179.0,10919726,1536998091854,1536998092092
slip,299.0,149.0,10921679,256.8277,133.21782,219.91475,125.82623,185.27118,123.87596,151.2503,126.33329,114.5976,133.77327,91.0,146.5,10921798,1536998093928,1536998094101
slip,259.0,300.0,10922398,247.0,285.0,261.8174,284.0,284.56503,284.0,298.5,290.0,10922535,1536998094674,1536998094843
slip,296.0,142.0,10927895,229.42131,142.0,173.24103,146.73941,110.70104,154.14561,78.2703,159.95732,61.5,164.5,10928005,1536998100134,1536998100311
