slip,140.0,119.0,7403287,120.765816,103.70727,116.68696,97.373924,116.0,92.29157,120.60639,88.46454,126.509926,84.61755,7403412,1536991073427,1536991073167
slip,163.0,132.0,7404225,141.82794,109.534935,139.44064,103.66097,139.0,98.5,146.28723,97.089096,147.0,97.0,7404354,1536991074370,1536991074077
slip,148.0,126.0,7404792,138.93976,105.759026,139.0,99.90132,143.57553,95.568344,147.25896,92.37052,155.07056,90.58589,166.3852,90.0,167.0,90.0,7404961,1536991074977,1536991074663
slip,102.0,205.0,7414194,88.0,205.0,79.454575,212.70909,73.05343,214.31552,69.5,215.5,70.0,215.0,7414364,1536991084379,1536991084089
slip,286.0,171.0,7416684,252.76784,175.17857,217.21362,183.1979,170.01959,190.26183,115.79177,194.57393,67.461136,193.07458,65.0,193.0,7416800,1536991086816,1536991086514
slip,285.0,161.0,7421845,253.7499,166.25003,217.39691,173.49619,182.13945,177.81396,136.37396,177.09448,80.32355,166.94907,76.0,166.0,7421961,1536991091978,1536991091704
slip,296.0,188.0,7429132,272.0,188.0,225.1881,193.42354,177.5073,194.0,122.322464,191.1327,88.5,185.0,7429237,1536991099256,1536991098962
slip,273.0,144.0,7429987,231.83913,151.61609,190.85132,155.83784,129.75851,159.88531,84.194496,164.62082,65.59166,171.645,65.0,172.0,7430103,1536991100119,1536991099864
slip,167.0,188.0,7446506,201.41998,191.312,232.32387,197.96292,271.58704,204.9174,354.5,215.5,7446611,1536991116628,1536991116305
slip,197.0,152.0,7447070,226.33336,159.06667,255.71442,166.1786,312.09497,181.62532,321.0,184.0,7447178,1536991117197,1536991116923
slip,143.0,163.0,7447552,166.6737,163.0,195.69447,163.0,228.17076,165.68292,298.68884,185.46422,355.0601,210.53004,7447712,1536991117728,1536991117440
slip,118.0,162.0,7448096,137.67725,162.0,154.98631,162.0,197.37584,164.55446,272.6739,166.47726,359.48737,177.36101,7448235,1536991118252,1536991117971
slip,210.0,155.0,7448813,170.93176,164.58598,127.18494,176.88002,51.062428,198.69644,20.602844,203.63496,7448912,1536991118926,1536991118635
slip,85.0,229.0,7449015,106.20074,224.44936,121.4969,217.83437,148.45036,211.2528,188.13506,201.96999,293.1292,182.98277,365.43863,182.40094,7449186,1536991119201,1536991118887
slip,301.0,165.0,7449794,278.7913,165.0,249.62787,165.0,216.1105,170.64035,182.93367,177.17772,138.72516,184.77153,112.49768,187.79425,109.0,188.0,7449912,1536991119928,1536991119693
slip,266.0,151.0,7455268,208.47513,160.0761,132.6661,172.19496,72.94656,180.04428,50.043385,181.91306,49.0,182.0,7455385,1536991125400,1536991125138
slip,274.0,156.0,7460354,252.0,160.0,206.6639,168.02127,137.72346,176.49612,85.1225,179.66156,65.0,180.5,7460451,1536991130469,1536991130225
slip,283.0,162.0,7462235,239.80229,167.59949,197.82478,169.86966,141.74962,172.0,80.001335,172.0,7462340,1536991132356,1536991132074
slip,166.0,241.0,7469318,152.0,241.0,140.37222,245.0,133.40622,245.51875,129.73581,246.0,7469446,1536991139464,1536991139170
slip,263.0,161.0,7484440,221.29372,174.17657,184.0918,183.12646,132.3918,191.7743,94.05344,190.48059,71.5,189.5,7484545,1536991154563,1536991154281
slip,273.0,171.0,7494814,215.8798,177.61914,171.21344,180.88524,113.33675,182.47739,7494902,1536991164916,1536991164661
