slip,325.0,184.0,22238134,310.0,184.0,286.5755,184.0,260.53687,181.28188,220.65875,176.83235,161.00317,174.09538,104.88509,176.86581,60.563007,181.17848,21.784184,192.06697,22238306,1536915000320,1536915000701
slip,316.0,201.0,22241106,294.14948,201.0,270.25488,197.05367,226.27907,194.34264,186.88083,196.07994,106.73766,200.6505,46.455788,207.95442,36.0,209.0,22241276,1536915003294,1536915003713
slip,323.0,206.0,22248094,290.3004,206.0,251.14983,207.35002,180.5032,209.0,78.37431,222.0136,23.449505,224.0,22248232,1536915010246,1536915010686
slip,257.0,199.0,22256809,181.22295,208.98901,68.6724,228.62393,6.5,247.5,22256875,1536915018896,1536915019269
slip,93.0,191.0,22257463,155.03642,181.04312,282.08807,167.74057,367.0,167.0,22257561,1536915019577,1536915020025
slip,57.0,167.0,22257923,90.85836,160.12685,142.45859,157.42004,263.0098,160.28156,322.46326,165.50905,337.0,167.0,22258061,1536915020079,1536915020456
slip,146.0,160.0,22266771,171.88089,152.02382,214.36064,145.09688,310.63196,138.61029,348.0,139.5,22266867,1536915028884,1536915029271
slip,317.0,176.0,22267155,278.789,176.579,232.16058,184.114,131.9605,210.49106,55.724316,237.5484,45.0,242.0,22267272,1536915029288,1536915029687
slip,320.0,187.0,22275126,292.4716,192.9476,258.821,195.93433,162.93686,208.9177,69.33345,229.69942,27.0,248.5,22275253,1536915037273,1536915038190
slip,178.0,106.0,22276345,158.63089,106.0,153.48096,106.0,150.31929,106.0,147.26573,106.0,146.0,106.0,22276492,1536915038508,1536915038868
slip,253.0,173.0,22278332,218.39252,173.0,195.72504,175.655,171.79997,175.0,157.47733,175.0,153.93835,175.0,153.0,175.0,22278469,1536915040485,1536915040864
slip,47.0,210.0,22288203,348.0,175.0,22288321,1536915051766,1536915052172
slip,162.0,164.0,22288706,335.0,153.0,22288834,1536915051782,1536915052190
slip,96.0,185.0,22289273,336.0,171.0,22289412,1536915051813,1536915052218
slip,291.0,192.0,22289867,42.0,197.0,22289956,1536915053727,1536915054101
slip,81.0,184.0,22290340,348.0,192.0,22290469,1536915053772,1536915054119
slip,314.0,153.0,22299772,288.66568,153.0,271.30273,153.0,250.3307,153.0,220.1507,157.4774,181.56589,162.93471,105.00612,176.99898,58.5,185.0,31.590528,198.73276,28.0,200.0,22299958,1536915061976,1536915062367
slip,104.0,157.0,22303955,147.20741,153.80936,192.7504,155.33873,246.66812,157.24767,293.1977,159.0,329.94937,161.63176,342.5,162.5,22304125,1536915066142,1536915066579
slip,287.0,168.0,22304456,264.37106,168.0,252.63925,168.0,235.49408,166.08235,206.5749,170.28525,168.63515,174.92671,105.63364,184.97258,61.82794,193.83441,30.657337,205.22844,28.0,207.0,22304650,1536915066665,1536915067083
slip,301.0,162.0,22309615,267.67252,170.6856,227.71033,179.04138,167.94913,188.00774,109.08748,201.10762,68.108154,209.33783,40.183044,217.46481,33.0,220.0,22309744,1536915071762,1536915072148
slip,323.0,171.0,22311766,308.0,171.0,298.2916,171.0,283.74017,171.0,255.63641,170.81818,219.22076,175.17351,137.81314,192.03796,89.64423,206.19089,48.029617,214.59407,38.0,216.0,22311944,1536915073962,1536915074395
