slip,315.0,190.0,3005373,291.11713,190.0,264.58392,192.40077,228.10721,194.91142,188.0,198.0,114.49994,207.91072,76.08615,214.63492,36.800938,226.45248,27.0,228.0,3005532,1536977630420,1536977630547
slip,285.0,85.0,3013783,263.89645,85.0,251.64877,85.0,236.55469,85.0,228.05394,85.0,221.03346,85.0,217.48607,90.02788,213.49301,89.0,212.63808,91.0,212.0,91.81439,217.28496,95.40225,228.5,100.5,3014005,1536977638891,1536977638978
slip,310.0,208.0,3020642,279.50507,208.0,248.09578,204.53767,209.79025,206.0884,148.94797,209.52997,102.15817,214.44557,58.743935,216.40201,34.0,217.5,3020789,1536977645675,1536977645793
slip,279.0,191.0,3023355,252.43373,191.0,236.03767,191.0,214.70488,191.0,192.73244,191.0,168.0,192.5,126.492386,199.60576,78.15466,210.96237,42.038483,230.17691,24.0,241.0,3023559,1536977648445,1536977648574
slip,274.0,102.0,3035397,238.49353,114.43042,207.14047,125.078896,163.51166,139.8538,109.10123,156.35445,74.56618,166.0274,43.386726,171.23021,25.5,176.0,3035555,1536977660441,1536977660554
slip,254.0,146.0,3036079,230.03706,146.0,209.42621,142.88524,178.00327,142.0,136.38649,146.25394,86.45283,152.70068,60.94955,161.13914,44.57602,171.5949,26.00554,182.33011,3036250,1536977661133,1536977661257
slip,304.0,161.0,3037779,258.60257,161.0,223.73534,159.69882,168.87698,155.98462,99.33116,151.0,74.96078,153.55258,53.994293,161.40228,50.0,163.0,3037928,1536977662815,1536977662913
slip,272.0,91.0,3038528,242.24446,98.10793,211.96278,105.48328,179.30899,110.70365,143.19745,112.86098,102.87198,114.2376,84.152176,116.272575,61.54133,119.77981,3038675,1536977663559,1536977663648
slip,287.0,119.0,3043891,256.5,119.0,242.55452,123.72274,215.77151,125.6605,181.5813,126.0,156.18666,127.39067,121.69656,128.67856,88.0,129.0,65.75346,132.82613,48.5,137.5,40.5,143.5,3044094,1536977668979,1536977669085
slip,73.0,126.0,3044819,87.0,126.0,120.98487,129.91959,190.85945,138.88976,328.5,163.5,3044917,1536977669803,1536977669922
slip,104.0,155.0,3045398,137.33037,165.79129,174.63211,167.0,219.87659,164.8827,291.13004,157.28812,321.03952,153.99657,3045546,1536977670429,1536977670532
slip,110.0,142.0,3055473,136.31392,135.13722,160.15627,133.0,189.78807,131.96248,226.2705,135.58562,281.83395,143.4251,328.64935,153.6473,332.0,154.0,3055643,1536977680528,1536977680634
slip,324.0,157.0,3056070,289.2042,157.0,269.55353,153.14761,240.76414,147.19104,211.92538,141.17627,161.4334,129.85835,118.44,118.57455,87.82976,114.8035,81.0,114.0,3056250,1536977681134,1536977681260
slip,314.0,178.0,3061649,295.0,174.0,275.7071,174.0,247.71803,171.41312,211.10634,163.74553,163.8232,153.90477,128.80336,142.22316,98.93691,132.28343,81.04327,125.01803,66.0,117.5,3061827,1536977686711,1536977686817
slip,297.0,134.0,3070443,271.07034,130.53517,251.41904,123.51355,223.09975,116.34204,187.58954,105.323944,137.12659,90.91869,100.73436,84.4096,82.43091,84.0,67.654655,88.483055,65.0,90.0,3070622,1536977695510,1536977695616
slip,311.0,166.0,3079291,288.0,162.0,261.8975,157.22438,234.37206,150.67578,198.93773,138.29837,142.37265,118.595116,141.7036,120.58247,116.242966,114.06074,91.95938,109.242386,76.5,108.5,3079460,1536977704344,1536977704449
slip,294.0,118.0,3080077,261.52338,118.0,240.74594,114.35912,218.17392,110.39441,189.95543,103.04325,158.61417,95.40354,130.73843,88.947685,126.0,88.0,3080210,1536977705094,1536977705198
slip,313.0,162.0,3082417,296.66,155.8725,281.56155,146.78078,262.66428,137.33214,240.994,129.24776,213.13629,120.44089,169.50546,108.70141,138.14203,102.706635,116.36209,101.0,97.385956,101.0,80.993,101.75058,78.0,102.0,3082602,1536977707489,1536977707580
slip,108.0,106.0,3082986,130.5414,111.0,148.65343,112.221115,180.1691,115.56083,229.29053,123.59266,315.27087,150.12038,324.0,154.0,3083125,1536977708009,1536977708132
slip,113.0,99.0,3083661,131.90875,99.0,148.61263,99.0,178.41647,102.96588,218.83661,110.08086,287.43948,130.5781,335.1962,147.66525,3083839,1536977708723,1536977708838
slip,306.0,161.0,3096716,287.17664,157.1413,263.91104,146.97035,234.51765,136.80707,203.58478,124.84182,148.19652,104.94137,117.41546,92.96925,98.280846,85.723404,3096859,1536977721742,1536977721832
slip,290.0,150.0,3099772,258.20337,145.61426,219.2017,140.10796,177.7952,132.892,137.35075,128.79384,106.458435,121.541695,84.67526,117.68911,65.95029,110.15922,3099899,1536977724785,1536977724894
slip,301.0,161.0,3108505,284.0,161.0,265.47382,161.0,242.1561,153.86244,216.59259,149.81046,191.19415,144.1045,165.0606,137.90018,136.84172,129.60051,103.94581,119.82483,76.04823,112.51206,64.0,109.5,3108697,1536977733583,1536977733659
