slip,280.0,235.0,19642904,246.94768,231.0,217.221,231.58087,179.78152,232.0,127.79701,234.95685,109.0,237.0,19643043,1536910280878,1536910281336
slip,293.0,170.0,19654314,248.0,170.0,208.1745,177.66547,142.40486,184.12761,84.07578,180.86409,19654412,1536910292242,1536910292647
slip,302.0,187.0,19656847,254.33244,194.02914,215.73494,199.895,158.0,204.5,19656923,1536910294756,1536910295156
slip,298.0,195.0,19657563,268.41464,195.0,240.42761,202.58586,203.6474,204.0,143.5,201.0,19657639,1536910295473,1536910295887
slip,294.0,216.0,19666699,258.2271,226.74593,214.56909,243.37236,151.4109,257.89728,119.07749,260.0,19666786,1536910304617,1536910305037
slip,142.0,228.0,19667482,180.21098,226.88991,217.88518,227.07251,284.9204,232.04845,327.34348,234.15921,19667610,1536910305440,1536910305860
slip,146.0,226.0,19668263,168.90952,216.02261,194.80777,209.94405,232.89075,204.14468,285.1243,200.06737,325.68146,201.75826,331.0,202.0,19668400,1536910306234,1536910306624
slip,322.0,203.0,19678264,302.52692,199.35129,285.3717,201.03947,261.11835,204.34212,224.09961,209.30003,186.61755,211.09163,122.69122,206.95973,19678413,1536910316243,1536910316658
slip,308.0,164.0,19687545,286.0,168.0,259.60626,172.83418,226.22415,176.43417,186.67068,172.23868,115.263054,159.47688,19687656,1536910325485,1536910325888
slip,287.0,186.0,19688540,246.15648,186.0,202.62782,187.45709,108.31417,174.27141,19688606,1536910326436,1536910326871
slip,307.0,168.0,19697976,285.3756,165.82161,260.78253,164.0,228.00084,169.1817,196.33432,171.22217,146.86026,164.72554,137.0,163.0,19698085,1536910335916,1536910336327
slip,135.0,207.0,19698642,171.63635,205.81422,210.44559,205.0,261.13162,206.67923,316.82297,209.24733,333.0,212.0,19698779,1536910336610,1536910337031
slip,134.0,214.0,19699337,187.40117,201.02373,238.23828,191.83253,323.55368,187.36021,334.0,187.0,19699464,1536910337298,1536910337691
slip,286.0,219.0,19708556,247.9828,227.44827,199.13318,229.93536,197.0,230.0,19708611,1536910346450,1536910346876
slip,303.0,182.0,19717276,256.87692,182.0,228.73138,182.96342,194.6458,182.83876,163.10988,175.08733,19717374,1536910355204,1536910355623
