slip,275.0,196.0,6938524,240.8096,200.30249,204.48375,210.22163,112.23964,246.05507,105.0,249.0,6938611,1536990436919,1536990436597
slip,275.0,198.0,6949616,258.0,198.0,230.56978,201.42894,193.80896,206.95422,107.20571,222.14342,64.81221,238.79526,6949736,1536990448039,1536990447761
slip,149.0,169.0,6961671,203.42654,174.2241,249.93787,179.36723,328.5,195.0,6961789,1536990460093,1536990459789
slip,184.0,188.0,6962569,231.33293,180.25494,271.48996,177.18593,316.0,174.0,6962676,1536990460980,1536990460700
slip,292.0,172.0,6974442,256.6815,175.83965,225.08397,181.70819,186.75932,190.77776,127.047516,210.92265,98.0,220.0,6974561,1536990472864,1536990472593
slip,208.0,196.0,6986476,165.15521,204.0959,131.14043,210.79265,89.729805,215.47447,6986565,1536990484867,1536990484606
slip,309.0,164.0,6996811,285.02878,164.0,258.44684,167.71063,223.10995,174.93542,174.98674,187.6884,98.5,215.0,6996948,1536990495254,1536990494984
slip,247.0,168.0,6997622,188.86736,170.96501,157.43979,175.08403,123.98515,181.50371,71.17945,200.46944,6997741,1536990496045,1536990495760
slip,150.0,147.0,6997953,184.68753,151.6758,221.12238,157.81224,278.46,164.62521,341.5,166.0,6998092,1536990496395,1536990496119
slip,157.0,172.0,6998872,202.82298,167.4623,251.5016,166.29683,339.23788,163.39207,6998961,1536990497264,1536990496959
slip,260.0,170.0,7009229,208.53607,175.86015,163.43066,182.22418,93.07485,191.95052,57.71913,199.81427,42.5,202.5,7009348,1536990507651,1536990507380
slip,255.0,202.0,7019008,205.15689,203.89482,167.83195,209.11618,119.26171,217.6597,7019097,1536990517400,1536990517135
