slip,256.0,228.0,18461516,219.21587,228.0,183.31648,236.27502,151.6896,240.94656,129.19525,248.57312,109.41656,255.63695,95.2543,260.44254,85.384514,265.30774,79.0,274.5,18461674,1536908200417,1536908200840
slip,316.0,183.0,18462101,276.63315,188.26279,233.40706,200.67789,159.17531,223.1572,135.46776,232.85124,120.76585,242.17561,105.15095,250.92453,105.0,251.0,18462241,1536908200983,1536908201424
slip,242.0,206.0,18462657,178.17024,220.9546,102.3454,242.89809,75.20773,252.13205,53.556576,258.48114,18462764,1536908201505,1536908201923
slip,220.0,183.0,18470915,168.10925,198.05846,113.12866,218.09166,61.196095,242.32025,57.39879,261.19333,18471022,1536908209763,1536908210179
slip,221.0,214.0,18479953,183.18216,214.0,144.9445,215.08221,109.2248,214.29642,81.77134,211.46188,68.32191,208.96042,59.5,207.0,18480069,1536908218813,1536908219242
slip,133.0,171.0,18480391,187.50266,156.78731,341.26483,154.66107,18480489,1536908219230,1536908219640
slip,138.0,195.0,18480700,183.7727,189.70554,308.96564,186.12068,315.0,186.0,18480788,1536908219534,1536908219933
slip,282.0,157.0,18490188,242.23842,161.9404,208.62799,169.52745,151.13867,183.85815,104.019066,198.99365,78.10901,209.06873,73.0,208.0,18490315,1536908229056,1536908229481
slip,267.0,174.0,18499247,219.84705,181.05098,178.46054,188.23683,132.22581,195.7957,102.89724,197.29979,77.42989,194.60332,69.4771,189.76231,18499374,1536908238115,1536908238533
slip,246.0,202.0,18507834,214.027,203.5892,161.55809,208.0,325.0,198.0,18508135,1536908248758,1536908249164
slip,106.0,195.0,18508400,127.0,195.0,339.0,201.0,18508518,1536908248782,1536908249182
slip,107.0,240.0,18508902,343.0,209.0,18509020,1536908248787,1536908249206
slip,121.0,253.0,18509404,323.0,244.0,18509503,1536908248811,1536908249243
slip,163.0,227.0,18509854,40.0,236.0,18509992,1536908248818,1536908249277
slip,301.0,193.0,18510409,44.0,217.0,18510558,1536908249486,1536908249877
slip,113.0,205.0,18510837,141.0,205.0,189.42056,198.6106,257.72968,194.48286,324.1679,192.0,328.0,192.0,18510954,1536908249700,1536908250099
slip,81.0,237.0,18511383,95.0,230.0,184.50807,229.0,302.6462,224.23195,337.26538,221.89455,18511509,1536908250250,1536908250700
slip,288.0,169.0,18518763,274.0,169.0,250.16658,174.80557,221.35027,180.55783,168.67647,187.34201,114.220695,195.21855,85.08839,197.79411,67.0,201.0,18518902,1536908257645,1536908258071
slip,265.0,199.0,18524865,233.06433,204.64522,203.89404,207.851,171.72913,213.30798,134.01561,218.81606,84.36095,224.0,64.56891,222.84099,18525003,1536908263743,1536908264171
slip,148.0,209.0,18525901,181.36617,206.39659,216.3477,201.45654,291.85526,199.06047,352.29382,196.45361,18526017,1536908264761,1536908265164
slip,145.0,242.0,18529543,185.91821,243.55455,228.26706,245.0,277.5,246.5,18529630,1536908268371,1536908268760
slip,231.0,209.0,18530121,202.0,209.0,162.45282,211.14006,119.87988,216.05232,88.55865,224.11061,63.5,229.5,18530226,1536908268967,1536908269409
slip,273.0,184.0,18530665,206.27032,181.44788,158.81184,181.90305,111.14517,180.59828,88.88296,176.60306,67.76767,166.83586,18530781,1536908269524,1536908269931
