slip,230.0,207.0,1651793,198.36911,207.0,164.0,207.0,125.575424,207.0,91.15054,209.0,67.01782,210.06548,1651920,1536975978874,1536975979004
slip,264.0,150.0,1660137,232.17455,147.86243,197.629,147.0,156.11423,148.69524,116.5338,151.27402,79.73127,155.55225,67.0,160.5,1660263,1536975987221,1536975987311
slip,179.0,184.0,1660809,134.47112,189.9327,107.12437,194.2212,91.80136,195.0,88.00266,192.33156,102.70695,184.22296,141.87985,171.0494,232.64713,154.29646,356.50385,153.47978,1660968,1536975987923,1536975988047
slip,144.0,183.0,1661438,189.83278,181.09727,291.2648,185.46782,336.0,188.0,1661537,1536975988492,1536975988592
slip,144.0,68.0,1665575,183.99013,29.841558,1665661,1536975992615,1536975992744
slip,119.0,207.0,1673704,146.60684,198.59828,206.05017,187.16246,347.0,154.0,1673810,1536976000763,1536976000870
slip,286.0,151.0,1674312,262.12613,157.56598,231.47452,162.21793,188.90038,165.80997,123.09944,169.33939,82.01372,175.3624,75.0,176.0,1674429,1536976001388,1536976001506
slip,289.0,157.0,1682923,275.0,157.0,237.76581,158.76952,201.46979,158.0,165.08354,156.96016,131.84943,157.41313,107.457405,155.89716,1683049,1536976010006,1536976010118
slip,273.0,116.0,1685241,218.12279,116.0,161.71481,118.62852,105.10887,126.40214,85.227264,129.41478,77.0,132.5,1685346,1536976012301,1536976012420
slip,231.0,141.0,1694950,199.80444,141.0,167.9801,141.0,133.57782,142.76566,103.30925,143.9048,79.97136,147.63037,60.0,152.5,1695078,1536976022041,1536976022154
slip,101.0,196.0,1695763,80.85189,176.27171,73.66515,166.13121,65.14393,154.52524,57.38475,143.73865,50.03524,140.0,48.0,140.0,1695912,1536976022870,1536976022970
slip,71.0,169.0,1696200,100.07759,177.55388,136.32175,178.0,204.9518,178.0,308.1164,179.14627,349.5,171.5,1696328,1536976023286,1536976023380
slip,110.0,162.0,1696747,149.67694,148.36264,215.7439,140.92828,330.68738,149.2714,1696844,1536976023798,1536976023897
slip,127.0,84.0,1697334,153.57913,66.210434,172.0,57.0,1697439,1536976024403,1536976024501
slip,164.0,173.0,1707098,199.38399,180.8192,248.36543,185.3902,327.0,191.5,1707194,1536976034152,1536976034255
slip,295.0,206.0,1707716,239.11389,193.93822,196.63806,186.93968,120.796394,182.0,71.703255,183.27025,49.70897,195.95522,44.0,199.0,1707844,1536976034798,1536976034935
slip,278.0,124.0,1711542,250.0,118.0,202.53476,111.70015,143.88033,105.36544,108.16827,106.0,82.0,107.5,78.0,111.0,1711659,1536976038613,1536976038759
slip,327.0,172.0,1713112,302.0,176.0,267.75934,175.58777,227.56047,172.42773,174.52705,167.7469,114.27964,161.78854,1713228,1536976040182,1536976040289
slip,169.0,207.0,1713719,205.2932,211.0,248.43523,206.31927,336.60526,197.96072,1713838,1536976040793,1536976040915
slip,269.0,161.0,1719507,239.09851,157.77463,199.10979,147.50995,135.47406,134.58902,104.6364,128.96364,93.0,126.0,1719595,1536976046552,1536976046658
