slip,297.0,133.0,10568906,266.1611,134.24733,210.43022,143.6213,96.29178,164.14165,15.968269,175.13756,10569022,1536997664308,1536997664479
slip,269.0,180.0,10577728,202.51527,177.40721,128.34344,183.83218,70.79541,197.73486,57.103745,204.31017,30.5,215.5,10577823,1536997673114,1536997673287
slip,118.0,176.0,10580124,145.0,176.0,237.59616,169.76399,366.0,158.5,10580229,1536997675517,1536997675692
slip,286.0,164.0,10580593,261.60672,160.80206,217.63135,160.82106,128.07578,164.9123,60.607773,175.66522,31.036875,182.8466,27.0,184.0,10580711,1536997676001,1536997676177
slip,301.0,167.0,10580956,237.50314,172.23634,106.701126,193.59294,38.461834,204.16048,20.325174,207.20935,10581084,1536997676369,1536997676544
slip,273.0,229.0,10590933,253.05113,229.0,220.4423,236.44472,180.12761,240.84348,154.93402,243.65482,124.55055,248.11742,115.004425,249.79823,110.11034,252.88966,110.0,254.5,110.0,256.0,110.0,257.0,110.0,258.0,110.0,259.0,110.0,261.0,120.0,263.0,10591223,1536997686509,1536997686689
slip,99.0,186.0,10593105,133.02719,186.0,198.15468,180.08453,322.34756,166.33156,325.0,166.0,10593210,1536997688497,1536997688676
slip,112.0,155.0,10593628,152.0,152.0,285.48853,148.80853,312.76547,146.0,326.8617,146.0,338.0,144.5,10593776,1536997689064,1536997689249
slip,168.0,182.0,10594440,228.94449,179.09314,323.4965,170.22746,346.0,169.0,10594556,1536997689846,1536997690046
slip,305.0,163.0,10604654,263.86774,133.68002,188.93248,107.27975,114.859665,98.52836,66.28358,106.048096,62.0,107.0,10604760,1536997700049,1536997700258
slip,244.0,192.0,10611638,196.7108,197.47691,131.57538,206.11693,63.14409,214.357,55.001587,213.0,38.15171,213.0,10611736,1536997707026,1536997707191
slip,321.0,173.0,10612152,282.3761,159.51604,230.65044,151.40158,129.5095,149.20753,66.91626,159.71474,45.617954,165.79402,32.392094,172.33772,10612292,1536997707577,1536997707736
slip,119.0,210.0,10612729,153.0,210.0,231.79614,209.80377,343.3587,207.43396,334.5,205.0,10612858,1536997708147,1536997708334
slip,261.0,186.0,10619609,210.54445,193.5274,118.00937,199.56694,71.93663,203.00633,58.5,204.5,10619685,1536997714974,1536997715151
slip,108.0,186.0,10628704,148.28299,181.02655,255.03098,173.96117,337.0814,168.56445,10628831,1536997724117,1536997724310
slip,158.0,168.0,10629216,202.8696,164.0,317.75482,161.3043,340.0,161.0,10629343,1536997724631,1536997724818
slip,124.0,225.0,10629962,158.0,225.0,288.7201,219.27318,363.32944,208.95294,10630080,1536997725369,1536997725533
slip,249.0,150.0,10639427,216.12218,158.82018,150.12091,178.41718,79.54502,199.45985,58.0,205.0,10639492,1536997734781,1536997734956
slip,292.0,191.0,10648275,268.0,186.0,209.06497,188.48384,101.44713,198.0356,52.209198,204.86047,30.414078,210.48958,29.0,214.0,10648404,1536997743690,1536997743860
slip,168.0,208.0,10654717,343.0,201.0,10654824,1536997751531,1536997751716
slip,295.0,157.0,10655166,197.0,149.0,36.0,168.0,10655283,1536997751554,1536997751751
slip,270.0,170.0,10655718,27.0,192.0,10655807,1536997751576,1536997751772
slip,314.0,179.0,10656266,29.0,192.0,10656406,1536997752246,1536997752430
slip,238.0,134.0,10657011,181.64047,135.52452,45.31009,143.03632,-4.0,158.5,10657067,1536997752358,1536997752512
