slip,289.0,238.0,4633954,243.04881,232.99187,203.07027,245.64325,128.59607,270.7531,89.93686,285.19855,65.5,293.5,4634081,1536980746102,1536980746194
slip,188.0,173.0,4638730,188.0,195.69673,193.37985,206.27649,202.18027,215.18027,4638827,1536980750846,1536980750914
slip,269.0,204.0,4640641,236.95963,194.81451,196.66599,197.35722,128.33884,213.9767,90.030685,229.48465,57.309776,250.22827,55.0,253.0,4640759,1536980752782,1536980752879
slip,291.0,169.0,4642298,272.92953,164.48825,262.8028,164.0,259.0,166.56073,259.0,170.0,259.0,169.40236,4642403,1536980754422,1536980754537
slip,296.0,208.0,4649990,270.80652,208.0,247.82431,208.0,211.41312,213.38498,134.38385,229.60373,72.2123,254.57413,4650106,1536980762126,1536980762209
slip,290.0,150.0,4659029,268.0,155.0,226.88792,163.3722,172.69302,182.69507,125.29666,211.56937,85.668015,251.99826,74.0,267.0,4659145,1536980771168,1536980771270
slip,250.0,180.0,4659980,232.17747,176.17747,222.08217,169.54108,217.0,168.0,4660051,1536980772071,1536980772169
slip,268.0,189.0,4660480,216.8412,206.06352,133.54845,240.73903,72.89342,267.9325,48.5,293.0,4660579,1536980772601,1536980772700
slip,271.0,225.0,4661058,236.86314,212.53302,172.64374,219.81229,74.734314,250.22919,43.0823,296.83542,4661157,1536980773175,1536980773287
slip,280.0,209.0,4662363,257.0,209.0,230.26688,217.9166,201.5357,227.64774,165.92505,241.25793,86.5,285.0,4662478,1536980774499,1536980774568
slip,307.0,158.0,4664240,265.5,164.0,207.27788,177.22491,108.54947,215.14651,77.0,228.0,4664326,1536980776348,1536980776433
slip,299.0,158.0,4668569,265.12875,158.0,235.03429,164.90753,170.74554,176.35736,108.76585,190.5914,51.915066,211.48543,8.5,234.5,4668718,1536980780738,1536980780853
slip,248.0,198.0,4669206,210.33018,216.75723,108.86477,275.9553,97.0,283.0,4669253,1536980781276,1536980781355
slip,282.0,142.0,4675770,242.87688,151.78078,205.36166,163.79941,124.85422,196.00171,79.06301,233.937,77.0,236.0,4675853,1536980787873,1536980787986
slip,144.0,185.0,4676162,172.4958,185.0,203.86475,183.25082,293.51996,177.24228,379.0,168.5,4676269,1536980788293,1536980788399
slip,98.0,189.0,4676655,129.51595,186.35942,174.10066,194.81483,270.88214,214.16965,345.22134,223.92213,346.0,224.0,4676804,1536980788824,1536980788909
slip,323.0,155.0,4688611,289.23553,155.0,252.00606,162.30606,187.61859,182.30318,129.26668,211.6392,105.779396,230.22061,4688737,1536980800759,1536980800853
slip,264.0,206.0,4691546,208.19287,218.091,140.61015,233.09998,66.5,257.5,4691611,1536980803633,1536980803719
slip,324.0,171.0,4692960,302.0,165.0,278.58096,169.81845,244.67088,174.72935,211.44514,181.31097,176.41762,190.36307,167.0,193.0,4693097,1536980805119,1536980805218
slip,125.0,257.0,4695620,109.0,249.0,98.73025,246.34605,89.753204,246.0,85.793274,248.9423,83.0,252.91905,83.0,255.0,4695768,1536980807790,1536980807883
slip,286.0,158.0,4700428,238.6092,171.11165,184.14241,188.1557,108.07367,215.2074,67.13086,237.56073,4700534,1536980812553,1536980812647
slip,300.0,183.0,4702736,283.0,175.0,257.4029,171.03357,235.41304,170.0,213.33258,170.0,181.0,170.0,4702851,1536980814873,1536980814967
slip,177.0,194.0,4715288,344.0,181.0,4715386,1536980828265,1536980828332
slip,134.0,222.0,4715865,312.0,233.0,4715994,1536980828273,1536980828355
slip,318.0,181.0,4716368,32.0,230.0,4716496,1536980828903,1536980829014
slip,139.0,213.0,4717480,185.68082,202.03192,218.79636,199.0177,277.3546,193.99872,327.54514,194.15672,4717606,1536980829625,1536980829728
slip,278.0,145.0,4731242,248.90503,139.24208,221.44357,142.13347,187.87378,149.51118,132.26512,163.92047,78.50198,181.68535,56.32895,193.44737,4731368,1536980843387,1536980843472
slip,296.0,191.0,4735834,245.0,216.0,4735952,1536980847990,1536980848072
slip,280.0,136.0,4738133,253.0,141.0,223.18098,142.81288,194.0283,141.63307,171.0,145.0,4738230,1536980850253,1536980850334
slip,272.0,140.0,4743272,250.0,136.0,227.10542,133.07742,191.90903,130.54546,166.5,132.5,4743388,1536980855408,1536980855516
slip,217.0,152.0,4753623,184.0,152.0,4753696,1536980866423,1536980866478
slip,299.0,234.0,4756534,77.0,259.0,4756678,1536980868814,1536980871123
