slip,281.0,239.0,3558403,273.48608,214.31924,273.0,191.05013,269.2768,172.10716,262.87155,154.17891,258.92883,144.85768,256.86655,135.06577,3558542,1536978697546,1536978697643
slip,157.0,153.0,3565444,129.6881,135.1254,111.147575,119.30194,99.1069,105.8728,89.50796,95.75663,84.22023,87.321396,82.554665,81.663994,86.40998,74.737526,87.0,74.0,3565592,1536978704596,1536978704698
slip,307.0,191.0,3569404,284.46158,191.0,248.86082,188.42899,206.0,189.5,118.70157,204.0751,58.46811,219.62598,40.0,224.0,3569513,1536978708520,1536978708624
slip,304.0,206.0,3571715,273.54596,206.0,246.3174,205.55403,209.36018,204.0,165.55618,209.35132,89.84908,225.18835,24.131979,250.445,3571863,1536978710868,1536978710964
slip,296.0,194.0,3582282,275.1534,194.0,263.07352,194.0,241.38367,196.8666,198.24341,205.26088,110.44531,231.85156,43.581375,256.93024,3582419,1536978721423,1536978721520
slip,319.0,173.0,3583960,301.0,173.0,280.65317,175.67052,253.89409,180.90105,212.00076,189.16653,88.130844,217.73613,52.92917,237.6301,45.0,241.0,3584097,1536978723102,1536978723214
slip,58.0,179.0,3594409,88.05623,194.5281,3594587,1536978733591,1536978733694
slip,60.0,195.0,3595221,60.0,173.86804,60.0,168.64969,52.31311,161.50937,3595338,1536978734343,1536978734435
slip,244.0,116.0,3598469,236.0,97.28896,243.12627,83.419815,244.0,82.0,3598584,1536978737588,1536978737650
slip,304.0,208.0,3603389,268.86978,206.28697,227.0,206.0,155.49403,208.01984,87.0,214.0,51.5,215.0,3603490,1536978742496,1536978742606
slip,133.0,149.0,3605379,133.0,165.0,133.0,168.46727,143.70071,177.32278,155.5,192.5,3605509,1536978744513,1536978744595
slip,157.0,216.0,3605999,137.06216,207.3588,134.9284,204.9284,132.27094,202.27094,122.5,200.0,3606127,1536978745134,1536978745229
slip,91.0,177.0,3611791,83.0,154.7039,88.8469,146.81078,109.960686,135.40579,147.38371,123.07722,223.09976,99.12639,276.76138,92.05584,286.0,91.0,3611950,1536978750957,1536978751073
slip,313.0,162.0,3612517,279.18417,176.09718,255.52464,184.16777,185.77756,204.83957,134.89386,222.46089,83.5,235.5,3612655,1536978751662,1536978751769
slip,327.0,166.0,3616919,301.4459,166.0,288.6486,170.53671,273.86194,176.23203,253.46875,182.85352,222.99634,196.50183,146.17932,238.65585,81.27023,267.85657,3617097,1536978756104,1536978756211
slip,289.0,135.0,3618647,255.39314,143.4591,228.10963,149.74733,201.83994,155.40501,170.39197,161.09274,115.16936,169.00392,50.152172,185.46739,43.0,187.0,3618779,1536978757787,1536978757872
slip,313.0,183.0,3628298,293.6918,183.0,283.27954,183.0,258.7065,183.0,231.42178,183.0,196.9226,184.82945,169.82669,185.0,87.15751,186.27315,41.5,187.5,3628467,1536978767472,1536978767608
slip,102.0,183.0,3628809,127.3726,163.71405,173.04562,159.74715,286.9027,154.63274,320.13132,156.0,325.0,156.0,3628938,1536978767946,1536978768037
slip,137.0,170.0,3629324,145.38371,144.81396,173.34229,136.53154,219.3262,134.64606,310.6048,142.44188,316.0,143.0,3629462,1536978768471,1536978768579
slip,124.0,114.0,3632315,107.0,130.0,86.0,155.5,3632402,1536978771415,1536978771511
slip,250.0,196.0,3634869,231.28287,196.0,224.07895,203.39473,214.5,207.5,3634974,1536978773982,1536978774093
slip,293.0,155.0,3640124,262.4176,165.45212,235.52348,170.12787,201.53575,172.29382,160.48476,171.87094,109.31212,169.88054,57.476364,169.0,48.0,169.0,3640263,1536978779271,1536978779376
slip,310.0,138.0,3649806,279.72495,138.0,252.8248,133.10138,210.97282,136.31187,145.33527,145.67224,97.69487,157.80911,33.03073,181.26582,26.0,184.0,3649964,1536978788974,1536978789095
slip,83.0,141.0,3652605,69.0,148.0,60.689724,152.73271,52.379253,154.0,42.5,157.0,3652702,1536978791708,1536978791817
slip,270.0,284.0,3653994,251.0,280.0,239.80438,275.80124,226.05869,267.70578,3654092,1536978793096,1536978793212
slip,135.0,141.0,3657937,142.74591,112.9129,151.0,99.5,3658034,1536978797037,1536978797125
slip,328.0,169.0,3660031,309.7758,181.16817,302.22287,183.68245,288.6828,186.8293,276.53708,187.74629,261.19394,189.28061,241.5808,192.48846,209.59366,198.68127,118.48622,213.44014,107.0,215.0,3660224,1536978799232,1536978799339
slip,247.0,153.0,3660715,231.0,153.0,220.1039,146.35065,209.39784,144.77112,198.11562,143.28323,182.16962,143.0,161.80641,143.0,139.82127,146.89545,108.22664,149.50223,68.18204,156.9636,3660908,1536978799912,1536978800018
