slip,315.0,170.0,5748572,272.00644,166.0,232.76665,167.76944,193.72473,170.86732,140.28673,175.02031,106.910576,179.6943,105.0,180.0,5748701,1536982208167,1536982208263
slip,318.0,188.0,5769730,289.4822,188.0,257.50446,192.08618,214.27248,199.5325,151.20647,207.3492,110.47098,213.48732,102.0,215.0,5769858,1536982229324,1536982229439
slip,178.0,40.0,5777414,163.0,40.0,156.84528,40.0,150.01408,40.0,143.28809,43.61588,143.0,44.0,5777530,1536982236995,1536982237074
slip,283.0,176.0,5792769,244.29945,172.0,210.44852,168.70938,173.55206,165.50473,146.0,163.0,5792885,1536982252352,1536982252468
slip,169.0,240.0,5793302,207.65195,223.45375,244.8718,213.03452,317.28482,196.61534,359.5,188.0,5793430,1536982252895,1536982253001
slip,156.0,218.0,5793923,183.03143,209.46707,224.12096,203.18617,308.81683,196.05438,360.0,192.5,5794020,1536982253485,1536982253582
slip,162.0,168.0,5804374,134.95242,157.80952,112.556145,154.69452,89.10107,154.0,63.225777,158.20508,39.01692,166.75873,5804501,1536982263962,1536982264047
slip,217.0,253.0,5808135,205.95898,226.87695,203.93759,217.62553,201.0,210.5,5808252,1536982267714,1536982267781
slip,297.0,196.0,5812944,283.0,191.0,257.15207,185.15361,229.41649,185.0,197.86143,185.0,161.08789,187.0,142.5,187.0,5813060,1536982272526,1536982272622
slip,310.0,219.0,5816439,274.79297,208.34479,244.25415,207.0,208.64447,209.12323,174.07368,214.335,137.0,226.0,5816554,1536982276019,1536982276108
slip,196.0,246.0,5819783,182.0,239.0,176.2794,234.6397,171.35812,230.14417,163.058,220.06766,163.0,220.0,5819899,1536982279365,1536982279451
