slip,193.0,47.0,8230573,214.35892,68.17946,232.0,71.0,8230648,1536994100713,1536994100898
slip,126.0,186.0,8232712,154.0,191.0,193.0,191.0,8232798,1536994102866,1536994103040
slip,314.0,142.0,8234805,301.0,165.18222,318.40463,177.7901,8234903,1536994104962,1536994105142
slip,58.0,227.0,8236952,58.0,183.0,8237040,1536994107099,1536994107266
slip,236.0,175.0,8240872,98.36395,210.71043,43.705044,231.52452,41.0,233.0,8240971,1536994111040,1536994111193
slip,301.0,159.0,8241354,229.84036,177.0387,106.90839,204.57202,82.0,211.0,8241428,1536994111491,1536994111677
slip,276.0,234.0,8241964,200.13922,224.87689,68.42166,236.91019,27.0,243.5,8242101,1536994112176,1536994112377
slip,298.0,215.0,8242561,221.49748,224.1369,124.26018,242.89996,58.43343,253.86052,25.0,256.5,8242659,1536994112721,1536994112901
slip,68.0,218.0,8242956,52.170998,218.0,50.0,218.0,64.24266,207.19795,109.767876,187.60051,257.80298,155.3937,343.7158,154.0,8243096,1536994113155,1536994113351
slip,148.0,213.0,8244315,162.50548,194.71796,175.05115,186.34303,186.24448,185.41483,188.0,186.0,8244411,1536994114476,1536994114643
slip,162.0,166.0,8245874,121.0,175.0,56.800545,193.23181,38.0,200.0,8245937,1536994115999,1536994116169
slip,324.0,187.0,8249411,310.0,187.0,277.19638,189.82909,223.80388,192.90196,101.54598,203.41014,32.095387,215.2481,31.0,214.0,8249538,1536994119603,1536994119778
slip,230.0,196.0,8250946,172.68504,189.96457,81.94908,181.06721,27.250563,180.0,26.0,180.0,8251012,1536994121072,1536994121268
slip,124.0,163.0,8251354,165.02112,168.64244,313.56042,150.71957,8251452,1536994121512,1536994121696
slip,257.0,209.0,8256751,232.73228,194.4567,195.72322,190.8778,118.33002,191.45844,46.851906,192.0,43.430397,191.0,17.5,192.5,8256888,1536994126949,1536994127124
slip,185.0,128.0,8257422,226.401,111.0396,8257529,1536994127589,1536994127811
slip,141.0,116.0,8258031,174.0,114.0,8258119,1536994128179,1536994128352
slip,211.0,245.0,8265865,219.0,227.1051,219.98254,226.0,225.68245,226.0,239.05139,233.56126,243.0,234.0,8265993,1536994136059,1536994136277
slip,255.0,255.0,8268716,261.0,236.0,261.0,213.79005,261.0,197.71286,255.68634,190.91512,252.00366,187.00366,247.08867,188.0,247.0,195.60881,247.0,196.0,8268859,1536994138919,1536994139107
slip,287.0,157.0,8272123,287.0,190.0,8272251,1536994142344,1536994142516
slip,266.0,183.0,8273050,87.0,283.0,8273117,1536994144382,1536994144583
slip,214.0,241.0,8274065,60.0,282.0,8274110,1536994144397,1536994144608
slip,263.0,185.0,8274474,37.0,243.0,8274602,1536994146353,1536994146529
slip,251.0,161.0,8277059,212.75787,166.6655,140.18964,189.12823,68.0,237.0,58.937805,263.31586,59.0,264.0,8277137,1536994147197,1536994147395
slip,51.0,234.0,8277713,94.230446,221.25426,161.10849,204.53828,273.78,177.36563,372.0,155.0,8277820,1536994147880,1536994148060
slip,312.0,202.0,8278300,296.0,212.0,256.0287,224.6422,194.40446,242.84697,141.48349,258.14758,93.38105,275.06296,74.43633,283.40262,8278429,1536994148489,1536994148694
slip,219.0,184.0,8278836,158.71011,179.82802,40.497208,198.47331,16.0,208.0,8278909,1536994148976,1536994149163
slip,43.0,187.0,8279177,77.607124,158.69644,134.75424,135.81664,218.58527,127.1086,315.63556,141.51848,8279284,1536994149344,1536994149553
slip,216.0,228.0,8279666,160.93501,236.92946,63.18129,256.56375,51.0,259.0,8279711,1536994149772,1536994149958
slip,304.0,158.0,8280023,233.32289,156.95587,77.38736,190.03557,11.0,211.0,8280108,1536994150170,1536994150363
slip,114.0,181.0,8280448,169.04875,174.99594,219.8877,170.84233,354.5,166.5,8280555,1536994150617,1536994150808
slip,285.0,201.0,8285692,243.75148,190.68452,200.96819,185.55753,108.5,173.5,83.824,175.0,26.299288,190.25546,8285785,1536994155845,1536994156045
slip,286.0,197.0,8287192,235.27327,207.47176,149.74048,233.33609,86.35656,254.58792,63.47874,272.59573,8287280,1536994157339,1536994157524
slip,273.0,153.0,8288690,233.57126,166.39856,198.41777,178.80302,126.904755,201.27583,94.07099,213.32419,59.393417,238.32718,8288788,1536994158848,1536994159055
slip,210.0,42.0,8289076,189.0,42.0,143.08539,56.111435,40.08963,95.60701,43.0,111.0,8289175,1536994159239,1536994159418
slip,279.0,167.0,8289343,234.13719,210.27377,149.2681,275.83478,85.93822,309.19635,84.0,310.0,8289432,1536994159495,1536994159697
slip,330.0,185.0,8292037,300.16306,179.53679,270.5,176.0,208.04521,183.28607,114.99047,210.55257,67.27948,231.30585,48.83042,253.27098,50.0,256.0,8292185,1536994162248,1536994162435
slip,50.0,210.0,8292688,103.82097,206.7751,183.2129,186.9609,208.96333,180.14311,261.1729,177.08835,303.36914,177.0,331.608,178.951,332.0,179.0,8292867,1536994162929,1536994163075
slip,249.0,176.0,8295980,166.53009,184.14699,158.0,185.0,8296020,1536994166088,1536994166292
slip,240.0,208.0,8296616,211.84315,208.0,146.06635,221.59383,65.07344,245.10205,54.0,258.5,8296681,1536994166745,1536994166951
slip,245.0,222.0,8297222,164.91771,251.17696,117.0,264.0,8297269,1536994167331,1536994167499
slip,294.0,159.0,8297857,280.0,167.0,258.90933,173.15334,224.9032,182.3296,157.05486,214.03284,85.5,269.0,58.0,303.5,8297974,1536994168034,1536994168234
slip,303.0,164.0,8298284,279.4156,171.54175,254.25157,176.93379,186.69745,187.51314,85.837006,213.47514,50.689037,242.36713,44.0,248.0,8298412,1536994168476,1536994168680
slip,276.0,187.0,8298740,247.34239,203.87854,177.58995,252.54472,99.5,301.5,8298797,1536994168860,1536994169037
slip,281.0,142.0,8299117,238.51259,131.519,174.6553,144.52832,73.466545,190.30482,29.712227,219.71602,27.0,222.0,8299246,1536994169310,1536994169499
slip,311.0,201.0,8299758,278.79376,185.44844,241.56976,179.9004,180.88196,173.48524,124.77609,171.0,73.366455,163.7958,49.60341,158.9854,8299929,1536994169989,1536994170181
slip,50.0,147.0,8300229,129.68713,144.78119,298.86984,180.42374,327.0,189.0,8300346,1536994170409,1536994170592
slip,131.0,171.0,8300775,173.28435,171.0,250.47552,155.5749,366.0,156.5,8300880,1536994170942,1536994171135
slip,285.0,167.0,8301084,271.0,177.0,251.64696,190.03928,224.86574,203.56714,162.85005,235.60292,115.0,267.0,80.85474,292.41022,79.0,294.0,8301212,1536994171273,1536994171444
slip,92.0,222.0,8301501,109.0,213.0,136.9178,204.757,184.24136,196.86853,321.0737,188.8107,333.0,189.0,8301608,1536994171671,1536994171842
slip,97.0,136.0,8302944,126.97523,143.98761,139.0,150.0,8303041,1536994173110,1536994173290
slip,257.0,69.0,8308651,261.4237,99.50165,264.79932,117.795845,8308738,1536994178798,1536994178969
slip,272.0,206.0,8332128,230.08289,204.32994,186.12259,205.33717,100.82764,215.16748,33.95116,227.98006,8332233,1536994202292,1536994202475
slip,313.0,228.0,8336337,299.0,228.0,272.5462,215.16064,232.0141,212.0,127.58147,230.70926,64.0,262.5,8336453,1536994206516,1536994206691
slip,127.0,134.0,8340419,119.492546,110.97018,119.0,105.98648,119.0,103.0,8340516,1536994210576,1536994210740
slip,87.0,203.0,8347107,75.0255,178.08925,70.45546,172.45546,66.57005,168.57005,62.5,166.0,70.0,172.0,8347245,1536994217306,1536994217488
slip,85.0,155.0,8348037,85.0,173.97626,85.0,185.74274,94.89619,203.35085,106.158325,224.86545,8348142,1536994218202,1536994218372
slip,94.0,221.0,8350691,84.79421,183.21866,79.5,172.0,71.581276,164.06502,8350779,1536994220839,1536994221020
slip,282.0,196.0,8353793,258.29095,196.0,215.93677,203.2623,129.32915,221.3018,69.65052,243.93565,46.52497,257.84775,8353879,1536994223939,1536994224128
slip,324.0,186.0,8354554,296.5001,194.59088,268.74875,197.4584,237.41801,199.02771,179.72504,209.56874,90.825195,253.94191,89.0,255.0,8354671,1536994224732,1536994224906
slip,68.0,224.0,8362435,61.965073,193.68565,60.857014,186.28552,60.0,182.78622,8362532,1536994232591,1536994232759
slip,318.0,157.0,8365213,281.3956,158.23677,233.7229,169.13603,141.23009,211.10643,90.36545,242.4759,64.02505,261.64996,62.0,263.0,8365340,1536994235406,1536994235598
slip,71.0,174.0,8365660,95.57421,150.8086,136.30295,146.47446,238.16315,153.91171,331.29605,166.51071,8365778,1536994235837,1536994236005
slip,310.0,206.0,8366143,281.91364,215.29628,257.25977,220.01161,205.99277,230.5424,117.277725,254.49907,104.0,259.0,8366259,1536994236322,1536994236514
slip,241.0,163.0,8370606,191.80885,163.0,137.5,161.5,60.815296,175.12314,5.5,215.5,8370682,1536994240745,1536994240954
slip,184.0,292.0,8373024,184.0,277.0,174.47133,271.4713,172.71489,268.42978,170.0,265.3027,167.07895,262.07895,167.0,256.46533,160.33849,253.3354,8373184,1536994243243,1536994243448
slip,198.0,297.0,8381218,169.04651,297.0,163.1355,297.0,160.1746,297.0,8381335,1536994251396,1536994251582
slip,32.0,169.0,8387767,39.0,149.0,42.855186,132.57925,43.0,126.89425,52.0,120.5,8387894,1536994257953,1536994258121
slip,136.0,274.0,8391537,152.0,274.0,167.23117,270.0,184.26213,284.78375,8391636,1536994261696,1536994261909
slip,302.0,154.0,8392790,277.62866,160.0,250.86308,157.6756,207.34506,157.0,152.62949,164.04631,86.54433,182.82309,71.85605,200.28705,68.0,205.0,8392938,1536994263002,1536994263215
slip,49.0,227.0,8398983,49.0,250.28528,62.5,261.0,8399089,1536994269148,1536994269320
slip,296.0,124.0,8403546,260.79044,144.88383,217.10992,163.44131,133.81902,199.84502,77.52545,238.54962,56.762325,260.8116,57.0,262.0,8403673,1536994273737,1536994273909
slip,272.0,69.0,8405533,243.26701,76.0,212.09813,62.084347,169.62582,57.0,128.5,57.0,8405659,1536994275720,1536994275932
slip,71.0,232.0,8406217,109.980865,211.67305,234.06947,177.59297,330.5,150.0,8406303,1536994276365,1536994276554
slip,262.0,202.0,8407805,227.5,202.0,170.80074,192.87376,72.85311,196.79182,65.0,198.0,8407871,1536994277935,1536994278121
slip,78.0,261.0,8408343,106.0,244.0,149.71327,228.78601,272.66412,201.94075,350.5,188.0,8408448,1536994278509,1536994278677
slip,309.0,123.0,8412399,289.59882,142.60103,278.8234,149.24377,263.73895,158.13052,244.0,166.5,179.25798,190.22878,106.407135,230.26868,8412536,1536994282598,1536994282796
slip,237.0,185.0,8416318,192.49268,191.95308,151.69022,194.08733,90.354416,198.10732,8416384,1536994286443,1536994286635
slip,313.0,192.0,8419035,285.44244,196.0,256.56793,197.1216,211.97723,211.42047,131.43677,246.32605,89.03702,266.84128,68.39911,288.12668,8419172,1536994289232,1536994289419
slip,265.0,142.0,8420103,251.0,154.0,245.80563,166.47212,241.68112,178.27554,235.54713,191.3586,241.06116,201.48561,8420221,1536994290281,1536994290472
slip,291.0,191.0,8422461,270.15823,191.0,236.3875,198.74834,192.8577,207.05902,170.0,211.0,8422527,1536994292589,1536994292762
slip,274.0,166.0,8424652,154.0,258.0,8424707,1536994295735,1536994295932
slip,292.0,150.0,8427150,158.0,179.0,8427217,1536994298053,1536994298227
slip,309.0,196.0,8427973,285.9841,194.73015,36.0,224.0,8428083,1536994299951,1536994300140
slip,92.0,236.0,8428382,349.0,191.0,8428481,1536994299965,1536994300164
slip,74.0,260.0,8428938,304.0,174.0,8429045,1536994299996,1536994300185
slip,231.0,163.0,8429397,46.0,241.0,8429504,1536994300003,1536994300235
slip,76.0,181.0,8429750,306.0,163.0,8429857,1536994300029,1536994300254
slip,312.0,180.0,8430082,35.0,210.0,8430210,1536994300653,1536994300884
slip,78.0,231.0,8430381,316.0,197.0,8430480,1536994300672,1536994300905
slip,102.0,229.0,8430808,143.4988,211.94147,184.61986,210.0,242.1721,211.33775,326.4433,236.8719,332.0,239.0,8430926,1536994300986,1536994301159
slip,80.0,188.0,8431107,121.9918,190.14314,235.35611,182.53885,340.0,181.0,8431235,1536994301301,1536994301494
slip,259.0,238.0,8431396,231.08568,238.0,205.50694,232.12674,164.24701,236.84503,101.62508,249.4573,69.160805,257.95404,52.5,262.5,8431524,1536994301585,1536994301782
slip,295.0,196.0,8431780,272.70367,204.21605,239.83882,207.64645,199.85934,210.49126,138.69688,214.6135,63.277187,237.76735,41.0,252.0,8431898,1536994301960,1536994302148
slip,45.0,187.0,8432112,67.09144,170.60571,82.10113,163.44943,102.7572,154.26784,128.90082,148.38211,157.95627,142.18977,159.0,142.0,8432251,1536994302311,1536994302503
slip,298.0,176.0,8432529,255.89412,186.22118,200.26767,193.86462,113.46588,210.90683,68.92976,218.78537,47.620026,226.32498,30.780558,228.38359,8432656,1536994302716,1536994302893
slip,287.0,188.0,8435133,255.87717,181.1548,211.8688,183.89867,152.33875,195.557,92.76894,227.04913,57.557674,261.8219,8435232,1536994305291,1536994305505
slip,287.0,217.0,8435778,234.72597,213.41937,187.04488,217.49551,88.544426,243.15186,50.6276,255.3431,36.0,259.0,8435894,1536994305957,1536994306139
slip,213.0,116.0,8437512,209.14613,141.69244,201.13037,162.5763,197.03406,169.60991,204.62636,162.56046,211.0,153.0,221.1438,153.78595,222.0,154.0,8437627,1536994307687,1536994307840
slip,277.0,199.0,8441351,247.0,208.0,208.95627,219.76405,119.83527,247.17952,79.71727,256.9244,75.0,259.0,8441429,1536994311490,1536994311675
slip,94.0,188.0,8441933,94.0,167.0,118.54914,153.3115,161.08675,143.20901,307.02972,140.20552,326.0,142.0,8442038,1536994312101,1536994312273
slip,263.0,205.0,8442634,198.46254,219.13437,8442671,1536994312731,1536994312938
slip,234.0,219.0,8443375,189.23918,209.35735,158.84872,204.843,110.64958,202.41849,50.016884,207.4983,35.5,219.0,8443502,1536994313561,1536994313752
slip,48.0,226.0,8443779,59.0,211.0,98.664795,192.13408,230.21167,150.18549,324.5,128.0,8443878,1536994313942,1536994314138
slip,303.0,218.0,8444145,245.49779,226.79341,191.5,234.5,97.647026,248.37952,74.82775,248.62863,59.425606,250.05743,37.5,251.5,8444271,1536994314331,1536994314533
