slip,254.0,204.0,21238900,240.0,204.0,223.56757,204.0,202.97006,208.62874,173.8927,213.01788,149.62239,217.06293,128.30096,217.0,126.0,217.0,21239038,1536913076446,1536913076867
slip,279.0,222.0,21250971,255.26323,222.0,238.47557,223.76222,218.79645,230.58543,193.93443,236.37257,166.35365,239.84074,165.0,240.0,21251099,1536913088508,1536913088899
slip,207.0,196.0,21260395,245.67809,202.45976,276.6024,207.34036,311.62122,210.8966,321.0,212.0,21260500,1536913097910,1536913098344
slip,157.0,195.0,21261122,181.52916,195.0,200.01631,196.75407,229.99818,201.33313,255.10036,205.01254,275.19943,207.87683,290.93372,209.98343,305.86703,211.98792,306.0,212.0,21261291,1536913098700,1536913099117
slip,301.0,199.0,21272329,266.59964,195.0,246.56299,197.60925,220.71532,201.89781,202.77701,208.92085,181.64444,212.04182,158.36443,216.07945,137.48723,218.03944,121.5,215.0,21272506,1536913109915,1536913110313
slip,311.0,204.0,21283472,269.85538,199.0,244.99844,204.88924,211.44121,215.51959,182.11922,226.42485,161.35487,235.82256,155.0,239.0,21283609,1536913121022,1536913121400
slip,239.0,213.0,21293418,218.0,209.0,193.60907,204.8609,159.1227,205.17624,123.53694,208.75487,99.17333,212.81474,98.0,213.0,21293523,1536913130937,1536913131345
slip,140.0,189.0,21293684,177.47221,185.0,205.65062,187.3476,240.07068,190.7337,273.8373,195.42496,294.16425,200.29106,21293811,1536913131220,1536913131628
slip,193.0,184.0,21294249,218.38281,182.17635,247.60611,180.0,274.17072,181.54471,281.0,182.0,21294378,1536913131788,1536913132167
slip,293.0,201.0,21303629,265.70657,195.06665,240.23317,194.07254,213.7159,199.65681,181.00652,205.817,180.0,206.0,21303716,1536913141124,1536913141534
slip,296.0,216.0,21311421,272.0,211.0,248.23763,210.0,222.28635,213.5088,198.18083,215.72128,173.52676,217.20432,150.7551,214.11502,21311558,1536913148968,1536913149360
