slip,226.0,264.0,22491531,226.0,244.0,226.0,237.16121,232.30882,233.2147,22491671,1536915417065,1536915417457
slip,305.0,178.0,22493081,274.18445,185.93852,251.58014,190.68398,226.2047,194.37564,195.42172,200.5428,157.72662,205.58,130.98753,208.14816,88.571655,210.89285,53.90948,213.0,34.5,213.0,22493250,1536915418647,1536915419040
slip,291.0,210.0,22502425,257.24182,216.98445,218.5459,223.7971,156.41185,241.02519,100.40267,255.84088,66.52508,261.97125,55.379883,259.89874,22502534,1536915427929,1536915428322
slip,78.0,196.0,22502909,111.13126,176.71718,145.91609,170.70522,209.66623,164.48892,286.3663,157.56337,322.68167,158.0,330.0,158.0,22503080,1536915428475,1536915428898
slip,313.0,181.0,22503516,297.61365,181.0,273.6995,185.4335,248.783,193.739,213.6,203.90434,161.46298,218.11812,127.29102,230.95285,96.30463,240.30861,56.29011,251.53433,22503668,1536915429063,1536915429507
slip,70.0,193.0,22504085,87.93371,183.53314,104.54807,179.74199,152.8618,178.41583,258.39648,174.73584,307.3577,172.84554,340.60495,174.07117,22504256,1536915429650,1536915430073
slip,309.0,170.0,22504563,291.3508,170.93501,252.9781,179.00273,186.36649,192.59868,103.55826,220.66818,35.5,244.0,18.5,252.0,22504672,1536915430074,1536915430484
slip,293.0,179.0,22504929,258.1507,190.40358,226.85959,200.12553,153.01898,223.11374,111.19906,237.47307,73.43339,246.456,49.441883,252.05188,22505088,1536915430484,1536915430866
slip,299.0,211.0,22513508,46.0,245.0,22513657,1536915440371,1536915440872
slip,112.0,197.0,22513935,192.0,200.0,349.0,202.0,22514053,1536915440418,1536915440890
slip,57.0,173.0,22514512,334.0,167.0,22514683,1536915440445,1536915440981
slip,97.0,192.0,22515142,332.0,184.0,22515322,1536915442520,1536915443054
slip,118.0,178.0,22515730,333.0,162.0,22515924,1536915442563,1536915443073
slip,290.0,171.0,22516371,30.0,203.0,22516531,1536915442597,1536915443131
slip,327.0,183.0,22516970,36.0,232.0,22517204,1536915442612,1536915443153
slip,315.0,193.0,22517653,43.0,198.0,22517899,1536915444710,1536915445111
slip,302.0,168.0,22518348,30.0,203.0,22518552,1536915444735,1536915445144
slip,322.0,156.0,22518968,37.0,171.0,22519203,1536915444759,1536915445199
slip,63.0,201.0,22519384,330.0,202.0,22519609,1536915445418,1536915445866
slip,75.0,173.0,22519983,106.83414,164.02765,122.47735,163.0,144.12344,163.0,178.57333,165.0,219.42883,165.0,287.5,163.5,322.20248,160.06935,323.0,160.0,22520188,1536915445584,1536915445982
slip,89.0,178.0,22520539,106.516205,178.0,111.5,178.0,116.43515,170.56485,126.4684,171.0,142.72026,171.0,179.37413,173.6205,224.25607,172.81876,276.33978,171.18866,315.83566,168.87111,335.5,169.0,22520752,1536915446147,1536915446592
slip,296.0,184.0,22521052,274.33514,184.0,263.88016,184.0,247.74332,184.0,230.08522,184.0,206.60364,186.57758,177.73123,188.0128,131.29759,191.20569,66.92245,197.4432,36.1875,199.6733,29.0,200.0,22521256,1536915446654,1536915447062
slip,313.0,181.0,22521576,293.37054,181.0,284.57938,181.0,270.65692,181.0,257.1593,181.0,238.75255,179.0,219.25835,179.0,196.45508,178.68178,170.45198,176.46494,142.81488,177.0,106.5,175.5,81.00619,177.22256,51.474777,178.41806,29.758629,182.56035,28.0,183.0,22521843,1536915447238,1536915447698
slip,256.0,220.0,22525015,214.0,210.0,22525175,1536915450875,1536915451321
slip,315.0,146.0,22526223,28.0,196.0,22526427,1536915452455,1536915452916
slip,91.0,154.0,22526917,304.51642,149.0,337.0,149.0,22527141,1536915454534,1536915454942
slip,309.0,147.0,22527512,251.5,147.0,34.0,171.0,22527708,1536915454555,1536915454978
slip,315.0,187.0,22528260,31.0,184.0,22528424,1536915454563,1536915455007
slip,93.0,154.0,22528894,321.0,152.0,22529088,1536915454589,1536915455029
slip,98.0,136.0,22529525,307.0,112.0,22529781,1536915455245,1536915455675
slip,217.0,174.0,22535894,217.0,156.59525,219.59492,149.83757,225.86115,144.13885,241.0,132.0,22536108,1536915461502,1536915461930
slip,301.0,190.0,22539022,273.22055,190.0,243.08655,193.26093,203.02968,198.96245,130.00475,210.90303,87.65556,220.4641,46.00187,231.0736,25.5,236.5,22539153,1536915464551,1536915465028
slip,318.0,187.0,22542177,284.85104,196.0,263.214,197.97482,228.89078,201.35153,190.32024,207.24886,116.39134,225.57054,77.82797,238.55602,51.045998,246.58774,37.5,252.5,22542380,1536915467775,1536915468190
slip,111.0,267.0,22545660,91.0,256.5,85.72232,255.90744,83.444405,253.44441,78.703606,251.7036,77.0,248.10432,84.5,242.5,87.974525,236.0191,88.0,236.0,22545894,1536915471289,1536915471687
slip,190.0,135.0,22547081,171.03839,145.4808,165.67746,147.66127,158.97256,150.00685,159.0,152.66345,154.36699,153.81651,151.4644,155.0,148.11536,156.44232,147.15633,156.84367,146.5,157.5,22547293,1536915472689,1536915473108
slip,162.0,137.0,22547720,146.0,147.0,139.02846,148.0,133.6243,149.12523,131.3767,149.0,128.82182,149.0,22547914,1536915473311,1536915473694
slip,324.0,169.0,22550864,298.8851,174.20851,287.503,175.666,264.4105,180.00853,236.06313,184.77618,200.5,192.5,116.88521,210.79172,63.836395,228.98346,31.675722,240.42136,22551057,1536915476451,1536915476857
slip,105.0,104.0,22552338,92.0,87.43238,93.77275,80.784065,102.23974,72.80022,22552532,1536915477927,1536915478290
slip,291.0,154.0,22553887,262.00568,162.79886,247.84865,163.6919,219.0569,168.49147,187.1175,174.55885,152.0,179.5,115.5597,192.24329,81.36876,200.5358,58.58528,205.63068,36.393883,208.68082,34.0,209.0,22554090,1536915479486,1536915479918
slip,281.0,102.0,22559046,21.0,190.0,22559207,1536915485974,1536915486400
slip,127.0,153.0,22559549,317.0,153.0,22559762,1536915485998,1536915486417
slip,103.0,147.0,22560147,329.0,133.0,22560342,1536915486021,1536915486435
slip,104.0,174.0,22560692,330.0,156.0,22560928,1536915486695,1536915487066
slip,97.0,179.0,22561333,113.410324,179.0,119.87893,179.0,128.06552,179.0,142.5,171.5,179.1943,173.07224,231.73157,169.3633,295.43967,163.87202,326.32632,158.61227,330.0,158.0,22561547,1536915486945,1536915487317
slip,304.0,175.0,22561868,281.94684,179.43616,268.2651,181.94698,248.5766,183.57103,221.64265,185.94157,182.09734,189.69026,97.235176,199.44292,51.422913,203.63152,24.204586,205.12825,22562047,1536915487441,1536915487883
slip,298.0,151.0,22562457,273.00653,158.86928,254.01079,161.56989,227.97237,164.55862,191.51666,169.30513,141.11272,176.37323,81.05461,185.79652,46.363937,190.32721,23.0,195.0,22562649,1536915488046,1536915488477
slip,319.0,167.0,22567895,295.50317,173.9272,282.63083,177.30426,269.64334,182.72427,255.3237,186.4866,236.50807,191.22829,211.17317,200.56006,166.69626,211.80766,82.86493,241.19568,54.691917,254.33795,53.0,255.0,22568099,1536915493495,1536915494184
slip,108.0,157.0,22568417,131.47794,157.0,143.86139,155.5693,161.50487,152.16634,190.76952,152.0,224.8947,153.0,261.56982,153.50304,292.0614,154.0,320.97498,153.35893,337.15695,153.0,22568653,1536915494049,1536915494446
slip,93.0,187.0,22568963,113.26214,173.59029,126.538704,166.48709,146.1441,161.97118,192.89124,155.80588,283.9793,145.1134,342.0,148.0,22569122,1536915494520,1536915494916
slip,38.0,198.0,22569412,52.0,191.0,64.93201,184.4005,84.0,184.0,115.47403,179.97743,147.16972,175.41264,177.292,172.16267,204.82993,168.51215,222.43839,167.05106,239.28525,167.0,245.18597,167.0,246.5,167.0,247.0,167.0,248.5,167.0,248.0,174.0,22569763,1536915495158,1536915495539
slip,307.0,170.0,22579689,284.20694,172.5123,259.36926,175.09059,217.02403,184.25342,118.67938,208.93367,59.53955,223.58475,2.2195234,234.32373,22579810,1536915505205,1536915505725
slip,296.0,162.0,22581131,272.6056,162.0,239.8923,169.80135,202.65346,178.58664,136.87265,195.70514,69.72956,209.26035,10.846552,222.00232,22581248,1536915506645,1536915507027
slip,314.0,144.0,22583336,298.0,150.0,283.70096,152.0,254.61554,155.65767,166.6547,176.60602,104.17986,196.48006,55.132133,211.28929,20.448273,228.47948,22583494,1536915508889,1536915509298
slip,274.0,149.0,22587801,247.09186,161.42403,217.52011,170.3127,152.34625,191.88458,87.311935,215.47522,32.309227,240.13217,22587950,1536915513346,1536915513730
slip,308.0,199.0,22589800,264.1527,201.10591,228.09784,204.19217,177.87253,211.64041,101.56157,229.77106,53.286728,241.37906,22589926,1536915515323,1536915515711
slip,319.0,156.0,22597150,40.0,219.0,22597321,1536915523698,1536915524076
slip,319.0,157.0,22597716,39.0,223.0,22597887,1536915523715,1536915524113
slip,94.0,182.0,22598208,260.8261,160.50977,313.0,159.0,22598336,1536915524386,1536915524747
slip,51.0,195.0,22598636,336.0,158.0,22598841,1536915524400,1536915524789
slip,74.0,179.0,22599105,97.06412,179.0,107.2937,172.08858,127.12719,166.20537,168.51479,152.02939,253.4217,129.4552,303.72977,117.05405,324.0,113.0,22599266,1536915524663,1536915525108
slip,271.0,221.0,22599640,245.38644,216.0,227.48607,215.58965,206.9178,215.0,176.5,213.5,130.68402,218.95439,55.781902,223.54787,41.5,224.5,22599789,1536915525187,1536915525565
slip,307.0,162.0,22600218,275.2865,162.0,252.33702,162.0,216.46455,171.67455,145.91304,185.59573,76.329575,206.28873,30.121191,216.49539,22600388,1536915525783,1536915526247
