slip,270.0,182.0,7149397,242.0,182.0,190.11456,186.65962,68.15652,207.91356,7149481,1536990727730,1536990727432
slip,289.0,160.0,7152955,223.8585,175.18329,142.89896,203.39517,105.40856,214.5183,90.5,217.5,7153064,1536990731312,1536990731022
slip,285.0,117.0,7156835,223.33994,135.66437,168.78273,144.3001,117.71377,149.47931,7156923,1536990735172,1536990734870
slip,224.0,147.0,7161409,152.80045,166.91098,81.36232,185.9063,52.0,193.5,7161493,1536990739748,1536990739466
slip,298.0,167.0,7170900,250.75003,171.95454,206.42447,175.61253,147.8897,173.75204,99.5,167.0,7171008,1536990749256,1536990748970
slip,158.0,198.0,7171465,196.48778,187.71777,269.26367,166.2803,341.5,145.5,7171553,1536990749805,1536990749525
slip,150.0,156.0,7172085,207.65433,145.30452,234.0,147.5,7172173,1536990750431,1536990750145
slip,293.0,174.0,7181662,234.94063,181.82367,178.37529,191.12494,106.20711,200.56737,87.0,196.0,7181769,1536990760020,1536990759714
slip,294.0,178.0,7190745,252.47864,181.90427,215.2814,188.28644,176.64966,194.53606,97.5,194.0,7190853,1536990769104,1536990768813
slip,174.0,297.0,7191441,158.0,287.0,156.0,277.9799,163.10817,257.22958,7191549,1536990769798,1536990769497
slip,318.0,156.0,7193525,297.0,156.0,267.5216,156.0,232.47221,159.59058,195.0,159.0,7193612,1536990771861,1536990771564
slip,190.0,282.0,7197757,172.33148,275.98337,172.0,267.02182,184.36678,255.57994,194.5,249.5,7197875,1536990776124,1536990775828
slip,283.0,144.0,7210858,34.0,209.0,7211008,1536990790298,1536990789995
slip,129.0,174.0,7211510,308.0,169.0,7211619,1536990790309,1536990790031
slip,146.0,156.0,7212087,319.0,180.0,7212197,1536990790944,1536990790698
slip,116.0,200.0,7212591,369.5,208.0,7212709,1536990790968,1536990790738
slip,261.0,132.0,7221602,197.02406,140.9952,147.04605,155.23734,98.049164,174.12787,75.0,184.5,7221710,1536990799959,1536990799650
slip,301.0,131.0,7224102,250.9996,134.52179,209.60056,138.18565,139.13918,145.8327,78.34148,154.56815,54.0,156.0,7224221,1536990802470,1536990802190
slip,173.0,143.0,7228356,165.0,163.0467,165.0,173.13132,7228445,1536990806693,1536990806371
slip,285.0,151.0,7230323,259.0,151.0,210.64513,163.38959,156.18367,174.46219,107.96573,181.00331,87.0,181.0,7230441,1536990808690,1536990808440
slip,283.0,150.0,7235282,230.5886,152.32938,183.22446,157.87875,117.42477,162.8573,90.0,164.0,7235370,1536990813623,1536990813326
slip,136.0,120.0,7244913,146.5,87.5,7245001,1536990823249,1536990822934
