slip,313.0,181.0,19386097,290.0,181.0,244.12573,180.09242,201.0677,175.98212,150.67596,167.68924,117.0,162.5,91.016205,155.06264,19386229,1536909939159,1536909939549
slip,311.0,155.0,19388120,297.0,155.0,278.51324,155.0,251.46265,156.73631,215.99457,156.83356,167.22836,157.0,122.82811,157.89122,120.0,158.0,19388247,1536909941182,1536909941594
slip,299.0,158.0,19394965,280.94235,162.24886,245.94583,168.62372,203.96736,173.67029,137.34045,173.30414,97.01477,171.28656,92.0,171.0,19395063,1536909947995,1536909948394
slip,328.0,188.0,19398474,301.43024,174.85756,284.05386,171.50897,259.53763,168.475,226.22878,160.24576,160.41782,144.81377,137.44302,137.73418,114.75308,133.63374,110.0,133.0,19398652,1536909951587,1536909951979
slip,326.0,179.0,19404542,301.3816,179.0,280.2777,181.18057,246.83977,181.8626,178.05344,173.41948,123.393745,168.62625,108.142,166.9142,19404680,1536909957611,1536909958036
slip,289.0,160.0,19405468,266.35608,160.0,244.43875,158.61868,212.53165,153.34523,178.95343,145.94395,19405545,1536909958477,1536909958856
slip,300.0,183.0,19423249,261.27292,183.0,230.74469,180.85612,192.37964,175.69765,142.60783,166.86397,122.0,163.0,19423347,1536909976282,1536909976683
slip,323.0,178.0,19430464,296.55524,178.0,277.24197,180.25185,250.89923,180.56664,222.77051,177.56558,185.17613,174.05879,111.66794,159.47334,109.0,159.0,19430624,1536909983556,1536909983958
slip,302.0,154.0,19438126,268.8106,166.38594,207.22565,182.43901,168.0,183.0,116.540924,171.62292,101.0,164.5,19438253,1536909991188,1536909991616
slip,292.0,147.0,19457693,272.0,147.0,242.28494,147.0,205.91063,146.03285,162.26733,142.72351,113.17073,136.86179,81.27551,128.09184,19457830,1536910010760,1536910011163
slip,302.0,172.0,19468699,285.0,172.0,255.2618,173.27382,217.85442,170.2318,180.61858,164.4761,139.43857,158.06747,114.25395,152.44652,91.5,147.5,19468836,1536910021770,1536910022182
slip,307.0,157.0,19476072,292.0,151.0,261.5,146.08824,227.14992,140.02998,168.47487,130.13106,128.88022,127.77605,114.48938,126.19149,89.32544,118.9142,19476220,1536910029153,1536910029590
slip,308.0,149.0,19476863,282.8923,142.59882,250.35593,137.55563,211.74265,131.43184,147.64287,120.52857,102.01269,110.253174,98.02187,110.0,19476990,1536910029922,1536910030345
