slip,308.0,166.0,11077195,279.35553,166.0,253.3146,169.0,222.09094,171.4909,186.1096,171.0,149.91887,171.0,99.052055,171.1645,67.0,172.5,11077354,1536998326276,1536998326484
slip,304.0,170.0,11088210,251.05373,174.99023,215.81659,182.03821,178.07288,190.13466,147.7733,200.09068,121.44556,206.29018,103.5,214.0,11088347,1536998337270,1536998337447
slip,298.0,172.0,11093231,284.0,162.0,260.5434,151.2717,235.38586,146.93176,203.02953,148.52321,174.44385,153.43288,135.43391,161.76416,107.52552,169.9927,104.0,171.0,11093390,1536998342310,1536998342501
slip,312.0,132.0,11096383,283.5503,125.34689,251.10701,125.45331,208.43709,131.17831,139.5,139.5,116.17947,146.67833,106.44949,151.27525,84.09828,161.8208,70.069626,174.67168,68.0,177.0,11096553,1536998345476,1536998345647
slip,143.0,192.0,11107823,332.0,136.0,11108002,1536998358115,1536998358295
slip,326.0,172.0,11108197,94.0,202.5,11108336,1536998358132,1536998358340
slip,309.0,171.0,11108741,76.0,216.0,11108891,1536998358161,1536998358359
slip,315.0,176.0,11109266,70.0,244.0,11109436,1536998358832,1536998358976
slip,289.0,185.0,11109757,66.47963,205.7561,59.0,208.0,11109936,1536998358882,1536998359032
slip,165.0,159.0,11110515,179.0,153.0,201.05002,150.3425,244.8383,147.94429,310.88904,151.1433,325.0,153.0,11110675,1536998359598,1536998359780
slip,169.0,128.0,11111788,188.54613,121.48463,199.01979,118.09406,216.45097,114.25817,237.63235,111.19537,267.46106,109.23889,293.25604,111.3504,315.4957,113.92242,316.0,114.0,11112001,1536998360921,1536998361102
slip,299.0,137.0,11113441,261.56165,137.0,226.68669,136.06247,181.97083,138.10545,119.86766,142.0081,94.11505,143.57375,76.89876,147.30034,64.5,151.5,11113583,1536998362504,1536998362672
slip,136.0,145.0,11114104,154.0,145.0,178.06094,145.0,226.477,141.20723,301.403,143.55038,336.10345,147.88792,337.0,148.0,11114276,1536998363197,1536998363367
slip,297.0,186.0,11122162,279.0,186.0,249.10013,180.37369,215.86952,177.6245,178.53401,179.319,114.38649,191.80832,86.47936,201.84021,73.69353,210.30647,65.66679,217.26657,11122321,1536998371240,1536998371410
slip,306.0,165.0,11124181,285.0,158.0,249.78244,155.37825,210.28897,153.51204,169.75145,151.91351,110.626144,149.45421,73.27538,154.64871,56.881508,161.27109,54.0,174.64171,11124350,1536998373269,1536998373471
slip,260.0,150.0,11124831,234.02837,139.55319,211.4721,139.0,183.14375,146.4284,147.0,157.5,106.088326,172.45584,83.88265,180.83241,68.92905,190.0473,11124991,1536998373911,1536998374103
slip,154.0,212.0,11125247,169.0,204.0,212.23198,205.93855,255.26724,212.60425,295.93033,219.34885,323.21594,221.45099,328.0,221.0,11125407,1536998374331,1536998374510
slip,239.0,100.0,11126894,270.0,108.0,11127012,1536998375933,1536998376117
slip,304.0,155.0,11134555,254.84355,152.44032,206.08186,153.63141,144.68936,157.84642,98.20287,164.45116,73.42291,171.25713,64.51911,177.71161,64.0,178.0,11134692,1536998383614,1536998383801
slip,262.0,128.0,11135384,233.44382,125.60087,198.41872,122.05675,161.16394,124.96721,130.8555,129.12047,92.3758,139.20807,84.0,142.0,11135482,1536998384405,1536998384600
slip,287.0,125.0,11146335,257.36685,125.0,223.06134,130.82343,174.62332,135.22826,106.2038,141.86916,70.5,151.0,73.0,151.0,11146446,1536998395365,1536998395543
slip,127.0,149.0,11146733,147.39424,147.17308,181.98187,145.0,239.73108,146.93567,326.49515,154.38835,332.0,155.0,11146883,1536998395804,1536998395984
slip,152.0,167.0,11147397,173.56006,167.0,197.37364,169.51208,229.20271,174.75676,260.0159,176.4008,291.4773,176.16776,324.43613,174.5282,331.0,175.0,11147575,1536998396497,1536998396698
slip,315.0,161.0,11158679,292.16165,154.04042,272.37457,149.09364,253.92686,150.0,234.6824,153.99637,206.87062,160.8941,163.80125,175.21066,127.0,188.5,11158816,1536998407739,1536998407955
slip,287.0,133.0,11163771,261.05246,137.71773,231.0778,142.08833,195.49765,148.88669,163.94598,154.0579,122.26984,159.2381,107.5,161.0,11163879,1536998412801,1536998412983
slip,250.0,94.0,11168156,212.05623,73.35832,172.77957,66.11127,138.24515,67.96657,92.67231,86.11251,69.55457,105.44543,57.57182,117.428185,11168293,1536998417214,1536998417389
slip,308.0,159.0,11171734,270.42923,155.0,221.0407,156.38579,136.87941,158.76825,103.33208,160.8789,79.62866,164.62416,59.077274,171.84596,57.0,173.0,11171872,1536998420796,1536998420959
slip,296.0,157.0,11173144,257.13858,165.21536,222.13742,172.8047,153.4211,189.0018,117.39437,199.86855,104.412125,206.90358,88.5,218.5,11173271,1536998422194,1536998422370
slip,304.0,152.0,11173817,271.74478,152.0,256.1473,153.77054,234.97964,157.60406,213.33452,162.9108,185.39703,172.43718,155.33696,182.6127,112.61451,200.38548,111.0,202.0,11173987,1536998422910,1536998423089
slip,296.0,149.0,11174577,257.58588,146.1034,224.87898,147.65286,189.9379,153.43744,150.67816,158.58447,103.70089,167.30327,84.5,173.5,11174714,1536998423637,1536998423831
slip,251.0,159.0,11176370,269.0,126.0,11176509,1536998426771,1536998426909
slip,276.0,164.0,11178995,117.0,200.0,11179105,1536998429000,1536998429159
slip,283.0,104.0,11179657,65.0,156.0,11179767,1536998429013,1536998429207
slip,329.0,177.0,11180184,106.0,203.0,11180345,1536998429702,1536998429881
slip,319.0,204.0,11180665,94.211395,184.10187,86.0,187.0,11180815,1536998429735,1536998429931
slip,296.0,206.0,11181156,244.80586,212.9678,217.8305,215.90771,191.18517,220.17531,169.37012,219.95801,152.85246,221.0,148.82909,221.0,147.5,218.0,11181316,1536998430240,1536998430419
