slip,318.0,179.0,5223892,298.0,179.0,277.7863,179.0,252.48228,181.78824,221.57062,184.31435,176.16026,187.54066,5224040,1536981549357,1536981549437
slip,290.0,190.0,5252824,262.18784,190.0,238.75323,190.0,211.17493,195.01581,166.89738,202.01338,5252941,1536981578256,1536981578378
slip,116.0,221.0,5253453,123.208824,204.94034,140.1378,201.37401,164.49062,197.92253,213.90782,192.38495,298.14175,186.80278,327.7912,189.3055,333.0,190.0,5253644,1536981578963,1536981579070
slip,103.0,164.0,5254095,126.95863,164.0,155.0296,165.9182,198.83221,173.61745,292.3794,196.73984,336.3935,205.36823,5254299,1536981579615,1536981579704
slip,283.0,178.0,5263893,254.26776,182.85124,238.28627,185.34274,219.35333,190.47047,192.59648,198.1312,184.0,200.0,5264041,1536981589360,1536981589441
slip,321.0,166.0,5276842,298.2849,160.62791,286.11044,161.0,265.8097,163.69205,247.55687,163.88023,218.477,164.0,176.81319,164.0,5277022,1536981602338,1536981602416
slip,311.0,142.0,5289304,287.77744,147.24452,269.02295,151.45624,242.9359,155.56268,216.08426,159.54619,189.22455,162.45004,184.0,163.0,5289420,1536981614739,1536981614849
slip,148.0,189.0,5289846,169.4725,183.21822,184.97041,179.64444,205.67195,176.2739,227.5,173.0,258.9916,167.36516,292.5,162.5,5290017,1536981615333,1536981615421
slip,150.0,201.0,5290595,187.17336,196.88333,224.75616,192.12918,271.99936,186.25935,5290712,1536981616027,1536981616124
slip,298.0,175.0,5300190,281.0,171.0,259.8475,170.0,232.06389,170.0,195.39229,173.35225,136.5,180.0,93.74398,180.0,5300327,1536981625643,1536981625735
slip,271.0,151.0,5308898,250.0,147.0,229.32082,146.38274,201.91751,149.56473,165.24287,156.19183,129.32283,163.88634,94.94866,169.858,90.0,171.0,5309035,1536981634354,1536981634464
