slip,274.0,225.0,19879304,233.90065,227.08113,203.65587,229.31436,177.69975,231.68239,145.0,233.5,98.96258,224.2497,92.0,223.0,19879431,1536910640969,1536910641370
slip,304.0,165.0,19890394,286.0,165.0,238.92555,173.67494,119.491844,182.77167,71.650246,182.27573,21.5,180.5,19890500,1536910652036,1536910652428
slip,289.0,212.0,19900318,254.49962,212.0,213.19745,216.0,173.20143,214.64806,94.097885,187.26527,86.0,184.0,19900405,1536910661942,1536910662329
slip,164.0,175.0,19900779,229.49477,161.0,295.56885,165.86499,325.93784,170.89076,331.0,173.0,19900918,1536910662457,1536910662879
slip,130.0,192.0,19901462,167.7566,190.26393,211.79347,190.0,325.16803,205.83763,19901570,1536910663105,1536910663517
slip,317.0,170.0,19911936,297.0,174.0,278.9172,179.42484,257.6885,183.48743,230.16893,186.97466,191.00655,184.9269,92.23652,160.8675,19912084,1536910673621,1536910674018
slip,301.0,152.0,19915270,262.18427,159.40295,232.89972,164.29095,198.44656,169.66638,161.03383,169.12923,108.02121,156.46962,103.0,155.0,19915396,1536910676932,1536910677364
slip,298.0,206.0,19922960,274.8973,206.0,245.48065,203.30098,208.91344,196.1827,173.29208,187.24292,117.57946,162.41704,79.0,130.0,19923069,1536910684605,1536910685071
slip,206.0,172.0,19928710,216.0,199.1389,216.0,201.50728,216.0,202.96288,216.0,203.5,198.61742,181.91942,188.67917,157.0375,186.0,140.0,19928923,1536910690462,1536910690850
slip,277.0,137.0,19932223,242.52966,146.09901,195.72182,149.80733,104.35087,158.75414,87.08575,155.35799,81.0,155.0,19932310,1536910693850,1536910694241
slip,184.0,188.0,19932578,222.92545,194.2844,258.95505,200.38934,296.44858,203.039,327.387,205.85336,19932695,1536910694234,1536910694650
slip,178.0,216.0,19933328,239.0,210.0,317.83618,214.88701,321.0,215.0,19933454,1536910694996,1536910695401
slip,300.0,158.0,19943724,261.3465,159.9307,229.56282,162.97441,185.95296,161.63623,118.32055,153.54007,84.628716,134.6791,78.0,130.0,19943861,1536910705401,1536910705810
slip,278.0,157.0,19951224,249.38899,157.0,223.52946,163.60371,186.88249,162.78677,112.728806,149.34576,58.028404,137.42577,61.0,135.0,19951351,1536910712892,1536910713356
slip,325.0,160.0,19953961,307.21564,169.16249,292.34836,175.23695,267.9557,180.41698,238.33868,182.45067,210.37988,180.23051,176.8446,174.4466,128.98917,154.75523,125.0,153.0,19954120,1536910715656,1536910716069
slip,309.0,143.0,19958117,277.9114,156.36287,251.00803,164.29129,226.30836,170.92291,201.2424,176.59091,181.98132,175.8617,170.04019,172.67738,19958243,1536910719779,1536910720196
