slip,219.0,231.0,8259670,167.04999,265.77002,131.16783,288.4869,110.5,301.5,8259861,1537088005581,1537088004754
slip,289.0,181.0,8260235,264.0,181.0,228.00008,187.42856,180.92146,196.80139,110.86,214.71062,33.458405,248.78842,8260375,1537088006093,1537088005267
slip,134.0,220.0,8260856,170.91582,213.83801,219.07356,210.5579,332.85022,199.24612,340.5,197.5,8260975,1537088006695,1537088005874
slip,320.0,197.0,8270870,305.0,197.0,276.75,205.25,204.5,227.5,92.2092,261.6977,69.71602,267.32098,53.879402,272.6912,45.5,276.5,8271061,1537088016780,1537088015968
slip,266.0,281.0,8282173,247.0,282.0,216.73264,284.80917,186.1544,288.42728,171.18979,287.0,161.43579,285.7393,158.5,286.0,8282316,1537088028035,1537088027201
slip,303.0,222.0,8285681,283.15817,222.0,267.0743,215.47868,247.69424,213.55785,227.82523,209.11789,200.59277,205.08469,184.54832,204.14157,162.35892,201.19414,137.22694,202.0,107.316025,203.48244,73.93265,204.88269,71.0,205.0,8285866,1537088031589,1537088030758
slip,276.0,239.0,8289605,253.76048,239.0,237.53307,239.0,196.0,245.5,168.25522,248.7181,110.08282,258.98343,73.048164,263.0,61.0,263.0,8289796,1537088035514,1537088034678
slip,128.0,202.0,8290417,152.59996,193.0,176.5,190.0,233.88606,180.28415,311.44843,165.3879,329.13522,160.67566,8290609,1537088036328,1537088035503
slip,132.0,208.0,8291144,159.36667,204.28148,193.5,200.0,221.66081,196.95503,259.43152,188.65643,297.57205,181.78554,319.78513,173.9288,332.0,169.0,8291349,1537088037067,1537088036243
slip,311.0,167.0,8307636,287.06427,177.38072,261.2219,186.79375,225.99081,197.14859,170.59093,209.46657,135.28386,217.10231,110.03715,222.46185,78.874855,229.43336,46.208565,238.36899,30.0,243.0,8307892,1537088053610,1537088052861
slip,281.0,222.0,8320964,254.68027,222.0,224.90913,234.56992,137.0,260.5,50.6795,277.83414,52.0,276.5,8321134,1537088066852,1537088066044
slip,314.0,176.0,8336559,298.0,176.0,272.5,185.0,226.04321,201.64139,176.02164,215.2126,154.0,224.5,133.36249,231.87054,109.81734,241.4435,64.0,253.0,58.941414,254.16736,8336814,1537088082532,1537088081724
slip,190.0,179.0,8337349,216.48598,179.0,246.91197,180.73148,295.0337,181.0,324.0,181.0,8337469,1537088083190,1537088082341
slip,112.0,221.0,8337980,156.17296,218.63783,178.0,215.0,225.28603,208.34087,303.12296,194.84283,328.82162,185.27135,340.0,179.0,8338171,1537088083890,1537088083048
slip,316.0,221.0,8349396,297.65594,221.0,279.7203,225.62798,257.91544,228.41127,210.5,234.5,91.12546,250.87656,68.36124,252.67471,38.0,257.5,8349586,1537088095307,1537088094475
slip,313.0,206.0,8369233,284.00333,206.0,262.3856,210.16385,207.0,217.5,146.46515,231.69476,74.945564,248.69322,52.09224,253.7105,8369425,1537088115143,1537088114321
