slip,315.0,203.0,6450948,301.0,210.0,296.5,213.0,59.0,268.0,34.428856,270.34012,6451089,1537083658422,1537083657601
slip,124.0,222.0,6453087,193.10718,210.53021,328.5,201.5,331.0,202.0,6453234,1537083660567,1537083659745
slip,316.0,171.0,6463697,295.0,180.0,246.01689,192.96709,97.5,225.5,66.0,237.0,6463846,1537083671178,1537083670391
slip,175.0,278.0,6475129,214.0,292.0,6475279,1537083683168,1537083682355
slip,237.0,219.0,6487539,158.25256,216.5514,6487591,1537083694928,1537083694119
slip,83.0,114.0,6497122,83.0,131.0,74.0,152.5,6497260,1537083704593,1537083703780
slip,281.0,216.0,6498738,231.0259,214.33505,184.14856,214.0,107.5,219.5,82.353195,218.0,59.672916,217.0,53.0,217.0,6498873,1537083706206,1537083705397
slip,267.0,204.0,6499418,229.69583,204.0,185.70522,204.05887,135.00168,209.10793,50.5,215.0,6499557,1537083706891,1537083706085
slip,276.0,154.0,6522257,249.6193,154.0,168.0,166.0,82.74145,177.37321,36.5,181.0,6522351,1537083729683,1537083728901
slip,97.0,161.0,6522585,130.24164,155.31543,190.12009,151.0,315.0,157.0,328.0,163.0,6522735,1537083730068,1537083729265
slip,312.0,230.0,6523077,246.3985,228.78456,182.99164,223.85036,122.54364,223.0,58.5,211.5,6523216,1537083730549,1537083729758
slip,328.0,186.0,6523493,283.62207,193.73944,188.90744,202.04619,70.42611,221.32822,41.5,227.0,6523633,1537083730966,1537083730144
slip,102.0,177.0,6524104,163.57137,179.73625,210.99696,180.0,277.0,183.0,298.0,186.0,6524253,1537083731586,1537083730768
slip,111.0,274.0,6533219,148.24266,274.0,6533326,1537083740661,1537083739859
slip,203.0,205.0,6543648,225.10995,199.27,242.837,199.90694,269.63077,205.47351,314.77216,215.93787,326.0,219.0,6543786,1537083751119,1537083750313
slip,300.0,188.0,6544249,263.58398,190.05547,205.5,196.5,134.0,199.0,6544331,1537083751664,1537083750877
slip,292.0,154.0,6544781,276.0,154.0,251.49173,156.50165,212.5802,159.22137,167.38701,160.0,73.58323,152.26628,39.0,145.5,6544919,1537083752252,1537083751454
slip,230.0,213.0,6551780,263.0,213.0,6551868,1537083759202,1537083758388
slip,238.0,218.0,6552539,208.90598,204.94124,201.83812,201.41907,200.0,200.5,6552657,1537083759990,1537083759259
slip,252.0,177.0,6556494,224.32268,181.25804,171.5141,192.3875,91.55405,210.79254,6556568,1537083763902,1537083763125
slip,296.0,196.0,6557057,260.8804,188.50966,216.20375,187.32654,164.99174,188.0,135.50531,186.58363,95.0,187.0,6557166,1537083764499,1537083763703
slip,296.0,153.0,6568818,269.0,159.0,239.18039,164.37294,205.82819,173.33481,136.0,190.5,64.71176,201.45355,6568972,1537083776307,1537083775512
slip,159.0,161.0,6569527,206.04655,174.66629,297.11615,209.65143,323.5,213.0,324.0,214.0,343.5,220.0,6569688,1537083777023,1537083776212
slip,245.0,211.0,6570030,213.96574,211.0,180.14001,214.89143,116.0,216.0,6570169,1537083777502,1537083776693
slip,237.0,179.0,6575774,275.32227,180.83057,298.0,186.5,312.0,194.0,6575918,1537083783251,1537083782452
slip,258.0,200.0,6576507,217.76497,200.0,151.39787,203.606,52.40897,198.14589,6576591,1537083783925,1537083783126
slip,126.0,161.0,6576880,143.5578,161.0,169.63358,161.0,246.48544,168.74005,303.89642,176.9741,328.48465,183.12115,337.0,187.5,6577061,1537083784394,1537083783594
slip,198.0,173.0,6577714,217.28415,170.06436,236.94756,168.25967,278.5,173.0,300.63715,179.90929,328.6184,189.70152,6577884,1537083785218,1537083784391
slip,311.0,218.0,6578365,286.2836,218.0,240.59776,221.11992,190.5,222.5,96.5,206.0,6578504,1537083785838,1537083785060
slip,280.0,185.0,6579008,249.46461,185.0,196.90837,182.38167,167.5,176.5,6579072,1537083786405,1537083785603
