slip,305.0,255.0,13434579,305.0,271.73843,305.0,273.97495,305.0,276.6812,305.0,279.75003,305.0,285.81323,305.0,289.5,13434733,1537009840193,1537009840019
slip,301.0,196.0,13437246,280.7212,188.56032,255.36694,183.53534,222.27815,179.94933,182.12224,173.73956,103.5,171.0,51.33272,178.71552,28.5,181.5,13437399,1537009842862,1537009842732
slip,220.0,231.0,13438042,235.0,231.0,270.65097,229.03172,307.43015,231.0,326.5,231.0,13438160,1537009843620,1537009843460
slip,177.0,119.0,13443042,177.0,138.72287,177.0,149.5,13443132,1537009848592,1537009848419
slip,326.0,164.0,13455943,308.0,160.0,283.03537,157.06903,253.9962,157.55019,219.9673,160.17676,150.5,169.0,90.8306,172.08197,63.421898,174.17534,13456113,1537009861574,1537009861405
slip,293.0,207.0,13465984,237.10152,222.1761,212.46844,234.752,147.0,265.5,118.79749,276.61908,94.24548,285.2515,74.05245,290.3895,65.9369,293.53156,63.0,295.0,13466205,1537009871668,1537009871493
slip,318.0,179.0,13477474,301.16452,179.0,278.9386,180.60818,253.81006,187.93436,220.84612,195.1639,148.27089,210.54582,60.373436,255.43088,61.43423,271.6973,58.5,280.5,13477650,1537009883112,1537009882958
slip,260.0,206.0,13485364,214.90582,212.14682,175.27849,223.57793,88.5,257.5,52.88536,285.31137,38.5,296.5,13485483,1537009890947,1537009890791
slip,314.0,200.0,13489301,292.23004,200.0,272.0394,195.15411,248.47316,195.0,221.72806,197.55495,173.5,205.0,143.0,212.0,65.802376,244.7626,52.5,256.5,13489470,1537009894930,1537009894782
slip,320.0,161.0,13500384,287.89606,163.5482,256.55212,168.49255,217.95981,176.17337,159.70856,188.99057,90.0,211.5,75.0,218.0,13500531,1537009905993,1537009905920
slip,218.0,188.0,13501441,254.25865,189.76782,283.5667,194.00702,312.8298,199.1747,337.5,203.5,13501559,1537009907020,1537009906858
slip,165.0,151.0,13502339,187.0,151.0,232.97723,155.96082,324.54642,175.44432,363.5,186.5,13502457,1537009907922,1537009907778
slip,165.0,269.0,13503697,149.0,275.0,138.01956,283.32028,131.01645,286.32785,126.55003,287.0,123.0,287.0,124.0,283.0,13503867,1537009909327,1537009909198
slip,296.0,171.0,13514108,261.3357,177.0,230.97209,175.0,207.84302,170.88574,185.5,167.0,13514223,1537009919683,1537009919542
slip,299.0,186.0,13528932,260.88086,176.08018,230.85649,169.98405,204.0,167.0,192.0,168.0,96.0,159.0,13529046,1537009934506,1537009934376
slip,290.0,198.0,13529549,255.83746,190.71953,228.67479,188.36626,200.54877,189.90889,171.52536,194.3381,141.0,200.5,131.0,204.0,13529698,1537009935160,1537009935013
slip,324.0,203.0,13541401,88.0,277.0,13541572,1537009948079,1537009947914
slip,163.0,211.0,13541871,324.0,225.0,13541991,1537009948095,1537009947934
