slip,304.0,192.0,4611766,288.0,192.0,253.45233,191.11905,206.18152,195.46631,138.94824,204.6661,98.342804,211.95103,84.0,214.0,70.65262,222.84212,66.25672,226.48656,66.0,228.365,66.0,229.0,66.0,233.0,65.08302,233.91698,63.545105,235.4549,63.0,242.0,4612075,1537079866611,1537079865849
slip,245.0,201.0,4622911,221.0,201.0,177.4239,217.04178,87.822784,249.33717,64.7481,262.63705,55.5,266.0,4623020,1537079877557,1537079876775
slip,177.0,154.0,4623349,222.26999,153.35596,342.7673,155.53091,4623413,1537079877950,1537079877172
slip,119.0,174.0,4623617,214.53001,177.6613,361.0,186.5,4623702,1537079878237,1537079877476
slip,135.0,254.0,4632605,201.16719,241.08315,338.5,201.0,342.0,195.0,4632754,1537079887290,1537079886524
slip,269.0,183.0,4633180,201.15845,180.36633,143.49408,192.4036,76.099174,221.43271,48.0,240.5,4633290,1537079887825,1537079887043
slip,302.0,192.0,4642202,269.29602,197.23105,242.00949,205.38625,161.18509,226.60954,64.63872,259.35876,40.0,269.0,4642339,1537079896875,1537079896117
slip,134.0,218.0,4656843,174.09973,210.6482,265.78952,194.17203,385.0,174.5,4656951,1537079911491,1537079910701
slip,108.0,177.0,4657343,137.21034,177.0,183.27405,177.74405,350.19693,189.03136,4657434,1537079911969,1537079911203
slip,285.0,216.0,4657825,224.13751,222.78166,172.08669,230.98761,96.60547,247.2207,56.0,258.5,4657914,1537079912451,1537079911662
slip,129.0,221.0,4666771,195.22592,223.85616,351.5,237.5,4666878,1537079921414,1537079920642
slip,288.0,233.0,4667263,211.53966,245.32372,123.56545,267.95923,64.2161,292.1988,4667351,1537079921887,1537079921113
slip,309.0,194.0,4667636,235.5502,213.44124,143.15897,248.2136,49.5,272.0,4667724,1537079922259,1537079921488
slip,139.0,206.0,4669400,163.0,219.0,184.32478,238.30159,4669488,1537079924023,1537079923277
slip,277.0,236.0,4670285,230.05109,239.14233,191.73114,249.64824,108.30507,277.64514,4670394,1537079924930,1537079924188
