slip,165.0,162.0,14281428,127.0,158.0,77.71588,154.55113,42.247093,155.26149,14281514,1537011006828,1537011006672
slip,284.0,183.0,14289371,244.29663,184.68604,200.65292,190.22452,128.97354,202.00433,102.19376,203.0,74.5,198.5,67.0,193.0,14289520,1537011014834,1537011014717
slip,291.0,151.0,14290140,245.71729,146.59071,202.74783,144.0,144.0973,144.0,83.09459,152.31232,42.5,161.0,39.0,164.0,14290289,1537011015604,1537011015457
slip,302.0,164.0,14296468,268.14676,153.42935,234.08597,145.59189,198.33813,143.20657,162.42273,141.68428,118.5,146.5,101.0,150.0,14296617,1537011021931,1537011021757
slip,298.0,160.0,14304781,51.0,153.0,14304920,1537011031060,1537011030882
slip,286.0,172.0,14305669,87.43006,152.74454,60.0,156.0,14305807,1537011031738,1537011031605
slip,320.0,180.0,14306289,80.0,149.0,14306438,1537011031756,1537011031659
slip,297.0,121.0,14318870,242.40695,111.99114,207.80956,109.0,157.27824,109.53913,101.40866,115.38765,79.5,120.0,76.0,122.0,14319018,1537011044337,1537011044178
slip,299.0,120.0,14323338,264.2339,110.85104,226.12083,110.33872,138.8664,120.23707,65.027916,127.55554,50.0,134.5,14323457,1537011048771,1537011048632
slip,311.0,158.0,14331696,277.80603,145.57358,243.31636,136.66327,192.27104,126.202866,124.00685,126.269714,62.5,136.0,14331833,1537011057149,1537011056981
slip,311.0,178.0,14336579,45.0,170.0,14336728,1537011062388,1537011062226
slip,296.0,176.0,14337285,116.0,151.0,14337424,1537011063115,1537011062963
slip,253.0,156.0,14337926,215.92409,144.08078,186.39294,140.1393,147.85983,138.0,110.08291,136.92012,69.0,134.5,67.0,137.0,14338075,1537011063394,1537011063246
slip,274.0,153.0,14342801,230.82321,146.62627,197.24304,150.95949,141.62733,164.00957,74.5,191.0,14342909,1537011068226,1537011068082
slip,172.0,136.0,14343398,193.0,144.0,237.83075,153.90135,331.76105,177.47462,338.5,182.5,14343518,1537011068840,1537011068719
slip,140.0,92.0,14344949,172.57959,101.23991,225.22055,111.39049,313.98746,142.16722,345.0,155.0,14345068,1537011070382,1537011070238
slip,301.0,130.0,14356182,283.0,125.0,249.10088,115.66344,213.12897,106.04299,163.51962,92.629906,91.0,84.5,68.0,94.0,14356331,1537011081645,1537011081511
slip,281.0,201.0,14359346,260.0,194.0,234.88307,186.96103,207.26663,182.58517,167.64752,181.65544,94.063385,188.38733,76.0,192.0,56.0,197.0,14359494,1537011084812,1537011084673
slip,311.0,143.0,14361066,293.0,137.0,270.9935,131.66449,243.5,129.5,199.22923,131.97453,86.94455,135.0,81.0,137.0,14361215,1537011086532,1537011086383
slip,293.0,158.0,14363365,241.72487,136.09468,210.97545,124.6414,160.77565,114.27916,120.039955,108.72909,93.0,107.5,14363503,1537011088818,1537011088663
slip,298.0,132.0,14365920,278.0,125.0,247.66093,117.98125,212.07253,113.13406,139.87231,102.04323,95.90146,96.08195,89.5,95.5,82.0,99.0,14366067,1537011091384,1537011091267
slip,311.0,146.0,14369286,253.85942,138.91438,213.33778,139.65416,165.50723,143.6087,119.106575,145.64754,99.5,146.5,14369405,1537011094719,1537011094580
slip,274.0,120.0,14370932,207.10919,111.32029,141.38863,109.407394,94.67548,108.0,76.709984,108.0,59.5,111.0,14371070,1537011096385,1537011096237
