slip,299.0,168.0,3718808,249.48398,171.58905,205.98923,168.38379,168.48982,168.68274,115.0,173.0,72.76711,194.03938,3718967,1537077403722,1537077402999
slip,311.0,140.0,3723734,267.94037,148.01083,224.96011,152.20964,144.11783,155.0,69.0,149.0,50.704502,158.2695,39.31479,160.3836,3723914,1537077408669,1537077407894
slip,314.0,159.0,3724695,293.98282,159.0,275.44235,159.0,246.67285,159.0,196.0,157.0,155.01129,155.5134,119.82233,154.08629,99.5,150.5,3724877,1537077409631,1537077408874
slip,310.0,163.0,3729431,248.72868,163.0,185.0,162.0,150.18492,166.64612,128.84987,169.66367,119.73683,171.45264,3729566,1537077414321,1537077413551
slip,312.0,140.0,3730026,287.0,140.0,249.3042,143.9379,210.10223,147.02744,141.97963,149.0,94.0,149.0,81.0,151.0,42.0,158.5,3730186,1537077414941,1537077414185
slip,319.0,144.0,3732933,305.0,144.0,264.2789,152.94421,209.27525,158.52203,119.5,165.5,73.15189,167.03262,56.001667,166.80034,47.0,165.0,3733115,1537077417869,1537077417123
slip,300.0,151.0,3742540,265.77942,157.70343,240.31323,162.69101,203.86578,168.4561,135.5,173.0,81.0,162.0,3742688,1537077427448,1537077426697
slip,167.0,167.0,3743063,191.90598,150.70584,228.1663,141.97922,315.0,128.5,315.0,131.0,3743212,1537077427967,1537077427221
slip,164.0,165.0,3743660,196.66158,146.44614,238.65791,140.44562,305.0,138.5,319.0,144.0,3743810,1537077428566,1537077427770
slip,312.0,148.0,3754432,298.0,148.0,275.34354,148.0,241.5536,149.43425,192.66551,145.18611,154.0,139.5,116.0,131.0,69.45625,115.90982,3754602,1537077439358,1537077438592
slip,286.0,142.0,3756153,250.51234,146.49887,229.6566,147.0,200.25764,148.0,163.0,146.5,119.856186,138.5671,96.5,132.0,3756322,1537077441078,1537077440295
slip,302.0,133.0,3769413,262.9157,138.35582,225.82582,140.75427,179.62231,142.49579,111.10595,136.851,85.0,132.5,79.0,134.0,3769561,1537077454316,1537077453549
slip,290.0,131.0,3775025,215.90096,143.01042,189.0,143.0,117.018074,138.12726,93.07756,134.03879,79.0,127.0,3775161,1537077459915,1537077459134
slip,260.0,119.0,3776093,229.97769,119.0,178.78343,116.56755,58.5,99.5,68.0,96.0,3776187,1537077460941,1537077460199
slip,293.0,156.0,3785440,273.15393,156.0,261.1056,156.0,242.4497,157.22147,220.36111,159.29321,196.0,162.0,178.52466,160.48447,137.36662,157.48975,70.79634,140.19897,3785621,1537077470382,1537077469656
slip,87.0,185.0,3785792,105.46047,171.62755,133.79596,163.6011,171.81923,157.26892,269.5,149.0,326.90256,148.88528,357.0,150.0,3785952,1537077470709,1537077469934
slip,146.0,131.0,3786477,170.62509,122.58332,211.4689,119.68276,279.97446,121.602325,348.5,134.0,3786615,1537077471370,1537077470635
slip,269.0,173.0,3800657,232.20662,178.56042,202.18121,181.31607,165.48943,180.71693,133.18187,176.84299,97.0,171.5,81.0,170.0,3800806,1537077485560,1537077484801
slip,302.0,180.0,3814153,274.98053,177.1373,249.91142,176.0,224.29742,177.74474,201.09718,176.60648,161.5,176.5,151.0,175.0,3814301,1537077499056,1537077498365
