slip,112.0,134.0,1581803,119.0,117.0,132.5,103.5,1581900,1537061614809,1537061614867
slip,304.0,190.0,1586481,279.23825,198.2539,266.32816,199.0,247.66565,196.03012,223.88994,195.24312,189.38298,195.0,167.54521,196.26895,127.520905,203.49582,93.31313,211.33911,72.68119,217.23395,53.5,227.0,40.539005,239.52837,40.0,240.0,1586716,1537061619626,1537061619689
slip,290.0,236.0,1593167,275.0,241.0,258.15744,242.71297,243.01225,245.66394,228.32352,246.74184,209.74373,248.35469,189.35648,251.7287,147.94687,259.22568,75.63352,278.37982,1593329,1537061626239,1537061626318
slip,257.0,161.0,1595916,235.0781,174.36876,215.28883,182.5043,194.39514,190.84195,178.46915,199.97119,151.52336,213.95822,85.377884,243.31107,52.5,260.5,1596093,1537061629004,1537061629092
slip,290.0,220.0,1599089,260.03412,220.0,244.64804,216.73245,228.0,208.5,207.77711,204.23695,170.00484,203.0,132.06569,201.95938,102.53296,205.10179,83.42592,208.11482,72.43015,208.27002,53.794212,206.84244,1599312,1537061632221,1537061632315
slip,146.0,183.0,1599749,187.9442,166.73741,231.58923,163.36072,274.37848,160.2136,317.0033,160.0,328.53418,161.85342,340.5,163.5,1599929,1537061632839,1537061632889
slip,287.0,206.0,1600167,262.3799,206.0,245.99976,204.38455,219.55196,198.456,186.02768,191.75691,157.28734,185.17496,128.60783,180.93463,101.972496,178.68578,77.0,180.5,1600337,1537061633247,1537061633372
slip,293.0,202.0,1609772,277.0,202.0,267.26907,202.0,255.99475,202.0,246.61464,202.0,235.63147,202.0,226.52371,202.0,214.03331,202.0,197.57329,209.01215,164.45139,215.56459,132.16473,222.16705,107.27879,226.77434,77.06259,232.23434,70.0,234.0,1610016,1537061642930,1537061643025
slip,179.0,155.0,1610337,201.9163,143.0,217.52805,143.0,245.40784,144.88156,274.52487,149.77873,308.24493,152.5334,330.0,155.5,1610507,1537061643420,1537061643481
slip,148.0,200.0,1611086,162.0,190.0,171.0944,185.9764,182.87747,186.0,198.52452,186.0,226.72264,188.56435,262.80298,192.20804,307.26144,189.78256,334.0,188.0,1611278,1537061644191,1537061644260
slip,326.0,185.0,1622143,300.16418,185.0,289.8283,185.0,274.24762,185.0,259.92294,181.70625,240.32336,183.33458,202.09436,186.41959,164.21623,190.66736,93.05626,198.95546,50.248463,207.8456,1622347,1537061655257,1537061655363
slip,281.0,187.0,1633340,247.42937,187.0,207.42451,195.68376,166.18352,199.47882,120.99272,203.66727,94.5,207.0,76.05802,210.07849,59.37933,215.07837,43.118065,217.17108,22.5,220.0,1633532,1537061666444,1537061666512
slip,89.0,179.0,1634333,100.55871,163.48825,111.94969,160.44295,123.97399,159.37825,139.15256,159.0,154.00093,159.0,169.31483,159.0,179.08284,161.0,188.44354,161.0,195.91988,162.78398,199.35909,166.71817,200.80534,169.6107,205.41809,174.41809,205.88225,179.52899,206.0,184.5,209.21985,188.4397,204.62164,193.09459,199.00395,196.99406,189.20016,198.0,180.43661,198.0,169.31668,192.10556,157.39186,188.77026,144.32428,188.0,129.011,188.0,110.71198,190.26036,95.47832,192.3913,85.2518,194.82117,66.31997,203.84001,61.5,210.0,1634857,1537061667771,1537061667847
slip,270.0,91.0,1635807,253.0,91.0,241.52188,91.0,231.19633,91.0,225.23955,91.0,223.40747,91.0,222.5,91.0,222.0,84.0,1635955,1537061668868,1537061668956
slip,170.0,176.0,1644181,202.02289,165.0,237.37651,169.20518,281.84476,177.56895,335.79578,184.55916,343.70218,184.04964,344.0,184.0,1644352,1537061677268,1537061677331
slip,158.0,170.0,1644843,173.90712,170.0,179.67184,170.0,192.86455,164.0,209.59442,164.0,240.02307,169.43077,277.16153,173.89519,307.306,180.2959,312.0,181.0,1645024,1537061677935,1537061677986
slip,297.0,181.0,1653114,269.76733,181.0,254.28952,181.0,223.09679,185.2872,156.62918,186.75204,101.12534,189.63707,65.465096,191.47736,41.5,194.0,1653273,1537061686183,1537061686266
slip,302.0,181.0,1658989,288.0,181.0,258.24936,182.87509,222.34518,182.84772,188.67743,181.23387,155.53473,179.50183,136.61353,178.0,114.49488,178.0,79.5,175.0,1659138,1537061692049,1537061692129
slip,162.0,188.0,1662515,192.46776,188.0,233.04608,194.82257,302.5045,214.57796,319.5,218.5,1662642,1537061695552,1537061695624
slip,278.0,170.0,1663253,252.57828,174.0,238.67534,174.0,218.55241,170.1381,181.06458,165.1613,132.19554,160.9365,84.18206,157.0,50.093185,160.24872,8.5,170.5,1663430,1537061696344,1537061696439
slip,289.0,235.0,1663786,266.28278,235.0,249.63902,229.79945,236.75545,227.42664,221.32468,222.79741,198.78494,214.37473,171.26224,204.35977,120.57698,186.41028,82.73822,172.45026,58.13838,167.77594,54.0,167.0,1663966,1537061696876,1537061696967
slip,223.0,51.0,1665913,202.15356,45.131622,195.31136,43.0,191.6925,43.0,190.0,41.43632,190.0,40.0,1666018,1537061698930,1537061699018
slip,172.0,260.0,1675827,131.92763,260.0,1675889,1537061708799,1537061708864
