slip,272.0,228.0,6754696,223.97598,243.95622,188.81334,257.695,101.1017,273.10486,61.5,268.5,6754816,1537084081838,1537084081103
slip,294.0,209.0,6762759,254.60718,232.4318,201.62251,259.51907,128.5,295.5,6762873,1537084089895,1537084089179
slip,145.0,229.0,6763449,166.0,229.0,210.66452,222.24342,335.6901,213.8463,6763557,1537084090579,1537084089883
slip,317.0,178.0,6773408,297.0,188.0,253.5,210.5,6773470,1537084100497,1537084099759
slip,288.0,176.0,6785890,250.99623,195.92511,128.0,259.0,122.0,260.0,6785973,1537084112995,1537084112190
slip,160.0,201.0,6786218,215.2613,197.47691,263.5952,198.92928,350.0,202.0,6786337,1537084113364,1537084112623
slip,164.0,203.0,6786839,212.33919,185.4152,325.02405,162.39519,6786947,1537084113970,1537084113146
slip,304.0,202.0,6799469,282.18887,208.88773,242.71786,225.97638,167.82599,255.80594,147.0,262.5,133.52983,265.01324,104.42981,267.85703,83.5,265.0,6799606,1537084126629,1537084125924
slip,301.0,138.0,6800130,276.14645,150.54141,244.71024,166.79442,162.83861,210.92778,121.0,228.5,6800240,1537084127262,1537084126550
slip,183.0,174.0,6811084,168.0,174.0,24.5,232.5,6811223,1537084138245,1537084137520
slip,325.0,191.0,6821119,300.86368,197.85225,268.3999,212.17041,232.10199,229.9388,179.5,258.5,147.81602,273.88116,115.89513,286.70163,112.0,288.0,6821288,1537084148311,1537084147594
slip,219.0,177.0,6822239,316.0,179.0,6822359,1537084150772,1537084150104
slip,158.0,187.0,6822966,334.0,184.0,6823126,1537084150805,1537084150121
slip,115.0,231.0,6823587,300.0,252.0,6823706,1537084150814,1537084150137
slip,270.0,203.0,6824152,68.0,283.0,6824355,1537084152883,1537084152117
slip,306.0,201.0,6828780,63.0,259.0,6828961,1537084155985,1537084155159
slip,148.0,199.0,6829636,176.64354,193.45403,203.41502,190.85104,263.0,190.0,312.28214,194.66301,359.0,198.0,6829795,1537084156817,1537084156134
slip,191.0,173.0,6835256,207.0,173.0,215.19383,173.0,223.6456,173.0,243.0,173.0,269.73248,180.06926,310.60648,190.71902,6835426,1537084162451,1537084161710
slip,295.0,177.0,6835758,268.79752,189.0675,240.66725,197.69827,202.5,204.5,96.38441,226.1033,46.284477,224.99477,23.0,222.5,6835939,1537084162962,1537084162250
slip,274.0,216.0,6845193,260.0,216.0,233.31773,228.39008,197.92667,240.35777,170.5,249.5,6845302,1537084172324,1537084171616
slip,310.0,196.0,6850400,259.85895,228.08621,205.1552,257.13898,169.74023,274.07794,152.58116,282.7094,130.97961,291.2245,111.5,298.0,6850537,1537084177559,1537084176838
