slip,307.0,194.0,2974249,269.05414,194.0,227.44482,194.98352,197.0,196.5,168.8512,199.01567,54.106506,193.33315,2974376,1537076218906,1537076218143
slip,313.0,191.0,2987690,276.36722,191.0,221.88994,188.82228,154.27242,182.0,124.86169,180.88745,74.95134,166.41467,63.0,163.0,2987817,1537076232350,1537076231590
slip,299.0,186.0,3000231,272.2787,182.13934,246.72922,177.8136,201.5,168.0,129.46706,149.86676,91.54641,140.7168,80.91542,134.63847,71.8853,129.73117,65.0,122.0,3000435,1537076244968,1537076244206
slip,296.0,168.0,3001351,261.89175,168.0,229.83395,168.0,189.9863,166.51945,147.59032,163.56767,75.5,156.5,24.434446,134.30334,23.5,131.5,3001522,1537076246052,1537076245305
slip,296.0,175.0,3001928,267.49118,175.0,239.5626,180.35934,206.89467,183.19139,160.5,188.5,54.934418,164.6448,3002088,1537076246622,1537076245878
slip,150.0,166.0,3002302,203.38957,156.63524,238.80025,155.16798,283.5,156.5,299.0,160.0,3002452,1537076246983,1537076246207
slip,201.0,175.0,3002998,234.30421,166.63286,268.20776,165.25865,320.5,169.0,3003136,1537076247666,1537076246901
slip,330.0,181.0,3013224,310.0,181.0,279.69202,173.59822,250.91042,168.65173,205.5,166.0,157.4164,166.0,120.592026,166.0,3013393,1537076257923,1537076257166
slip,316.0,189.0,3024336,297.58316,190.96304,281.932,194.00618,257.65173,198.86966,225.0,200.0,127.5,195.0,3024495,1537076269025,1537076268286
slip,310.0,185.0,3036624,287.41144,185.0,263.4075,182.20375,254.0,177.5,235.11746,179.34163,202.09856,180.0,162.20242,178.82866,90.427216,164.29219,58.6126,157.72252,3036829,1537076281359,1537076280607
slip,130.0,129.0,3037177,164.52737,129.0,199.61938,126.0,219.0,126.0,247.29503,130.39311,319.9427,150.88695,350.0,162.5,3037349,1537076281878,1537076281119
slip,184.0,159.0,3037703,222.80376,149.19937,265.4379,147.0,323.49207,153.61417,339.0,156.0,3037840,1537076282370,1537076281643
slip,304.0,168.0,3049424,290.0,168.0,275.5,174.0,251.96254,177.01248,234.9305,182.12656,220.21535,187.31386,202.70703,192.82324,182.52454,198.11887,157.0,204.5,3049669,1537076294199,1537076293454
slip,324.0,189.0,3067866,309.0,189.0,305.25726,189.0,299.0,189.0,259.37195,192.94687,235.07939,194.32672,216.53824,196.74362,189.5,195.5,147.4077,188.85193,3068102,1537076312632,1537076311895
