slip,296.0,210.0,7066337,269.0,210.0,225.39117,224.01007,142.30554,246.2753,97.678474,265.7286,78.5,272.5,7066475,1537084463806,1537084463113
slip,314.0,186.0,7076713,284.26617,194.28778,248.5,210.0,184.61403,232.25134,122.0,261.5,106.0,268.0,7076862,1537084474193,1537084473519
slip,180.0,227.0,7087977,202.0,227.0,245.17136,221.67784,292.24057,218.43169,334.0,209.0,336.0,208.0,7088125,1537084485458,1537084484651
slip,318.0,205.0,7088595,290.359,212.66025,265.40955,219.30376,226.06143,228.38771,213.0,231.0,201.0,233.0,122.857,256.56497,74.5,271.5,7088777,1537084486109,1537084485406
slip,305.0,187.0,7089494,268.4165,197.8775,229.1591,210.42908,148.2934,241.42555,67.0,268.5,7089632,1537084486963,1537084486153
slip,297.0,176.0,7091203,277.45682,180.59053,260.44955,185.47707,204.73677,203.50427,123.75468,226.96605,101.0,230.0,90.0,231.0,7091352,1537084488685,1537084487949
slip,193.0,206.0,7091598,218.8154,206.0,245.41528,206.0,272.4699,205.65813,294.35925,205.8738,320.0,204.5,331.0,204.0,7091747,1537084489078,1537084488384
slip,292.0,209.0,7102863,248.86208,222.64137,213.3172,234.0058,135.41876,259.19376,110.5,267.5,108.0,270.0,71.03127,290.9531,69.0,294.0,7103032,1537084500365,1537084499664
slip,289.0,161.0,7103803,270.0,174.0,224.59172,189.00296,146.74727,219.40561,89.61105,243.15558,38.5,261.5,7103940,1537084501271,1537084500447
slip,133.0,163.0,7114233,159.0,163.0,208.37492,159.84052,282.7586,163.94438,318.02612,167.50435,338.93155,172.25406,7114403,1537084511734,1537084511012
slip,291.0,213.0,7114852,274.28824,213.0,262.16257,221.42912,221.5,236.5,166.85222,255.18163,111.06104,273.49643,96.80796,282.8177,84.5,288.0,7115044,1537084512375,1537084511535
slip,190.0,188.0,7124984,205.0,188.0,242.43561,186.2546,307.37762,180.15451,7125091,1537084522423,1537084521676
slip,142.0,200.0,7125730,195.242,198.05615,278.68237,200.24013,337.0,205.0,7125870,1537084523201,1537084522369
slip,243.0,200.0,7137722,223.0,210.0,187.01791,223.82637,146.83606,235.4059,86.15848,253.1287,50.664722,261.88922,7137860,1537084535191,1537084534490
slip,314.0,201.0,7141526,289.75726,206.42262,255.72926,219.91663,216.10219,234.30606,147.13734,261.89676,117.0,273.0,102.0,284.0,7141674,1537084539004,1537084538319
slip,123.0,251.0,7142167,147.0,251.0,201.90125,251.0,317.5,248.0,318.0,250.0,7142316,1537084539646,1537084538938
slip,132.0,184.0,7149391,184.0986,171.99014,254.06468,171.96849,363.5,177.0,7149499,1537084546830,1537084546017
slip,307.0,201.0,7150065,278.43295,209.1153,251.69067,220.30821,223.15623,231.48611,170.11208,248.73474,124.701355,262.82465,97.27974,268.94913,77.5,269.0,7150245,1537084547577,1537084546888
slip,278.0,225.0,7150556,219.91429,237.466,98.5,271.0,7150640,1537084547971,1537084547145
