slip,304.0,138.0,8558519,284.0,138.0,268.57315,138.0,240.93735,145.8397,195.0,151.0,130.68347,164.3304,106.76517,175.17625,88.5,185.0,64.99238,204.12437,28.0,230.5,8558744,1537088390080,1537088389249
slip,316.0,190.0,8580804,286.63776,183.0,247.0,189.0,171.10666,197.8994,143.44597,200.03694,119.075874,202.0,96.230865,202.0,73.395195,197.41035,63.5,194.5,8581040,1537088412376,1537088411604
slip,284.0,194.0,8581626,254.35638,187.27127,227.45038,182.66756,188.98492,179.1654,155.67033,176.15958,119.0,174.5,89.96227,171.08405,77.19909,169.02844,65.0,163.0,8581819,1537088413156,1537088412350
slip,103.0,178.0,8582504,135.42441,169.85756,178.5,166.0,233.48807,158.60469,290.45416,153.34229,317.45612,153.0,329.0,153.0,8582695,1537088414031,1537088413180
slip,311.0,154.0,8583176,283.95053,149.08641,257.10294,150.55673,220.97661,154.16861,103.5,177.0,77.41415,189.76999,47.35848,201.28513,33.027615,206.16927,23.5,210.5,8583369,1537088414705,1537088413876
slip,288.0,178.0,8583818,265.0,178.0,232.42903,175.30614,196.12695,176.54985,147.96007,180.43567,73.97197,196.2084,53.0,202.5,46.0,204.0,8583967,1537088415306,1537088414505
slip,306.0,159.0,8588898,286.0,154.0,238.5,149.0,197.04083,151.69449,120.0,164.0,92.063034,177.03658,63.21958,187.91217,58.0,190.0,8589047,1537088420385,1537088419570
slip,302.0,151.0,8589946,263.0,145.0,247.58028,147.32481,203.09554,151.4351,142.78166,160.53639,95.508606,175.2457,65.69042,183.7199,32.506413,199.06009,22.0,203.0,8590104,1537088421440,1537088420628
slip,297.0,187.0,8596605,277.5441,187.0,240.97075,195.39809,196.0,203.0,79.041565,233.8327,77.91113,230.81778,60.646606,233.89223,54.0,235.0,8596740,1537088428077,1537088427263
slip,310.0,174.0,8597781,279.32535,171.52153,249.66426,170.0,233.5,170.0,224.0,173.0,166.54585,187.48793,109.93584,203.8424,87.47571,207.43733,63.660053,210.84532,8597941,1537088429277,1537088428479
slip,151.0,177.0,8598451,181.14555,177.0,213.7948,174.38354,252.77472,172.89723,320.5,165.0,330.0,164.0,8598601,1537088429936,1537088429116
slip,133.0,180.0,8599093,158.0,172.0,188.39423,168.18892,238.36423,160.80511,282.28687,154.58606,328.79572,147.04807,337.5,145.0,8599263,1537088430603,1537088429767
slip,270.0,151.0,8617948,251.0,151.0,215.81146,153.55609,185.18674,157.73628,156.99428,164.00127,59.515923,214.99146,60.0,218.0,8618097,1537088449432,1537088448607
slip,290.0,146.0,8629289,264.50153,146.0,244.76343,142.94931,223.62653,144.28822,203.08145,148.47556,193.0,151.5,184.0,155.0,112.4877,199.17441,81.10585,219.03955,53.933857,243.06615,8629491,1537088460827,1537088460097
slip,314.0,131.0,8641718,295.0,131.0,273.5,135.0,237.0812,139.11485,190.0571,147.13266,104.36156,171.39256,69.614944,185.62328,50.932426,198.85406,32.0,211.0,27.183224,219.21918,8641975,1537088473310,1537088472538
slip,154.0,180.0,8642509,199.4555,177.61343,251.0,169.0,338.63843,155.71086,8642669,1537088474007,1537088473169
slip,204.0,166.0,8643131,236.43225,156.65254,269.02487,147.35799,306.5,138.5,316.0,137.0,8643279,1537088474614,1537088473805
slip,159.0,175.0,8643866,174.0,175.0,184.84718,164.53821,200.5,161.0,241.79762,156.06429,276.85898,148.57109,308.5,139.0,324.5,139.0,8644070,1537088475405,1537088474610
slip,291.0,146.0,8656407,264.0,155.0,253.0,156.0,200.47867,169.15205,167.68558,180.98195,138.16356,193.45244,91.16814,219.51234,60.914185,239.90485,8656556,1537088487892,1537088487063
slip,302.0,163.0,8666444,263.09778,165.38045,230.13287,174.71678,221.0,177.0,208.0,183.0,114.91351,226.03244,71.414536,251.29274,56.30597,256.4235,8666601,1537088497937,1537088497098
