slip,294.0,210.0,463224,274.77435,210.0,257.1102,211.28998,202.6168,217.47386,96.06941,234.28789,101.89532,241.63373,101.0,242.0,463363,1537060318147,1537060318199
slip,302.0,217.0,472589,262.37494,217.50378,208.50551,217.0386,149.16641,217.48549,114.50481,219.04306,92.52623,220.24854,55.97942,229.16548,36.631737,237.53104,472721,1537060327504,1537060327572
slip,258.0,254.0,478905,228.47322,254.0,208.44077,252.9201,181.74103,255.3765,149.98015,258.27454,124.58868,263.643,103.84395,268.14578,78.31717,271.74606,52.519714,270.65747,479074,1537060333857,1537060333957
slip,67.0,246.0,479330,106.875854,246.0,154.64812,248.51433,210.7506,251.23486,243.79773,253.58652,270.00043,252.94734,309.5,248.5,479479,1537060334264,1537060334320
slip,142.0,212.0,479950,163.1093,212.0,174.0,212.0,189.59164,212.0,211.90079,214.78677,247.14313,224.43486,278.4264,232.3566,301.0086,237.00246,320.65933,237.3022,330.0,234.5,480163,1537060334950,1537060335023
slip,306.0,220.0,480570,263.33173,222.04488,237.6304,224.96683,198.80315,228.0,164.81255,230.19022,134.51695,230.61665,102.71492,233.29865,61.62254,238.33963,38.675766,243.88646,480763,1537060335546,1537060335618
slip,286.0,252.0,481189,260.60065,246.80032,248.411,247.0,233.64919,245.62769,213.14641,246.0,178.84314,251.66489,145.398,256.60034,111.78412,264.43234,77.961334,271.65042,64.24041,273.53708,54.50998,276.596,481403,1537060336188,1537060336250
slip,293.0,234.0,485890,266.7658,234.0,251.34917,229.7961,228.724,227.11139,204.4999,227.0,176.93369,226.0,159.13097,228.11588,138.48357,229.5924,119.3193,233.38785,100.4336,235.83566,68.02032,241.49661,50.945232,244.34247,34.78754,246.22125,486134,1537060340919,1537060341017
slip,124.0,213.0,486636,164.78658,208.0,197.42285,210.24228,223.19136,210.51196,243.58232,211.0,263.74265,211.0,284.2401,208.82285,316.544,204.47061,336.5,201.0,486830,1537060341617,1537060341670
slip,145.0,176.0,487920,160.9708,176.0,169.08095,176.0,186.09235,176.0,199.67351,176.0,218.93227,179.27603,247.40039,181.2316,284.94617,187.24327,314.0683,190.42824,337.0,194.5,488112,1537060342898,1537060342952
slip,290.0,242.0,492267,304.0,232.0,307.4606,227.07881,311.13452,223.91031,324.5,216.5,492415,1537060347198,1537060347236
slip,298.0,222.0,500182,284.0,222.0,261.69058,222.0,224.47073,222.53812,177.07678,226.88036,131.60211,235.59933,108.181076,241.38977,80.276634,247.49687,56.497448,252.17912,500351,1537060355136,1537060355209
slip,148.0,147.0,507338,156.17676,119.15082,164.48015,102.73574,168.42949,93.92628,168.0,90.3901,168.0,89.0,168.0,88.241646,168.0,86.82952,168.0,85.223694,168.0,83.59228,507542,1537060362326,1537060362388
slip,271.0,260.0,514761,243.18428,253.06143,222.48195,246.16064,193.25961,240.40941,161.28864,237.29945,133.21979,234.71881,97.38077,232.4613,75.92189,232.0,55.244843,233.0,32.301693,229.68156,514964,1537060369749,1537060369845
slip,299.0,179.0,533828,265.12695,184.11018,227.07967,190.06773,185.4456,195.02654,149.30417,197.41064,123.89853,202.30746,90.62505,205.06248,53.55587,209.63216,50.0,210.0,533998,1537060388782,1537060388844
slip,259.0,229.0,539233,245.0,229.0,224.28282,229.0,195.69868,233.03014,162.42145,236.48195,143.41325,237.4164,129.64523,237.0,114.0148,238.49815,103.71608,240.04732,94.63707,242.68147,85.77327,246.07558,73.00521,251.99826,58.392193,255.32156,539466,1537060394251,1537060394344
slip,291.0,224.0,540771,261.10602,224.0,247.31293,224.0,229.92613,220.07784,213.1102,221.0,197.24666,223.13698,175.74983,225.26926,155.11372,228.26947,129.11816,232.64041,96.89121,237.07553,68.20458,242.33612,45.178577,247.03316,541004,1537060395788,1537060395862
slip,299.0,214.0,546582,266.8693,221.22614,253.30222,225.33955,238.39182,228.90204,222.46829,230.0,205.2531,232.68126,166.11362,233.9536,119.83995,237.74182,70.43331,244.5573,55.40477,247.3988,43.383278,250.13705,33.5,253.0,546815,1537060401602,1537060401696
