slip,321.0,198.0,13767749,295.1784,178.3928,281.03717,174.0,264.39825,174.0,247.5,180.0,220.48183,186.41193,195.43102,193.99088,164.88121,200.70921,135.93063,206.80408,110.00787,212.88051,69.0,230.0,13767993,1537010291059,1537010290911
slip,303.0,184.0,13778521,258.0029,181.90028,219.96867,181.66797,178.23343,183.20595,132.62247,187.0051,82.0,197.0,13778659,1537010301725,1537010301555
slip,162.0,173.0,13789390,205.68741,170.37502,243.75421,172.82309,284.10526,175.88843,332.0,176.5,13789528,1537010312594,1537010312434
slip,159.0,168.0,13790309,195.46967,168.0,226.13971,176.23561,284.0744,183.00859,330.0,191.0,13790457,1537010313523,1537010313354
slip,308.0,160.0,13806685,273.54984,147.09279,246.68106,141.5958,217.0,136.5,182.7268,135.0,147.0,135.0,137.0,134.0,13806830,1537010329896,1537010329768
slip,284.0,115.0,13811664,242.71097,111.10157,190.5,119.0,178.0,122.0,13811758,1537010334823,1537010334682
slip,321.0,187.0,13817637,276.14816,180.78214,240.46667,176.9739,203.08153,172.0976,152.95438,166.05345,120.0,165.0,97.0,165.0,13817785,1537010340851,1537010340737
slip,328.0,180.0,13820245,300.74918,169.44199,276.25797,163.9887,246.06602,161.10873,211.04222,161.0,152.0,169.0,89.666115,183.58347,69.0,197.0,13820415,1537010343480,1537010343341
slip,156.0,151.0,13839769,203.72894,155.89677,246.8326,157.50598,300.9252,159.10132,332.0,162.0,13839889,1537010362960,1537010362796
slip,150.0,158.0,13840400,180.54422,158.0,214.8127,159.83798,289.04175,168.65486,340.09808,182.62749,13840520,1537010363586,1537010363427
slip,277.0,192.0,13840935,236.85909,183.94427,197.37845,181.9778,124.99161,183.21764,72.87708,185.04678,29.0,195.5,13841054,1537010364125,1537010363966
slip,293.0,174.0,13847668,262.90207,167.10663,235.02385,163.68672,200.5333,160.23056,163.73862,157.39488,103.5,157.5,75.0,165.0,13847818,1537010370883,1537010370757
slip,315.0,174.0,13854040,285.3359,166.16795,259.6596,165.09763,229.40663,163.57033,197.16617,164.0,165.0,164.0,148.0,167.0,78.97051,172.0,68.21399,169.73799,13854220,1537010377286,1537010377112
slip,327.0,187.0,13854798,279.0271,180.0,252.42725,180.97626,227.41092,184.19864,197.0,191.0,162.76978,198.4055,135.16013,204.31554,120.0,206.0,13854978,1537010378045,1537010377897
