slip,301.0,203.0,8831786,283.0,203.0,262.93033,201.70433,235.11221,199.72845,194.5,198.5,181.0,199.0,132.29623,201.62346,86.858,208.33073,53.54495,212.18188,35.0,214.5,8831989,1537088748307,1537088747568
slip,165.0,226.0,8839879,186.92348,235.50638,217.0,233.0,8840017,1537088756334,1537088755489
slip,325.0,177.0,8840787,304.89395,174.65369,260.47186,181.87582,222.0,192.0,151.5423,204.16284,81.24524,219.16316,32.51804,235.90646,13.5,241.5,8840978,1537088757297,1537088756461
slip,292.0,185.0,8845105,265.8254,185.0,249.53865,188.10889,218.7817,197.40494,115.5,224.0,86.0,233.0,8845254,1537088761571,1537088760742
slip,317.0,174.0,8856979,298.77377,174.0,275.71643,176.8806,266.0,178.5,185.97578,201.87752,89.66209,231.48651,44.5,249.0,8857160,1537088773478,1537088772659
slip,122.0,192.0,8857599,170.62163,191.27026,239.64458,182.84308,346.0,156.5,8857737,1537088774056,1537088773217
slip,131.0,237.0,8858444,155.58968,222.94421,177.5,216.5,196.0,209.0,295.64832,172.20538,320.9307,159.96039,343.0,152.0,8858635,1537088774953,1537088774132
slip,294.0,172.0,8873923,258.7927,174.25293,211.70076,181.76505,86.0,210.5,60.0,221.0,8874027,1537088790345,1537088789511
slip,325.0,163.0,8884300,293.74655,163.0,253.52002,172.696,200.7688,182.55515,132.5,194.0,49.1492,224.9347,8.5,234.5,8884470,1537088800787,1537088800033
slip,287.0,252.0,8895598,251.59961,230.25313,219.87341,218.4057,167.42764,201.7186,143.5,194.0,113.58689,189.75983,44.045063,177.14023,8895767,1537088812089,1537088811273
slip,134.0,208.0,8896173,163.63174,208.0,292.97934,196.49141,342.0,190.5,345.0,187.0,8896323,1537088812645,1537088811828
slip,172.0,223.0,8896868,192.97412,211.40259,205.90385,207.66106,232.88045,201.61041,278.0,189.5,335.0,169.0,8897018,1537088813335,1537088812584
slip,148.0,184.0,8897671,175.4476,184.0,204.00882,178.44249,238.46205,179.0,275.5,177.5,328.3587,172.56714,346.5,171.5,8897842,1537088814159,1537088813331
slip,320.0,149.0,8909846,297.3868,158.15329,250.5,178.5,131.24677,226.89719,80.72114,254.2708,38.0,263.5,8910037,1537088826355,1537088825524
slip,324.0,162.0,8919946,304.0,162.0,279.7856,169.3029,229.5,184.5,123.22,222.42387,57.63797,252.22002,35.0,259.0,8920137,1537088836457,1537088835620
