slip,176.0,191.0,5036487,214.62732,183.0,226.0,183.0,243.0,184.0,306.0,182.5,5036645,1537080565900,1537080565152
slip,286.0,204.0,5037063,232.26207,204.0,183.88438,210.56297,96.32941,231.36996,58.0,246.5,5037172,1537080566427,1537080565656
slip,312.0,177.0,5037577,263.83096,186.05852,198.10086,204.132,125.26955,226.0709,61.5,246.5,5037684,1537080566940,1537080566156
slip,234.0,216.0,5046512,202.00597,216.0,163.3721,214.0,120.49742,215.27788,5046620,1537080575877,1537080575111
slip,154.0,160.0,5047013,204.77518,160.0,296.0,160.0,5047103,1537080576358,1537080575590
slip,127.0,169.0,5047506,158.8008,167.52135,218.56395,170.14218,379.0,173.0,5047595,1537080576850,1537080576070
slip,162.0,174.0,5055766,206.20244,166.985,275.0,165.5,5055856,1537080585113,1537080584335
slip,304.0,202.0,5056334,272.93533,202.0,246.24355,205.6629,197.92351,219.04977,104.09989,258.14157,5056442,1537080585701,1537080584935
slip,301.0,191.0,5064724,270.3208,195.76549,229.05984,201.24359,182.00748,205.99925,95.946686,214.54895,74.5,217.0,5064843,1537080594098,1537080593352
slip,283.0,181.0,5073435,267.0,181.0,235.34117,191.21584,174.07796,207.33673,5073519,1537080602777,1537080601998
slip,141.0,176.0,5073862,198.78691,168.0,5073947,1537080603206,1537080602443
slip,137.0,164.0,5074343,170.08846,164.0,234.26077,173.3868,330.16116,188.62508,361.5,193.5,5074462,1537080603718,1537080602926
slip,168.0,227.0,5083204,188.0,220.0,261.60452,199.37794,287.0,192.5,5083374,1537080612633,1537080611868
slip,312.0,183.0,5083695,273.71732,183.0,223.41504,186.7389,202.5,189.0,5083769,1537080613026,1537080612235
slip,178.0,196.0,5090002,204.66829,199.04808,253.03212,203.0,277.0,203.0,331.0,196.0,5090150,1537080619406,1537080618655
slip,241.0,231.0,5090707,287.62085,216.06319,5090815,1537080620079,1537080619328
slip,243.0,225.0,5090994,189.97292,223.33463,158.17021,227.56596,120.61856,240.73732,36.5,270.0,5091104,1537080620362,1537080619624
slip,299.0,187.0,5091325,223.64859,211.71344,130.7958,244.52147,5091415,1537080620673,1537080619892
slip,249.0,189.0,5093230,229.0,189.0,201.5017,198.55518,166.09813,208.79622,90.21617,242.57162,38.5,266.5,5093348,1537080622603,1537080621844
