slip,319.0,186.0,14523207,296.0,186.0,260.87683,178.35803,221.98474,174.27817,179.88335,177.3823,123.14776,182.28522,106.0,184.0,102.0,186.0,75.0,190.5,14523366,1537011330520,1537011330378
slip,330.0,180.0,14528945,300.03894,178.8462,262.4594,176.80212,218.31935,178.16806,128.58414,185.26276,90.5,188.5,77.0,190.0,14529094,1537011336248,1537011336078
slip,307.0,156.0,14534534,241.90805,153.47467,193.33298,154.0,107.54005,155.0,82.00755,156.73233,57.5,158.5,14534673,1537011341827,1537011341669
slip,222.0,71.0,14538070,229.0,102.0,14538307,1537011346750,1537011346577
slip,210.0,57.0,14553162,195.07697,57.0,192.87419,61.503258,188.12047,68.87953,184.55681,74.07199,182.68724,80.56378,182.0,87.24166,179.07146,92.39281,176.25586,96.37207,173.07968,97.96016,172.0,98.70051,169.12476,99.0,168.22926,99.0,165.00102,90.00307,165.0,80.970024,169.6744,74.32561,14553709,1537011360864,1537011360678
slip,307.0,157.0,14556850,291.0,153.0,263.07248,148.01813,226.99176,141.129,166.88832,132.50197,107.2811,127.38919,97.5,126.5,84.0,126.0,14556997,1537011364152,1537011363991
slip,295.0,146.0,14559179,268.0,138.0,231.18286,132.30925,188.95418,125.762184,129.3507,120.715775,88.058044,120.99824,67.0,119.5,14559317,1537011366472,1537011366313
slip,248.0,163.0,14563860,183.59291,163.0,134.94875,165.0,70.810234,166.72821,49.413338,168.0,42.0,168.0,14563979,1537011371133,1537011370986
slip,324.0,161.0,14567697,302.2901,154.19339,296.0,154.0,291.69324,152.84662,289.0,151.5,289.0,151.0,286.0,151.0,14567878,1537011375032,1537011374870
slip,305.0,159.0,14570038,279.0,159.0,236.80908,158.29561,171.54938,170.405,75.0,191.0,14570146,1537011377300,1537011377140
slip,309.0,156.0,14583729,271.83987,146.20998,240.6394,140.54591,205.17639,135.01959,150.63248,126.53466,115.0,119.0,14583866,1537011391021,1537011390866
slip,183.0,118.0,14584326,217.26056,118.0,257.28818,118.0,313.5,122.0,14584464,1537011391621,1537011391471
slip,170.0,133.0,14585632,184.0,133.0,225.32909,135.23291,288.2056,143.71236,361.5,160.0,14585739,1537011392893,1537011392739
slip,306.0,177.0,14595282,249.34653,170.7542,211.49355,169.0,164.90984,170.98177,120.18375,175.42949,105.0,177.5,14595400,1537011402555,1537011402387
slip,273.0,136.0,14596941,231.28012,138.39076,194.00877,143.2832,151.0,153.0,14597034,1537011404188,1537011404045
slip,295.0,136.0,14608930,260.23145,131.41048,232.0,131.0,197.30502,133.03021,166.86548,134.53021,127.0,138.0,100.0,146.0,14609079,1537011416233,1537011416061
slip,296.0,125.0,14615118,111.0,119.0,14615257,1537011422963,1537011422876
slip,319.0,163.0,14616177,167.0,164.0,14616326,1537011423675,1537011423497
