slip,283.0,166.0,13999734,249.33502,164.9335,219.08679,164.0,182.83437,165.3787,152.77138,169.4843,109.982414,178.6512,79.18291,194.39607,35.0,219.5,13999893,1537010629039,1537010628898
slip,290.0,168.0,14010754,228.40569,161.77623,192.20853,163.56596,157.5827,165.1126,130.13705,168.65144,100.0,178.0,87.0,181.0,45.0,214.0,14010912,1537010640061,1537010639928
slip,289.0,158.0,14021965,269.0,158.0,245.34763,158.0,219.64177,158.0,194.98582,163.16902,167.83688,168.81268,148.5,174.5,139.0,179.0,14022113,1537010651262,1537010651109
slip,127.0,196.0,14022413,150.0,196.0,187.23203,194.93019,238.94748,197.0706,333.0,202.5,336.0,201.0,14022563,1537010651709,1537010651562
slip,68.0,218.0,14023729,108.132034,209.63153,153.47739,208.25826,247.40091,212.61119,333.5,217.5,14023867,1537010653013,1537010652857
slip,110.0,287.0,14028752,110.0,267.0,110.0,260.25323,105.527245,256.7636,14028872,1537010658017,1537010657853
slip,283.0,138.0,14036155,256.1195,138.0,225.05878,140.99161,167.0,146.5,129.76678,151.89046,85.70405,158.3944,14036275,1537010665423,1537010665273
slip,315.0,185.0,14047061,281.08447,185.0,253.43481,181.81921,226.37682,183.84702,200.19064,185.8783,166.5,192.0,138.16156,197.69121,93.90003,206.40623,74.582214,211.98505,63.5,214.0,14047253,1537010676400,1537010676216
slip,143.0,177.0,14059215,175.5615,183.59358,205.31906,185.86595,244.0,189.0,311.2129,189.39008,336.5,189.0,14059384,1537010688529,1537010688373
slip,119.0,171.0,14060626,142.0,167.0,164.22552,166.2984,191.98822,167.27713,223.54788,173.15198,265.5,183.0,310.0,193.0,14060773,1537010689927,1537010689765
slip,307.0,159.0,14072607,280.88025,159.0,251.33896,159.40321,218.03423,161.91006,181.4501,167.92499,107.5,186.0,12.172026,215.15143,14072766,1537010701912,1537010701770
slip,309.0,172.0,14084493,280.22595,169.60799,260.27838,168.0,238.20049,172.94987,206.21245,179.99654,190.0,184.5,111.07229,211.267,91.0,216.0,14084663,1537010713809,1537010713665
