slip,317.0,159.0,3492258,296.8956,160.77394,282.9162,166.02515,233.71674,172.40227,211.0,173.0,3492407,1537077025952,1537077025201
slip,311.0,171.0,3508317,291.7868,171.0,277.11328,171.0,259.7864,171.02847,237.5,174.0,224.0,171.0,139.52493,153.48631,112.0,140.5,3508497,1537077042043,1537077041285
slip,142.0,181.0,3527573,171.09094,166.10909,203.71004,160.94656,250.0,159.5,284.0,162.0,371.0,187.5,3527731,1537077061277,1537077060516
slip,168.0,160.0,3527945,208.97368,156.83772,253.15915,163.05441,348.5029,181.50058,3528053,1537077061599,1537077060833
slip,167.0,166.0,3528393,190.0,166.0,240.06888,171.2069,339.9584,181.40599,3528513,1537077062059,1537077061302
slip,179.0,199.0,3528724,224.83478,175.71562,340.39172,155.47665,3528813,1537077062359,1537077061593
slip,279.0,202.0,3529228,218.1991,195.07079,148.04652,185.34546,104.0,176.0,96.0,176.0,3529333,1537077062879,1537077062114
slip,299.0,150.0,3533983,270.1531,150.0,250.9878,154.00143,221.47372,157.25262,185.33948,163.50618,159.5,168.0,88.58783,168.05344,66.0,166.0,3534153,1537077067699,1537077066936
slip,311.0,172.0,3540158,288.3761,172.0,266.7034,172.0,239.45168,173.3207,205.81946,172.40114,190.5,171.5,124.029625,156.09898,70.5,141.5,3540329,1537077073874,1537077073177
slip,283.0,161.0,3540960,259.0,161.0,224.40236,159.12749,188.26605,159.0,150.26517,157.0204,81.0,152.5,74.0,150.0,3541109,1537077074655,1537077073872
slip,162.0,179.0,3550780,180.0,169.0,208.75041,164.22496,248.5,161.0,360.03632,166.95166,3550938,1537077084484,1537077083711
slip,162.0,161.0,3551528,209.3044,146.00456,257.0998,141.43237,370.0,145.5,3551666,1537077085212,1537077084450
slip,277.0,152.0,3562489,263.0,152.0,239.52333,152.0,214.55737,155.41348,184.60051,155.07622,125.57658,148.57863,97.0,139.0,35.5,98.5,3562649,1537077096195,1537077095428
slip,273.0,151.0,3573090,237.15236,156.67076,209.27077,158.76173,185.5,163.5,158.6284,167.07219,131.5,168.5,123.0,170.0,3573239,1537077106785,1537077106044
slip,299.0,151.0,3581906,289.0,166.0,275.52774,171.27779,262.5,173.5,236.95729,182.34756,214.35268,189.10596,183.19618,196.92058,151.20032,200.40005,126.5,196.5,3582130,1537077115675,1537077114958
slip,300.0,169.0,3582578,277.0,169.0,248.26678,176.87717,214.3797,181.3793,172.19757,180.16278,86.0,160.5,81.0,144.0,3582727,1537077116273,1537077115517
