slip,315.0,180.0,3971266,287.11884,180.0,246.8627,187.46986,198.96213,195.26418,91.5,214.5,72.0,213.0,3971415,1537077785618,1537077784846
slip,287.0,159.0,3982828,251.55684,159.0,212.6843,160.08907,121.68648,169.90974,59.53621,166.14975,32.5,161.0,3982946,1537077797150,1537077796373
slip,294.0,143.0,3984262,253.03789,147.49289,160.31882,157.26811,123.0,161.0,114.0,157.0,3984354,1537077798558,1537077797799
slip,309.0,156.0,3991592,260.49036,160.06451,214.0,162.5,41.233757,141.16153,3991694,1537077805898,1537077805123
slip,316.0,150.0,3993182,283.21042,150.0,253.90529,153.46228,214.17665,151.91556,87.5,137.5,65.40448,136.0,40.0,136.0,3993341,1537077807544,1537077806790
slip,325.0,159.0,3999657,281.71472,159.0,233.13588,160.0,174.40086,158.5784,126.5,155.0,108.69865,154.15163,79.47985,153.0,71.0,153.0,3999826,1537077814030,1537077813288
slip,134.0,199.0,4000178,165.13947,183.89008,205.32826,178.70897,324.19025,172.91972,344.5,173.5,4000317,1537077814523,1537077813765
slip,144.0,179.0,4000832,177.20755,174.22075,217.31201,179.616,345.0,205.0,4000970,1537077815173,1537077814430
slip,126.0,297.0,4004112,110.0,280.93,117.461815,254.46063,123.0,236.0,4004233,1537077818436,1537077817630
slip,305.0,183.0,4016518,270.11273,183.0,193.51968,202.78447,101.04845,209.53827,32.5,193.0,28.0,183.0,4016666,1537077830872,1537077830118
slip,319.0,210.0,4018590,303.2466,210.0,298.5,210.0,296.56177,210.0,291.0,210.0,262.24963,210.0,227.5944,211.95047,194.0,210.5,161.9007,211.9571,126.04889,214.1382,76.5,215.0,68.67513,214.8167,60.5,213.0,4018856,1537077833059,1537077832317
slip,307.0,154.0,4021369,270.14862,159.18504,221.46194,167.8414,61.762997,181.65132,33.0,178.0,4021517,1537077835720,1537077834952
slip,321.0,185.0,4030088,261.6027,193.38852,145.17484,202.73413,63.64388,196.99738,24.679823,190.8399,21.0,192.0,4030236,1537077844441,1537077843690
slip,174.0,173.0,4031156,208.09703,163.79431,253.19655,163.0,317.54663,166.23888,338.0,170.5,4031294,1537077845498,1537077844735
slip,308.0,175.0,4031925,287.0,175.0,251.30534,184.13893,209.81766,194.66447,159.9538,202.80923,126.221016,206.6421,118.5,207.5,4032063,1537077846267,1537077845537
slip,281.0,144.0,4032299,237.78256,144.0,192.55887,148.35385,102.32276,148.08745,31.532564,139.00383,4032437,1537077846640,1537077845860
slip,297.0,178.0,4040677,262.4068,182.74092,227.74426,189.5015,178.09402,193.66249,111.98044,186.8956,88.0,181.5,4040795,1537077854998,1537077854240
slip,299.0,205.0,4041448,272.0,205.0,251.5,205.0,252.0,208.3345,252.0,211.0,4041552,1537077855755,1537077855014
slip,288.0,173.0,4041979,246.91335,177.66,194.04582,184.50511,103.238045,189.76268,47.304466,187.13556,23.0,180.5,4042098,1537077856302,1537077855547
slip,157.0,183.0,4044149,185.80258,183.0,211.81352,183.0,275.0,190.0,315.0,200.0,4044297,1537077858501,1537077857730
slip,205.0,228.0,4044758,232.106,217.97644,273.9791,211.87761,4044842,1537077859047,1537077858265
slip,308.0,182.0,4058351,263.59613,185.05049,173.78046,188.9444,146.0,189.5,126.0,186.0,41.5632,169.11264,4058455,1537077872661,1537077871890
slip,302.0,178.0,4066087,285.0,178.0,244.11594,185.57367,185.21733,192.35275,128.8612,197.85683,91.31958,205.1701,4066223,1537077880429,1537077879650
slip,284.0,167.0,4068478,243.10379,172.18129,200.84908,183.53743,131.10684,203.89822,95.004295,210.19936,79.0,209.0,4068597,1537077882802,1537077882015
slip,288.0,178.0,4070958,214.12073,192.71857,131.82649,200.29007,83.29831,190.9544,64.27776,179.27776,56.5,164.0,4071097,1537077885300,1537077884533
slip,277.0,201.0,4074946,196.6687,209.49594,84.5,201.5,77.0,195.0,4075038,1537077889242,1537077888464
slip,285.0,157.0,4075679,233.62306,165.85994,151.13013,182.13579,82.37865,194.0357,46.637543,197.0,28.5,189.5,27.0,184.0,4075829,1537077890032,1537077889270
