slip,294.0,187.0,6180596,247.49832,196.40067,178.6126,215.30847,87.69184,238.24898,6180715,1537083270358,1537083269545
slip,260.0,172.0,6185449,157.0,210.5,6185510,1537083275153,1537083274334
slip,300.0,204.0,6191388,268.6036,213.29106,228.54916,225.83728,134.17331,261.21054,49.5,293.5,6191526,1537083281170,1537083280382
slip,262.0,237.0,6197185,244.0,243.0,199.93965,254.7575,100.92117,287.54913,46.5,304.5,6197298,1537083286943,1537083286163
slip,288.0,228.0,6201651,274.0,228.0,253.65544,234.82124,222.04718,246.82982,156.58206,271.92905,96.5,294.0,100.0,294.0,6201794,1537083291438,1537083290641
slip,150.0,258.0,6202062,203.19458,256.06287,281.34332,261.0229,6202171,1537083291815,1537083291026
slip,242.0,253.0,6202642,122.5,280.5,79.0,290.0,6202714,1537083292359,1537083291575
slip,257.0,189.0,6203344,237.75284,189.0,221.7892,194.09583,195.0005,196.85707,117.54625,206.84142,44.0,220.5,6203483,1537083293127,1537083292317
slip,302.0,156.0,6225446,259.53406,159.63873,195.72017,177.66731,104.217606,210.79701,37.5,241.5,6225584,1537083315228,1537083314443
slip,218.0,206.0,6225830,245.0,206.0,293.2478,207.48318,316.0,209.0,6225918,1537083315563,1537083314767
slip,153.0,172.0,6226504,190.26775,165.0,245.07816,169.52084,347.0,201.0,6226642,1537083316285,1537083315483
slip,277.0,192.0,6236112,199.3033,208.25194,107.84534,231.53154,49.5,249.0,6236205,1537083325849,1537083325064
slip,328.0,169.0,6243024,270.0999,195.31038,162.47142,228.92941,70.883675,254.197,38.0,260.0,6243162,1537083332805,1537083332008
slip,273.0,222.0,6245964,232.5,228.0,207.0,234.0,6246026,1537083335668,1537083334868
slip,156.0,181.0,6246635,194.47404,179.2526,241.53687,174.54631,339.0,167.0,339.0,170.0,6246784,1537083336428,1537083335614
slip,151.0,219.0,6247115,180.9805,219.0,210.45908,217.36778,256.95428,218.93983,354.5803,216.05907,6247234,1537083336881,1537083336075
slip,271.0,227.0,6247919,198.5,244.5,134.0,259.0,35.0,290.5,6248001,1537083337647,1537083336856
slip,296.0,163.0,6248537,274.0,163.0,254.1998,165.45006,229.7727,173.05682,185.0,185.0,103.49957,215.37515,66.0,228.5,6248696,1537083338340,1537083337527
slip,320.0,190.0,6250417,296.79642,196.74338,277.0,198.5,172.4442,226.35632,95.5,260.5,6250588,1537083340231,1537083339485
slip,292.0,200.0,6251382,224.48546,218.84607,107.0,261.0,6251454,1537083341097,1537083340292
slip,299.0,244.0,6254693,252.70158,247.64177,241.5,250.0,173.78229,270.9123,70.5,303.0,6254798,1537083344441,1537083343642
slip,312.0,190.0,6255323,298.0,190.0,286.7499,192.27277,264.60672,199.43541,207.5,223.5,120.22893,258.34366,50.611336,274.9137,6255492,1537083345136,1537083344348
slip,159.0,190.0,6262802,184.37167,173.72473,221.3427,164.84886,280.88608,161.59608,336.0,164.0,6262941,1537083352584,1537083351787
slip,191.0,236.0,6263593,206.0,226.0,248.18675,214.20331,298.5,208.0,6263700,1537083353344,1537083352556
slip,288.0,222.0,6275093,204.5,252.5,123.0,284.0,6275165,1537083364808,1537083364027
slip,200.0,207.0,6286171,244.14267,207.0,269.5,207.0,6286234,1537083375879,1537083375060
slip,281.0,200.0,6286652,246.35332,212.10355,219.11725,230.5885,142.0,275.0,123.0,288.0,6286800,1537083376444,1537083375620
slip,267.0,215.0,6290542,233.3683,220.23512,190.87894,227.63867,116.015884,248.96288,49.0,269.5,6290650,1537083380293,1537083379487
slip,306.0,219.0,6291932,284.32956,227.33409,260.0313,234.12926,222.46883,242.92747,153.94968,260.23712,134.5,266.0,115.0,272.0,80.77411,289.66824,69.5,297.5,6292111,1537083381758,1537083380965
slip,298.0,274.0,6294966,283.0,279.0,201.0,288.0,6295054,1537083384697,1537083383881
slip,206.0,55.0,6299411,241.5,44.0,241.0,50.0,6299559,1537083389204,1537083388402
