slip,274.0,136.0,7617170,201.62968,176.06644,76.0,229.0,53.0,234.0,7617319,1537087067560,1537087066740
slip,310.0,233.0,7620324,268.77637,224.45148,203.51797,231.56767,60.331413,248.0002,23.0,252.0,7620514,1537087070757,1537087069930
slip,65.0,181.0,7626164,87.0,181.0,123.7887,179.79956,181.5,180.0,380.2046,174.58502,7626319,1537087076561,1537087075750
slip,317.0,171.0,7626938,285.9248,171.0,240.77057,183.39343,109.0,207.0,19.750618,237.14822,7627099,1537087077340,1537087076521
slip,290.0,142.0,7628682,243.04944,142.0,194.18352,147.89241,65.997665,171.79002,41.0,186.0,7628830,1537087079072,1537087078273
slip,285.0,183.0,7642647,263.0,188.0,214.63293,203.59608,110.76077,233.09125,22.5,262.5,7642785,1537087093027,1537087092222
slip,317.0,169.0,7659017,269.92636,180.02454,218.04622,199.25278,96.0,246.0,61.0,259.0,7659165,1537087109410,1537087108595
slip,173.0,226.0,7660406,204.11125,226.0,252.06339,222.4204,315.8526,214.89342,7660514,1537087110756,1537087109923
slip,119.0,236.0,7661112,142.7046,225.38257,180.30707,221.95613,325.5,199.5,336.0,194.0,7661261,1537087111502,1537087110701
slip,318.0,162.0,7673166,254.97704,182.1244,135.0,210.0,40.023544,249.10088,7673285,1537087123526,1537087122679
slip,319.0,152.0,7688094,262.82028,172.7238,157.53514,207.5957,14.5,274.0,7688231,1537087138473,1537087137651
slip,298.0,162.0,7690020,259.15042,175.21716,216.5,190.5,56.26084,260.00775,29.0,266.5,7690123,1537087140366,1537087139539
slip,296.0,183.0,7690776,267.59732,191.33444,233.0,199.5,140.52747,227.42949,43.0,255.5,7690914,1537087141156,1537087140326
slip,95.0,189.0,7693758,110.0,189.0,117.75903,189.0,137.5,189.0,213.98831,184.42274,293.22263,180.0,322.94547,175.14545,345.01517,175.4627,7693959,1537087144203,1537087143373
slip,267.0,205.0,7694398,233.07356,207.82108,191.03096,214.90346,108.94652,234.72804,11.5,254.0,7694536,1537087144779,1537087143961
slip,316.0,180.0,7695222,300.0,180.0,280.57654,181.95439,228.00244,190.33293,203.0,194.5,145.0,209.0,55.573727,239.88141,31.0,250.0,7695392,1537087145633,1537087144845
slip,314.0,233.0,7707577,210.68408,236.23329,67.013245,251.75786,-15.5,256.5,7707734,1537087157976,1537087157138
slip,46.0,206.0,7708580,73.74763,207.60194,122.20178,209.81534,173.5,208.5,254.0,207.0,386.0,187.5,7708739,1537087158983,1537087158199
slip,258.0,184.0,7709522,196.5,202.0,107.0,231.0,7709583,1537087159825,1537087158986
slip,91.0,267.0,7710118,114.17806,247.44424,138.37613,233.10092,204.9505,214.65509,311.99216,190.29988,344.5,182.0,7710257,1537087160499,1537087159691
slip,261.0,176.0,7721457,226.4752,179.26733,183.72101,190.60773,88.19517,218.1725,22.69228,249.15385,7721566,1537087171807,1537087170986
slip,317.0,171.0,7731823,298.0,167.0,255.51337,177.46143,162.67068,204.94994,75.5,228.0,7731961,1537087182204,1537087181373
