slip,290.0,220.0,11513132,234.07674,228.64961,170.03545,243.29951,99.117195,261.6044,67.26036,270.19724,11513230,1536999803112,1536999803290
slip,248.0,249.0,11523188,184.91957,266.89053,139.57785,278.07916,105.5,288.5,11523275,1536999813157,1536999813325
slip,295.0,184.0,11525707,251.37715,188.37444,206.87819,193.14023,169.23741,197.06932,11525785,1536999815667,1536999815836
slip,304.0,160.0,11538880,270.87225,171.30324,243.10486,186.67136,240.0,189.0,11538948,1536999828841,1536999828975
slip,145.0,188.0,11539739,196.42818,174.12991,300.01312,162.22578,362.0,153.0,11539826,1536999829708,1536999829868
slip,160.0,151.0,11540285,180.0,151.0,213.47337,154.3441,264.69177,160.17476,360.0,177.0,11540382,1536999830266,1536999830426
slip,314.0,210.0,11551216,297.0,210.0,267.3087,204.22678,229.02942,205.30656,180.58914,213.21329,99.90402,241.17714,103.5,247.5,11551342,1536999841228,1536999841386
slip,302.0,186.0,11561826,267.60928,194.46356,234.59433,204.73216,175.55469,218.27072,126.60572,231.1904,112.5,238.5,11561942,1536999851825,1536999851999
slip,314.0,181.0,11562507,259.88434,187.34013,230.6763,197.12332,193.36974,224.09732,182.0,234.0,11562605,1536999852491,1536999852656
slip,313.0,181.0,11575148,286.0086,175.0043,260.19257,177.25821,236.3693,182.65767,212.0,197.0,11575235,1536999865117,1536999865313
slip,149.0,209.0,11575491,180.0,195.0,237.87776,185.53502,330.0,179.5,11575598,1536999865482,1536999865656
slip,220.0,165.0,11576240,259.70718,169.72192,294.17877,168.2531,327.0682,166.64659,11576339,1536999866220,1536999866417
slip,329.0,187.0,11587225,283.29333,173.93,246.32529,174.77855,196.13977,183.6052,131.04642,199.74373,119.23669,205.38165,11587352,1536999877234,1536999877429
slip,294.0,202.0,11597163,243.63132,204.36847,203.99857,215.00043,130.75322,243.52977,107.89972,259.79025,11597269,1536999887150,1536999887321
