slip,289.0,183.0,4831795,230.05911,200.73079,98.5,243.0,4831866,1537080213195,1537080212431
slip,160.0,192.0,4832368,124.595764,195.66768,86.07648,202.50511,58.5,208.5,4832455,1537080213783,1537080213088
slip,175.0,134.0,4832764,211.69937,136.85474,293.4443,153.74185,4832838,1537080214169,1537080213393
slip,117.0,132.0,4833052,153.94743,131.71729,262.81415,133.33958,361.0,137.5,4833138,1537080214467,1537080213702
slip,311.0,174.0,4842779,280.89087,174.0,237.07016,180.46593,148.10233,198.32542,80.0,211.5,80.0,213.0,4842929,1537080224257,1537080223503
slip,256.0,176.0,4851724,228.91585,169.37814,202.1848,167.85184,141.91469,175.648,40.5,201.0,55.0,207.0,4851873,1537080233202,1537080232423
slip,235.0,235.0,4861376,204.46828,235.0,158.0,233.0,67.14253,251.1246,43.499733,258.8001,4861546,1537080242875,1537080242100
slip,171.0,192.0,4861930,205.5193,194.58115,237.0,199.5,4862005,1537080243334,1537080242531
slip,102.0,152.0,4862454,141.01845,145.78754,190.7594,140.99248,315.5049,145.86139,348.5,152.0,4862593,1537080243922,1537080243177
slip,136.0,214.0,4870941,157.0,214.0,173.74524,218.74963,205.21696,220.2826,273.5,221.5,313.0,216.0,4871090,1537080252422,1537080251641
slip,284.0,189.0,4871602,195.59904,195.80461,103.30324,215.92969,55.483753,238.7317,31.5,256.0,4871712,1537080253041,1537080252262
slip,290.0,186.0,4880934,256.3584,186.0,222.82916,193.23416,166.71458,204.45708,57.0,232.0,34.0,246.0,4881083,1537080262411,1537080261654
slip,126.0,156.0,4881458,143.0,145.0,156.03844,137.54945,167.5,134.0,170.4975,133.0,172.04623,133.0,173.0,133.0,161.65643,133.0,154.09877,133.0,146.4642,131.18568,135.9381,127.78762,125.74751,121.16501,120.338585,118.16929,118.5,113.5,4881863,1537080263198,1537080262423
