slip,293.0,164.0,3242371,273.0,170.0,240.15059,178.71863,204.91779,185.41644,165.0,194.0,120.052246,198.39651,93.192375,204.76152,74.5,208.5,3242551,1537076616053,1537076615293
slip,300.0,171.0,3252522,273.80264,182.04935,243.96693,188.05066,202.89838,194.9387,134.5,210.5,99.67641,220.45673,63.127808,230.94888,58.0,233.0,3252691,1537076626195,1537076625435
slip,293.0,169.0,3262608,274.0,177.0,245.54393,181.13449,208.53221,189.97246,149.0,200.5,89.512375,221.5495,72.64435,227.06485,62.0,231.5,3262789,1537076636290,1537076635544
slip,167.0,190.0,3263237,202.00069,172.34602,250.90944,168.38066,3263357,1537076636860,1537076636100
slip,118.0,172.0,3263718,173.32498,162.71828,227.42984,165.48438,317.5,170.5,319.0,171.0,3263868,1537076637370,1537076636647
slip,315.0,168.0,3274062,297.81433,168.0,283.4893,174.95322,253.35649,178.26436,236.0,180.0,224.0,184.0,113.11421,209.6156,79.0151,214.99785,68.5,216.5,3274253,1537076647757,1537076647003
slip,294.0,177.0,3286137,266.53494,185.43668,244.30139,188.31659,212.87961,192.47644,180.0,197.5,124.46565,210.63359,100.042076,216.29799,75.34733,222.41316,3286328,1537076659830,1537076659062
slip,306.0,184.0,3299110,291.0,193.0,281.02563,193.0,259.5533,193.0,252.0,193.0,242.0,194.0,186.43108,193.0,128.0,194.5,51.5,201.5,3299301,1537076672803,1537076672066
slip,101.0,150.0,3299535,127.0,145.0,193.4509,148.0614,240.5,152.5,3299645,1537076673148,1537076672419
slip,165.0,184.0,3299996,188.62424,162.41992,229.75482,157.22452,295.5975,157.48882,332.0,158.5,3300135,1537076673637,1537076672875
slip,311.0,177.0,3311591,293.0,177.0,279.0356,183.70412,259.088,186.7017,219.5,189.5,183.62245,192.0,124.036606,194.21298,72.80141,201.73814,43.5,208.5,3311781,1537076685286,1537076684503
slip,302.0,186.0,3325461,285.27054,195.63766,277.67206,198.0656,263.0953,200.36995,238.04976,204.63535,219.5,209.0,136.91562,224.7787,85.32412,237.68967,64.5,244.0,3325640,1537076699145,1537076698349
