slip,295.0,171.0,12207321,249.98668,176.54153,179.35997,190.78812,117.96395,211.10286,73.02123,228.44102,69.0,231.0,12207425,1537000923154,1537000923307
slip,331.0,177.0,12208603,285.0,193.0,243.36215,198.67418,183.30174,208.98183,134.55638,222.13188,114.71628,229.24419,12208729,1537000924456,1537000924631
slip,313.0,207.0,12218604,294.0,207.0,248.016,223.66133,153.0064,255.08032,114.0,273.5,12218690,1537000934418,1537000934592
slip,83.0,144.0,12238605,108.336395,136.9159,149.59439,129.75087,279.70844,122.0,321.0,122.0,12238703,1537000954431,1537000954597
slip,324.0,163.0,12239267,268.59875,175.08025,197.52777,191.1012,139.51163,202.44435,110.5,212.5,12239365,1537000955092,1537000955242
slip,303.0,124.0,12244611,265.48126,138.85963,193.92271,160.31912,132.49289,186.48378,95.40812,205.21593,91.0,208.0,12244717,1537000960446,1537000960622
slip,259.0,153.0,12248426,208.3382,162.76811,160.57689,176.72693,80.0,203.0,12248497,1537000964226,1537000964373
slip,139.0,100.0,12249548,123.0,108.0,119.0,117.86198,123.734474,134.20343,12249635,1537000965359,1537000965515
slip,110.0,191.0,12257466,125.0,184.0,152.42146,175.09013,223.21902,161.63016,314.79486,152.2719,322.0,152.0,12257582,1537000973308,1537000973482
slip,141.0,168.0,12258171,187.18355,157.41797,232.67151,153.89552,12258257,1537000973988,1537000974150
slip,300.0,159.0,12266858,247.01413,176.78955,148.0576,209.64746,91.98506,239.56662,72.5,254.0,12266944,1537000982676,1537000982881
slip,267.0,164.0,12275221,237.93596,179.34276,191.92224,206.68822,137.5,235.5,12275276,1537000991005,1537000991198
slip,257.0,152.0,12275787,227.89905,160.31456,194.02965,174.61536,187.0,178.0,12275834,1537000991565,1537000991719
