slip,324.0,159.0,11972726,304.0,164.0,277.34946,170.04758,239.8286,176.19524,202.94402,180.507,144.91403,192.35841,117.0,200.5,11972852,1537000545840,1537000546031
slip,313.0,170.0,11975707,274.66696,176.80544,257.60922,182.69539,236.42444,192.57333,218.08804,202.95259,200.95888,212.94066,11975823,1537000548808,1537000548964
slip,291.0,177.0,11984160,257.47507,185.82185,227.62936,195.79974,189.61327,207.33809,143.62633,220.38635,11984257,1537000557241,1537000557422
slip,316.0,140.0,11992111,283.04044,153.47978,240.07727,165.25722,165.78004,179.04124,118.25479,185.6629,87.32801,197.55733,80.0,200.0,11992238,1537000565221,1537000565412
slip,82.0,155.0,11992547,142.2158,154.51868,254.90062,178.87184,326.7915,200.13745,11992665,1537000565648,1537000565820
slip,125.0,221.0,11993136,160.73753,204.19601,232.4031,190.22813,335.5,175.5,11993233,1537000566220,1537000566382
slip,256.0,191.0,12001931,225.91151,197.88875,203.78912,206.60544,183.8691,216.19443,172.5,221.5,12002017,1537000575004,1537000575187
slip,294.0,157.0,12010245,257.98703,161.28943,221.39105,171.40326,172.11723,186.55667,127.93444,208.92798,12010342,1537000583327,1537000583482
slip,303.0,129.0,12012116,287.3627,129.0,276.5978,142.8014,253.33401,156.99959,226.5174,171.66544,164.36665,198.38367,163.0,199.0,12012254,1537000585237,1537000585392
slip,168.0,143.0,12021039,198.5063,137.38818,253.0,135.5,12021145,1537000594131,1537000594285
slip,252.0,140.0,12021948,266.0,140.0,294.1043,140.0,332.0,146.0,12022053,1537000595040,1537000595216
slip,285.0,173.0,12030001,243.13722,188.81496,212.0,200.0,12030057,1537000603046,1537000603221
slip,272.0,131.0,12035431,228.14435,156.45035,192.74432,170.24097,153.43257,190.53632,12035508,1537000608490,1537000608674
slip,284.0,160.0,12039463,260.0,171.0,221.41713,187.63315,171.9666,205.82274,144.3238,209.55682,141.0,210.0,12039560,1537000612543,1537000612688
slip,322.0,167.0,12040297,281.15375,171.98077,253.84439,176.1926,232.5,179.0,12040383,1537000613366,1537000613531
slip,144.0,100.0,12042349,134.0,78.61509,142.74763,66.33648,12042435,1537000615418,1537000615541
