slip,307.0,187.0,11755807,269.3026,176.9958,228.05678,175.51247,149.6615,185.25948,91.88121,211.41583,53.0,236.5,11755911,1537000190487,1537000190650
slip,315.0,183.0,11767709,261.7953,181.13298,205.6417,189.36438,123.85504,209.65442,74.890144,242.11731,66.0,249.0,11767816,1537000202392,1537000202556
slip,139.0,151.0,11778599,167.75284,157.58765,209.50226,159.11674,263.0,159.0,11778684,1537000213262,1537000213439
slip,170.0,194.0,11779325,194.66385,196.50914,232.43385,198.0,11779387,1537000213962,1537000214144
slip,313.0,182.0,11790499,288.16037,185.07487,249.8782,192.84033,207.86319,204.78848,145.8187,223.92856,116.5,240.5,11790597,1537000225171,1537000225351
slip,321.0,198.0,11801530,289.06903,200.18619,260.51248,205.08125,231.6438,213.27896,197.5,224.5,11801635,1537000236211,1537000236388
slip,144.0,204.0,11811105,176.86455,196.96162,215.00385,190.82074,291.64963,179.43657,307.0,177.0,11811210,1537000245787,1537000245937
slip,191.0,204.0,11811692,230.03796,204.0,268.35727,207.56287,317.0,206.5,11811798,1537000246373,1537000246529
slip,317.0,175.0,11821033,274.7224,180.78328,232.34319,189.79991,156.76012,218.97353,128.0,235.5,11821137,1537000255715,1537000255883
slip,292.0,168.0,11829442,277.0,168.0,242.6382,174.51176,212.5777,177.69008,190.5,183.5,11829528,1537000264105,1537000264261
