slip,295.0,159.0,12462466,271.59045,166.62798,242.24039,178.68855,188.85005,202.40518,146.56055,213.17273,12462543,1537001243087,1537001243250
slip,264.0,141.0,12471003,241.5,148.5,206.92155,158.94824,204.0,160.0,12471048,1537001251597,1537001251762
slip,67.0,184.0,12481340,114.43923,180.2866,232.05002,190.43465,356.908,198.32335,12481446,1537001261990,1537001262143
slip,125.0,198.0,12482129,194.06252,183.21976,327.60214,179.13007,333.0,179.0,12482236,1537001262785,1537001262923
slip,277.0,195.0,12491039,249.54456,207.22772,208.43913,224.48776,119.5,260.0,12491094,1537001271640,1537001271784
slip,279.0,132.0,12494352,252.4466,137.4391,211.8629,145.24367,115.630165,157.74506,56.31244,165.76859,12494429,1537001274973,1537001275158
slip,326.0,167.0,12499388,275.61487,175.97447,241.09271,182.46214,199.0,190.5,12499493,1537001280039,1537001280227
slip,302.0,156.0,12500777,282.0,162.0,250.87553,171.70816,209.00563,180.48044,173.47935,184.16896,152.5,186.5,12500874,1537001281427,1537001281632
slip,121.0,172.0,12517907,150.41293,170.4437,198.31926,167.75603,283.68253,161.62698,298.0,160.0,12518034,1537001298579,1537001298748
slip,153.0,156.0,12518600,222.62985,159.0,240.0,159.0,12518673,1537001299221,1537001299393
slip,142.0,189.0,12519327,166.87204,186.75085,195.4218,181.79689,291.01788,174.33206,324.0,172.0,12519443,1537001299992,1537001300145
slip,127.0,206.0,12519892,157.72609,206.0,189.58417,206.0,237.82849,210.43895,352.14505,211.0,12520010,1537001300555,1537001300785
slip,135.0,206.0,12520524,168.39542,197.07112,232.14621,198.0,334.4919,200.26367,12520651,1537001301195,1537001301358
slip,289.0,181.0,12521111,265.96826,181.0,239.82152,181.0,206.05017,182.69347,162.3845,186.60097,128.26976,191.12807,103.36061,194.70493,92.5,198.5,12521250,1537001301795,1537001301962
slip,258.0,128.0,12529808,218.47842,139.50514,184.0,149.0,12529862,1537001310409,1537001310563
