slip,283.0,210.0,5903520,267.0,210.0,255.33835,210.0,238.0,210.0,199.04301,219.23236,68.29286,254.82922,5903691,1537082839817,1537082838995
slip,299.0,209.0,5916750,272.78128,209.0,232.46178,214.13396,129.20073,235.1087,5916869,1537082852995,1537082852210
slip,292.0,215.0,5932084,263.8228,215.0,229.61102,219.10216,165.0,225.5,63.13353,237.46526,34.0,240.5,5932243,1537082868369,1537082867589
slip,180.0,212.0,5932575,232.96219,213.86415,341.0,226.0,5932713,1537082868839,1537082868051
slip,137.0,188.0,5933471,173.55742,182.69617,240.5,183.5,334.85242,197.43698,372.0,201.5,5933632,1537082869763,1537082868948
slip,306.0,154.0,5939863,287.0,160.0,253.65773,169.78076,198.36963,185.23457,77.0,222.5,5940001,1537082876127,1537082875326
slip,119.0,212.0,5940451,154.0,212.0,272.5,224.0,5940535,1537082876666,1537082875841
slip,293.0,220.0,5946403,271.0,226.0,227.71394,231.81323,147.57217,247.75381,5946491,1537082882617,1537082881819
slip,253.0,251.0,5957111,158.5,264.5,5957172,1537082893297,1537082892479
slip,67.0,189.0,5968724,140.39737,191.0,249.67795,198.89214,299.0,205.5,324.0,210.0,5968872,1537082905001,1537082904194
slip,160.0,205.0,5969364,232.24387,200.33643,256.5,199.5,300.15753,202.55186,378.0,207.0,5969525,1537082905650,1537082904876
slip,131.0,210.0,5979399,188.30237,218.76466,289.45425,225.22774,359.5,230.5,5979507,1537082915633,1537082914850
slip,261.0,222.0,5979803,235.07552,224.97482,195.3567,234.91945,97.5,254.5,5979894,1537082916019,1537082915233
slip,271.0,201.0,5982763,135.37825,215.60458,124.0,218.0,5982913,1537082919048,1537082918234
slip,224.0,210.0,5983395,264.98154,200.56424,311.5,200.0,5983534,1537082919660,1537082918871
slip,140.0,204.0,5992596,173.0,204.0,278.66937,203.0,359.0,203.0,5992704,1537082928830,1537082928043
slip,310.0,204.0,5993237,252.80829,218.94283,181.68904,232.95702,88.0,248.5,86.0,247.0,5993386,1537082929515,1537082928726
slip,315.0,183.0,5993772,242.0,204.0,65.28791,256.6114,6.0,274.5,5993866,1537082929994,1537082929183
