slip,305.0,221.0,5419192,288.0,221.0,270.53793,230.73103,192.52065,263.78308,5419279,1537081140305,1537081139534
slip,184.0,188.0,5419747,242.39972,185.62761,303.80463,178.81633,339.5,173.5,5419832,1537081140857,1537081140108
slip,273.0,195.0,5432552,243.1151,190.23683,207.0993,185.9208,96.76199,236.87236,14.5,280.0,5432635,1537081153661,1537081152917
slip,241.0,193.0,5433096,264.4187,212.5482,299.2961,216.05865,324.0,214.0,5433184,1537081154213,1537081153474
slip,129.0,214.0,5433577,289.59213,188.34546,369.0,173.5,5433651,1537081154677,1537081153918
slip,109.0,201.0,5442255,146.4874,195.79346,182.48848,191.55902,223.2554,190.0,283.95853,192.11981,341.0,201.5,5442393,1537081163422,1537081162658
slip,304.0,212.0,5442735,249.21086,220.44728,202.51717,238.77635,71.5,309.5,5442826,1537081163851,1537081163090
slip,193.0,235.0,5450133,136.55652,263.72174,5450207,1537081171240,1537081170463
slip,95.0,183.0,5458310,156.28851,181.33597,281.86032,176.50523,362.0,181.5,5458448,1537081179474,1537081178716
slip,179.0,196.0,5458897,228.76093,190.43825,310.6846,188.21942,344.5,186.5,5458981,1537081180011,1537081179214
slip,197.0,224.0,5466903,180.0,230.0,117.88646,261.3011,73.0,281.5,5466976,1537081188002,1537081187221
slip,286.0,241.0,5476246,234.76953,264.6797,211.5,276.0,5476299,1537081197327,1537081196544
