slip,284.0,209.0,754401,248.33337,215.78947,216.45076,222.10985,185.17108,229.45723,152.17966,240.1549,119.55756,250.43901,94.21667,259.30728,70.660995,262.8452,64.0,262.0,754559,1537060673814,1537060674026
slip,261.0,213.0,763490,217.412,205.11769,183.60298,203.43839,150.47069,203.0,115.691124,204.06233,91.46958,208.03111,70.93701,209.67717,51.0,214.5,46.0,214.0,763649,1537060682907,1537060682968
slip,271.0,178.0,772197,230.39844,178.0,196.5,176.5,159.19739,182.10033,121.188774,189.0709,87.04095,196.46645,65.04032,203.55702,43.60852,211.21124,23.0,217.5,772366,1537060691619,1537060691700
slip,81.0,213.0,773008,106.45652,203.9664,122.30631,200.53874,152.18579,198.12791,194.37178,196.64235,244.00113,201.9774,283.449,203.0,303.21982,206.87285,317.88556,209.0,332.16782,210.01678,773212,1537060692465,1537060692529
slip,135.0,206.0,773702,158.13841,201.3577,168.57759,199.77463,181.0147,197.44118,195.80382,194.0,217.11584,192.45695,250.67267,194.34875,284.00812,196.65288,319.07013,201.43858,334.5,204.5,773906,1537060693160,1537060693266
slip,293.0,222.0,782964,257.3645,222.0,223.19092,215.45584,186.95485,210.35542,155.16063,205.431,126.51824,202.00215,117.94582,203.0,97.13905,203.77579,76.84804,208.288,65.09824,212.51189,52.178097,218.09196,44.185707,223.81429,34.932587,228.51686,27.100563,230.96648,27.0,231.0,783220,1537060702475,1537060702575
slip,283.0,194.0,793006,239.74814,180.131,207.86871,174.40982,173.21779,172.0,135.2995,173.56007,98.28595,178.33926,69.21559,184.9461,49.613953,191.3083,24.0,199.5,793175,1537060712429,1537060712499
slip,83.0,219.0,811399,117.15897,213.10043,132.95195,211.50801,158.5,206.5,176.32996,206.20538,200.4367,204.57089,220.87842,204.0,241.47328,204.67667,265.23917,206.28261,287.18787,212.7501,305.99664,216.85641,319.90747,221.45374,333.51166,224.78036,811655,1537060730909,1537060730975
slip,292.0,202.0,812136,252.33598,202.0,218.4267,202.5239,183.9436,203.0,149.17387,208.51384,123.09325,213.16002,89.916695,219.59523,60.075275,228.93059,43.5,237.0,812306,1537060731559,1537060731630
slip,302.0,242.0,820737,279.3252,238.966,256.84317,234.7304,231.92984,233.0,201.14697,235.29265,174.65312,237.45258,141.56381,243.33179,116.90768,247.95482,90.57029,253.54642,64.68309,258.11475,820929,1537060740181,1537060740230
