slip,304.0,218.0,1041499,279.3491,226.63948,260.14023,229.97842,238.15967,233.80931,218.11035,237.29071,195.81488,240.25925,168.04723,245.13274,146.0,249.0,132.89345,255.24263,116.27003,258.67816,94.5,264.0,1041695,1537060990179,1537060990227
slip,323.0,176.0,1047765,293.98682,184.73087,270.5,189.5,243.93356,196.25093,217.69907,204.24156,193.71327,212.4021,165.49753,221.85367,143.46014,229.31996,125.502464,234.12439,109.49489,238.44672,91.14669,242.97066,78.77786,249.54698,75.0,251.0,1047998,1537060996485,1537060996547
slip,289.0,209.0,1052262,272.0,216.0,263.0086,217.79828,253.12186,221.80492,245.46771,222.0,238.52415,223.36896,233.47644,225.0,232.25119,226.0,231.28111,226.0,230.57008,226.0,241.0,226.0,247.0,226.0,1052547,1537061001031,1537061001106
slip,162.0,216.0,1054687,171.75462,200.24538,183.3703,192.51857,196.06151,189.7877,214.11903,185.14935,234.90495,183.25594,256.45297,183.0,276.8024,183.81686,296.9863,184.49886,316.0771,185.81732,337.73862,186.0,1054920,1537061003403,1537061003459
slip,213.0,198.0,1055604,233.24,194.76,242.74817,187.5511,249.80954,185.4381,258.57697,182.80768,270.40408,180.37085,281.00403,178.85657,286.28156,177.35922,289.3498,177.0,281.14383,184.71234,269.29648,187.97934,250.45993,191.75668,223.81998,199.99475,189.40662,212.65462,146.86993,222.03958,115.40988,230.38614,91.22194,236.69452,58.5,247.5,1055967,1537061004452,1537061004532
slip,300.0,211.0,1056606,283.32062,216.95692,262.07858,220.98315,238.4677,225.41231,218.97359,228.79137,199.42516,233.09581,179.7098,235.09924,1056727,1537061005209,1537061005260
slip,203.0,186.0,1068543,219.0,186.0,237.94196,189.9789,257.02252,194.0075,276.8412,199.19412,298.90396,206.78249,320.81454,212.41875,331.0,218.0,1068755,1537061017238,1537061017311
slip,220.0,193.0,1069386,236.0,184.0,252.7814,183.02187,271.69708,182.0,290.1292,184.01988,312.9441,187.19255,335.57144,191.31429,1069590,1537061018080,1537061018125
slip,287.0,232.0,1080369,273.0,225.0,254.19186,224.0,233.17918,225.03304,207.10439,227.88924,183.22723,230.7968,155.30515,235.72523,125.88886,242.69136,100.25642,248.9359,83.69222,256.9231,67.5,264.0,58.996502,264.66785,45.744263,269.08524,1080613,1537061029096,1537061029169
slip,312.0,130.0,1085433,286.33646,141.33177,272.18,149.56,251.00807,159.14888,232.79529,168.60236,215.4921,174.9255,193.16267,181.4863,177.47983,187.60806,164.39369,190.46806,150.0,194.0,143.30154,194.73969,138.69243,196.32689,134.43846,197.0,132.55429,197.0,156.2557,190.05429,172.71744,188.02354,201.37518,186.0,233.87836,184.91055,262.54623,184.0,285.40955,182.50822,293.94836,181.0,298.53192,179.73404,299.74902,178.25098,301.3444,176.65562,302.5,175.5,288.5839,176.0,276.6098,179.29265,261.16965,183.07549,242.84357,185.78911,218.07616,190.98477,194.55746,195.518,170.26823,201.68294,144.4502,207.397,115.51041,211.60995,93.454926,213.50644,74.89763,214.41023,59.071564,216.65474,46.616,218.48343,35.0,219.5,1086211,1537061034696,1537061034777
slip,303.0,218.0,1093103,283.0,218.0,269.97397,223.27747,249.66321,225.25668,233.25284,227.45786,215.4742,230.64105,196.3301,233.60097,177.0,238.5,157.9533,240.78001,139.12782,247.66917,117.05672,253.90999,99.62307,260.45898,82.940994,265.28882,66.0,269.5,1093358,1537061041844,1537061041917
slip,310.0,181.0,1099406,285.90363,186.04819,268.57822,188.64929,246.81721,194.85359,228.88603,202.63083,205.5,210.5,183.19354,219.81451,157.6005,226.84988,134.5,234.5,113.21428,237.95409,90.0811,243.04573,74.44488,249.22205,57.067192,252.83064,52.0,254.0,1099661,1537061048149,1537061048209
slip,89.0,195.0,1099896,114.96515,188.55179,130.72733,186.68939,150.59947,185.10773,175.06525,183.64322,203.58441,183.16264,239.3236,184.77592,270.61856,189.94278,292.3471,195.4412,311.24246,200.82518,312.0,201.0,1100102,1537061048585,1537061048654
slip,152.0,182.0,1100676,166.0,175.0,175.38118,171.30942,183.5,168.0,191.84346,165.04472,204.96083,163.0098,215.88954,161.01578,228.36449,158.80789,240.5894,156.92633,252.42145,156.0,262.9253,154.86781,270.32962,153.66815,278.4067,153.0,285.9934,153.0,293.7723,153.0,302.19873,153.0,312.0,159.0,325.41263,160.85316,326.0,161.0,1101018,1537061049502,1537061049602
slip,322.0,201.0,1101179,297.76218,201.0,276.81277,206.65167,251.91812,209.06845,227.26122,213.93854,202.78552,217.09526,177.4926,222.11276,145.34885,227.40974,107.82723,232.12566,63.259148,239.85382,46.5,242.5,1101383,1537061049869,1537061049929
slip,317.0,197.0,1101806,293.37582,207.49963,279.78418,213.6818,257.2168,220.1422,230.32567,226.26096,199.62146,234.54059,165.0,242.0,135.43333,251.73509,114.305756,255.94904,88.91304,265.40216,69.0,270.5,1102011,1537061050496,1537061050574
slip,208.0,231.0,1106831,233.03719,213.98512,249.23187,211.04875,263.3053,207.93216,278.75574,204.47159,293.7224,203.1752,311.92932,200.41078,330.6941,198.30136,332.0,198.0,1107035,1537061055521,1537061055541
slip,196.0,186.0,1107589,215.92543,181.7782,228.38724,178.7016,243.52753,178.0,260.3742,177.0,276.98538,177.0,298.34094,181.46329,315.42484,185.6365,333.97537,192.49261,344.0,195.5,1107793,1537061056277,1537061056328
slip,324.0,178.0,1113411,324.0,197.9653,324.0,202.77948,329.4936,207.3544,332.32468,211.97406,1113539,1537061062022,1537061062063
slip,296.0,240.0,1118551,264.0916,234.80916,246.7907,233.2537,227.5,233.0,206.65167,232.0,184.90561,233.4688,155.54163,235.60417,133.03609,238.42342,111.72932,241.47452,77.0,248.0,1118763,1537061067246,1537061067315
slip,319.0,179.0,1122856,288.75592,179.0,271.33496,185.09047,246.40395,191.75894,228.14938,198.33865,211.77556,203.37675,195.37321,209.40974,179.61488,213.07002,158.72449,219.32507,137.26836,223.58536,113.084236,229.5877,86.01877,235.88472,69.0,236.5,1123100,1537061071590,1537061071664
slip,244.0,182.0,1126457,228.0,191.0,228.0,192.82565,243.0,193.0,255.09872,195.88734,274.05475,197.50456,291.75616,199.95937,312.5795,203.16608,329.32397,207.39719,338.64682,210.18808,340.0,211.0,1126669,1537061075155,1537061075209
slip,305.0,187.0,1127286,281.3379,194.2015,256.13388,199.08615,232.63164,204.07367,209.98889,210.40297,188.3552,216.17195,164.65518,221.93965,137.77408,229.3345,113.5,237.0,1127427,1537061075912,1537061076020
slip,317.0,222.0,1130154,292.45978,228.86864,278.0554,230.5494,262.93988,232.37457,248.22757,234.57724,234.38693,237.13623,223.07146,238.19286,206.00691,239.33218,188.05873,241.2674,164.46075,241.0,124.0,236.5,1130366,1537061078848,1537061078899
