slip,284.0,178.0,1346733,250.7223,185.06943,224.36545,191.3846,201.87108,198.26033,179.6479,205.95775,160.15712,211.72089,136.99998,219.78572,118.075066,225.12141,96.371376,230.29892,1346902,1537061318761,1537061318798
slip,284.0,204.0,1351936,261.77264,204.0,235.69012,208.5435,206.20938,215.75812,176.54869,222.93712,149.11237,229.79048,125.56392,234.60902,108.05814,239.25687,91.66128,241.77957,76.40764,245.1077,62.186157,248.27129,60.0,249.0,1352139,1537061324003,1537061324092
slip,301.0,204.0,1357288,273.52103,206.94499,256.68988,211.2382,234.79486,214.67366,217.17122,216.2176,203.78583,217.44284,184.39232,216.75385,167.16685,214.84724,148.893,208.41563,128.07701,199.74728,1357492,1537061329350,1537061329412
slip,283.0,167.0,1367309,268.0,177.04579,267.0422,178.0,266.5,178.0,279.74588,174.25414,292.6022,168.1326,306.0848,164.75893,318.17407,162.07243,330.79633,159.04074,331.0,159.0,1367553,1537061339413,1537061339480
slip,185.0,189.0,1368109,200.0,189.0,220.33087,182.41063,250.18991,179.56895,279.76154,178.1472,305.769,177.09746,325.85712,176.0,342.5,176.0,1368268,1537061340129,1537061340167
slip,177.0,255.0,1408343,196.0,243.0,220.5156,234.14905,251.73764,226.45247,277.95578,218.30972,297.6268,213.23285,320.0029,208.3068,337.5,205.0,342.5,203.0,1408521,1537061380389,1537061380464
slip,184.0,204.0,1408918,213.5573,189.45355,231.24434,187.97964,257.6158,187.58977,284.9113,189.17125,306.94717,191.55634,327.16266,195.48059,338.62714,197.7712,340.0,198.0,1409143,1537061381005,1537061381104
slip,177.0,203.0,1409485,198.01308,199.0,212.5499,199.0,231.4871,201.09743,255.89442,203.24341,278.3869,205.45728,303.9749,209.9328,318.69006,211.76901,330.09146,213.0,333.5,213.0,1409689,1537061381551,1537061381610
slip,299.0,192.0,1409995,258.86966,202.03911,223.36058,212.07985,194.88821,219.55573,169.18785,228.27072,147.3416,234.75954,125.7265,243.66911,103.66555,252.85762,1410138,1537061381997,1537061382075
slip,319.0,214.0,1420970,298.0,210.0,279.62286,209.0,254.10284,209.0,221.86372,211.67235,187.09395,215.669,144.11089,221.46364,96.0,234.0,69.66465,244.77844,61.5,251.0,1421163,1537061393022,1537061393066
