slip,262.0,101.0,7965622,243.12099,104.25268,231.63914,105.0,208.5542,109.9348,162.37704,126.387985,109.39188,177.40828,73.0,214.5,7965780,1537087562781,1537087561961
slip,266.0,178.0,8004756,244.33516,178.0,182.40755,174.0,63.496048,180.29543,44.634438,189.09138,25.148525,197.92574,8004859,1537087601859,1537087601037
slip,275.0,156.0,8011913,261.0,156.0,224.22925,156.55208,151.77032,159.3359,57.042217,172.45517,13.493839,192.5997,8012030,1537087609030,1537087608194
slip,265.0,132.0,8014669,248.28539,156.07193,157.53363,193.91396,55.07908,245.55783,8014787,1537087611786,1537087610955
slip,252.0,163.0,8015909,237.0,168.0,224.13728,173.77869,205.29851,182.70839,163.56451,192.80385,34.5,228.0,8016046,1537087613049,1537087612229
slip,155.0,164.0,8019243,155.0,145.72182,157.97964,139.02036,169.83524,123.37357,189.0,109.0,198.00241,95.49789,231.07309,72.77076,248.0,66.0,8019412,1537087616413,1537087615568
slip,305.0,183.0,8041065,246.1447,195.87708,216.5,203.5,8041183,1537087638183,1537087637442
slip,301.0,122.0,8052064,270.74002,122.0,193.76315,131.35785,90.78868,159.71182,64.0,169.5,8052156,1537087649159,1537087648328
slip,287.0,156.0,8059662,263.03836,156.0,205.0,159.0,179.7078,163.35803,150.76372,174.08861,128.4925,182.4403,72.0,223.5,8059787,1537087656786,1537087655988
slip,172.0,155.0,8060910,188.0,164.0,199.52333,164.81541,225.0,166.5,257.0,170.0,8061059,1537087658059,1537087657233
slip,303.0,168.0,8061487,231.53749,192.67195,94.04605,236.30772,22.5,261.5,8061607,1537087658606,1537087657765
slip,244.0,98.0,8062182,225.69125,120.46312,210.24562,133.00319,116.740425,175.91681,25.784126,198.91106,8062301,1537087659301,1537087658488
