slip,288.0,251.0,1024870,263.11902,237.0529,244.35936,229.78645,220.69923,222.281,180.8974,220.34993,116.781784,220.01024997,1521856881139,1521856882070
slip,208.0,254.0,1027444,161.31598,257.9368,126.96867,266.7344,95.94882,275.5785,81.5,278.51027560,1521856883698,1521856884669
slip,310.0,142.0,1035411,282.95383,142.0,257.4639,142.06433,203.51678,151.63373,125.91847,180.60129,95.74372,203.37543,69.5,222.01035548,1521856891687,1521856892648
slip,289.0,186.0,1042524,271.0,177.0,256.36157,172.51059,240.0524,172.0,195.62314,178.72362,99.057175,209.6857,84.0,216.01042651,1521856898788,1521856899769
slip,217.0,222.0,1043035,255.0,227.0,301.5,239.01043133,1521856899271,1521856900230
slip,135.0,170.0,1043538,185.5312,169.01616,269.23688,169.0,352.8287,167.52791043644,1521856899780,1521856900747
slip,274.0,209.0,1051289,229.75346,204.12558,182.87083,206.18132,111.09444,214.07375,70.46748,224.15524,54.403877,235.596131051387,1521856907523,1521856908511
slip,271.0,243.0,1051729,257.0,233.0,230.78496,227.31183,201.79819,221.96973,165.6777,228.17734,90.76762,269.861851051835,1521856907972,1521856908919
slip,69.0,153.0,1052167,124.83604,152.00513,251.45132,144.52351,343.08878,149.252151052265,1521856908406,1521856909350
slip,304.0,127.0,1068965,281.37543,129.20819,252.28517,138.54562,212.0,159.01069040,1521856925183,1521856926123
slip,121.0,226.0,1069447,204.0,196.0,354.0,165.01069534,1521856925676,1521856926625
slip,243.0,256.0,1082948,223.56091,256.0,151.48444,254.26346,142.0,254.01082999,1521856939139,1521856940110
