slip,298.0,157.0,792490,267.05597,157.0,233.0,163.0,182.58842,176.33214,110.5,200.0792595,1521856547197,1521856548138
slip,162.0,139.0,797370,176.0,176.0797468,1521856552068,1521856553015
slip,293.0,199.0,805935,274.0,199.0,244.01517,201.83081,201.68582,212.15553,72.0,223.5806032,1521856560634,1521856561588
slip,201.0,188.0,806521,233.75572,188.15556,306.93115,193.4138,322.0,195.0806620,1521856561223,1521856562169
slip,157.0,177.0,806940,210.15005,180.1,332.39844,205.97743807025,1521856561631,1521856562598
slip,291.0,215.0,821271,253.6103,210.0,232.41386,214.82297,209.21286,221.36775,181.98349,236.24501,160.99368,251.85101,154.0,257.0821408,1521856576010,1521856576969
slip,293.0,179.0,831139,270.95023,179.0,255.1507,179.71233,207.3936,188.43309,203.0,189.0831245,1521856585849,1521856586819
slip,133.0,182.0,831341,171.37752,182.0,242.33295,190.68787,366.0,217.0831447,1521856586051,1521856587019
slip,155.0,210.0,831757,210.50351,204.13626,302.3069,202.91089,342.0,205.0831855,1521856586458,1521856587434
slip,292.0,128.0,841114,292.0,157.72458,292.0,160.0841212,1521856595812,1521856596769
slip,222.0,198.0,844692,172.5,195.0844818,1521856599420,1521856600374
slip,296.0,200.0,845182,282.0,200.0,243.09413,201.35042,198.8311,206.13457,138.92036,214.99017,64.5,223.0845289,1521856599889,1521856600832
slip,183.0,170.0,845728,208.0,170.0,291.7555,184.05643,304.0,186.0845800,1521856600401,1521856601352
slip,299.0,218.0,852318,285.0,209.0,266.7486,207.0,223.82042,203.80185852414,1521856607020,1521856608014
slip,163.0,207.0,856556,196.0,250.5856643,1521856611244,1521856612178
