slip,258.0,193.0,908216,210.37996,183.8487,166.06302,182.82541,68.13461,205.11081,48.5,225.0908302,1521789155327,1521789154914
slip,315.0,170.0,912458,269.92392,163.45862,225.93005,165.00436,127.90027,194.31805,89.0,212.0912544,1521789159567,1521789159157
slip,148.0,267.0,920652,176.0,227.0920741,1521789167828,1521789167397
slip,304.0,166.0,921637,260.37576,173.48532,215.5,191.5,160.0,219.0921708,1521789168731,1521789168317
slip,122.0,184.0,922556,183.35951,191.7338,291.69604,195.22112,310.0,196.0922652,1521789169674,1521789169243
slip,324.0,183.0,923314,291.84827,165.68678,260.4907,165.0,216.05363,173.18927,114.270874,216.85167,42.743782,262.60397923430,1521789170451,1521789170007
slip,293.0,188.0,923720,265.0,181.0,229.50713,178.4051,190.9654,180.31035,160.5,192.0923806,1521789170828,1521789170395
slip,303.0,198.0,924222,250.76721,182.19635,210.94818,183.152,130.66919,211.67311,55.82503,256.50497924320,1521789171340,1521789170932
slip,291.0,178.0,926167,231.4611,164.82901,157.77078,174.47536,76.60643,188.88974,42.67463,219.01436,36.667164,226.66568,28.0,223.0926294,1521789173317,1521789172911
slip,170.0,186.0,926829,229.74503,193.79271,346.1529,198.30867926901,1521789173924,1521789173510
slip,138.0,204.0,927236,160.0,204.0,216.1077,207.66924,359.56564,209.29565927333,1521789174354,1521789173934
slip,235.0,190.0,933348,222.0,173.0,219.0,160.77806,234.80957,155.35164933420,1521789180439,1521789180091
slip,248.0,216.0,936575,189.52954,211.69803,132.5,218.0,49.53203,251.21393936661,1521789183681,1521789183268
slip,306.0,163.0,943648,282.0,156.0,241.10239,148.42047,183.30765,151.15494,105.658035,180.07608,97.0,186.0943746,1521789190769,1521789190334
slip,307.0,183.0,945753,244.44875,185.50394,153.10042,224.53519,86.92062,258.24582945840,1521789192859,1521789192438
slip,285.0,165.0,947247,261.71213,173.62595,254.0,177.0947282,1521789194309,1521789193887
slip,320.0,200.0,947782,264.3762,189.5855,232.26413,181.07547,202.74298,170.72066,169.22862,167.64362947889,1521789194908,1521789194485
slip,256.0,151.0,949362,212.86635,170.88902,115.091354,218.48761,57.318283,253.37767949427,1521789196447,1521789195994
slip,280.0,238.0,949995,252.56822,230.30476,211.4143,227.05467,154.11743,231.98434,88.269165,252.87659950083,1521789197102,1521789196684
slip,308.0,182.0,959580,255.08522,182.9198,182.1188,194.7529,108.28756,212.02632,64.74314,234.96893,61.0,239.0959686,1521789206709,1521789206286
slip,244.0,205.0,960381,191.84103,194.67584,154.15704,198.78963,116.16724,206.36655,54.75597,249.42087960488,1521789207508,1521789207080
slip,266.0,221.0,960904,189.19421,216.0,115.45222,219.58372,53.5,229.0,34.5,248.5961002,1521789208023,1521789207601
slip,171.0,198.0,961214,239.65732,201.01991,351.5,196.5961301,1521789208323,1521789207900
slip,146.0,230.0,961641,163.0,230.0,209.998,234.7855,282.5,242.5,365.5,252.0961740,1521789208760,1521789208355
slip,304.0,172.0,969657,258.76218,159.44055,218.18443,161.04071,124.76165,179.07637,56.81108,209.59447,44.0,216.0969762,1521789216785,1521789216361
slip,174.0,215.0,974936,146.41183,208.67648,142.0,214.13855,142.0,215.0975008,1521789222034,1521789221619
slip,293.0,231.0,975501,232.95659,224.65028,191.93883,227.7823,120.0,238.5,86.0,263.5975599,1521789222620,1521789222228
slip,300.0,200.0,975983,266.61618,194.25252,264.0,195.0976036,1521789223056,1521789222652
slip,296.0,200.0,977480,268.0,187.0,200.70238,175.71301,95.962326,185.54506,45.469017,204.8932,28.0,210.5977584,1521789224608,1521789224189
slip,322.0,175.0,978805,305.0,175.0,267.1776,175.0,198.79169,185.79378,115.5,199.5978890,1521789225911,1521789225507
slip,296.0,153.0,980917,265.6433,150.41736,214.15533,158.41219,97.45078,203.17654980983,1521789228002,1521789227599
slip,295.0,233.0,987640,104.0,268.0987713,1521789236069,1521789239720
slip,260.0,158.0,988121,58.0,192.0988208,1521789236099,1521789239731
slip,303.0,202.0,988634,194.0,194.0988721,1521789236112,1521789239737
