slip,259.0,144.0,2836414,284.0,130.0,299.123,127.83957,305.6345,126.0,308.5,126.0,308.0,131.0,308.0,142.74638,308.0,144.02836646,1521859493963,1521859494946
slip,143.0,202.0,2836980,123.31884,190.63768,119.5732,189.4299,113.71061,186.08424,104.38986,184.17374,94.24757,184.0,86.31573,183.0,77.08312,181.51385,73.15747,182.0,77.11757,182.0,80.098854,182.02837194,1521859494513,1521859495474
slip,298.0,249.0,2843442,244.45474,249.0,210.02496,248.0,190.57745,247.09369,155.22903,245.05121,117.870705,243.87932,89.979904,245.00252,69.38335,245.39848,49.307034,247.85327,49.5,254.52843666,1521859500983,1521859501930
slip,126.0,254.0,2844083,176.0,251.0,209.83487,257.1815,240.35445,264.94864,266.5277,273.1552,285.40625,275.6219,300.22223,279.04443,308.2543,278.17673,311.0,277.02844384,1521859501703,1521859502658
slip,157.0,205.0,2844894,222.73567,202.34935,287.2693,209.52693,337.0,213.02845044,1521859502363,1521859503289
slip,299.0,168.0,2853567,259.90784,168.0,211.27458,174.97255,158.71916,182.85635,119.91404,186.4807,85.75837,190.23596,61.964043,194.94753,38.194534,201.08728,30.0,207.52853772,1521859511091,1521859512030
slip,302.0,193.0,2854376,222.341,206.08786,154.41496,221.07053,100.428246,235.82663,74.16642,246.46089,58.17752,255.13905,56.324505,264.40396,56.0,267.02854520,1521859511838,1521859512809
slip,309.0,183.0,2854977,282.0,183.0,239.44785,187.22626,201.67102,193.44852,153.97067,205.25732,117.0,211.5,86.841156,220.71675,65.5,228.5,54.041676,243.9236,54.0,244.02855138,1521859512455,1521859513430
slip,105.0,213.0,2855703,135.33138,209.39262,176.86215,213.1638,246.67911,222.64697,300.9034,225.49678,325.7041,227.10799,327.0,227.02855875,1521859513192,1521859514177
slip,114.0,194.0,2856248,137.07637,185.98473,158.50636,183.16595,190.0,178.5,233.73143,176.97478,289.71298,176.0,317.91565,173.88554,336.5,174.02856442,1521859513760,1521859514729
slip,108.0,176.0,2866908,347.0,205.02867153,1521859524589,1521859533549
