slip,241.0,165.0,1541373,222.0,160.0,212.23633,160.0,169.68672,185.321041541460,1521857580871,1521857581835
slip,256.0,205.0,1547428,234.0,205.0,197.00723,205.88754,131.91086,222.47572,63.5,239.01547525,1521857586937,1521857587910
slip,318.0,146.0,1568539,87.0,229.01568646,1521857609313,1521857610264
slip,138.0,193.0,1568796,312.0,209.01568883,1521857609334,1521857610289
slip,185.0,142.0,1569062,322.0,152.01569127,1521857609363,1521857610308
slip,158.0,182.0,1569500,325.0,190.01569607,1521857609368,1521857610363
slip,148.0,204.0,1569779,343.0,177.01569897,1521857609375,1521857610384
slip,132.0,178.0,1570045,311.0,196.01570144,1521857610051,1521857610981
slip,158.0,207.0,1570409,335.0,218.01570526,1521857610066,1521857611064
slip,105.0,205.0,1570750,175.96912,205.0,302.64606,209.140231570838,1521857610251,1521857611217
