slip,254.0,141.0,2990507,221.3748,154.2084,164.41806,175.96823,63.0,214.02990562,1521787559812,1521787559350
slip,290.0,159.0,2994015,251.45467,154.04309,215.94626,151.4574,152.72046,155.80862,81.71807,181.1319,76.0,185.02994113,1521787563367,1521787562910
slip,278.0,162.0,3000937,251.57034,162.0,218.09486,168.94261,178.5,178.53000992,1521787570246,1521787569809
slip,314.0,201.0,3010492,184.0,201.03010580,1521787580923,1521787580431
slip,310.0,152.0,3011101,117.0,164.03011208,1521787580935,1521787580488
slip,317.0,170.0,3011475,167.0,204.03011574,1521787580941,1521787580520
slip,298.0,188.0,3012040,139.0,191.03012149,1521787581477,1521787581018
slip,316.0,150.0,3012395,279.73196,146.0,254.72572,151.25934,231.57463,160.52809,228.0,162.03012483,1521787581736,1521787581282
slip,151.0,225.0,3013069,168.0,225.0,224.02309,232.25116,336.19458,227.214613013167,1521787582418,1521787581956
slip,297.0,163.0,3014694,270.0,163.0,222.37303,175.88647,151.93965,209.36853,132.0,221.03014780,1521787584031,1521787583558
slip,282.0,219.0,3015343,245.68951,213.08043,215.85007,213.74474,172.0,224.53015409,1521787584659,1521787584204
slip,279.0,173.0,3015887,228.82889,192.93364,168.67125,226.83344,157.0,234.03015954,1521787585208,1521787584759
slip,112.0,218.0,3016232,217.40164,217.84758,323.71228,209.928773016330,1521787585581,1521787585136
slip,112.0,210.0,3016551,171.74527,209.35823,290.2665,206.82516,360.5,205.53016650,1521787585902,1521787585438
slip,79.0,214.0,3016873,133.78119,211.38353,233.29622,200.94095,317.28363,191.33127,360.5,191.03016979,1521787586230,1521787585784
slip,274.0,154.0,3021660,245.60907,154.0,237.45999,154.575,241.0,159.03021733,1521787590984,1521787590549
slip,166.0,216.0,3035041,151.0,197.43297,167.5,184.03035113,1521787604363,1521787603902
slip,280.0,226.0,3039475,262.0,205.0,256.0,194.53039538,1521787608788,1521787608311
slip,259.0,224.0,3041483,292.0,212.03041557,1521787611832,1521787611392
