slip,173.0,214.0,644317,161.53697,185.70372,178.0,181.0644391,1521788830373,1521788829909
slip,217.0,147.0,644489,188.91801,133.40515,185.0,126.488235,185.0,126.0644561,1521788830544,1521788830084
slip,215.0,209.0,651861,131.0,198.0651925,1521788838527,1521788838095
slip,116.0,221.0,652566,330.0,197.0652672,1521788838744,1521788838351
slip,258.0,146.0,655675,237.0,131.0,227.35982,122.67991,224.0,121.0655739,1521788841724,1521788841311
slip,264.0,154.0,659587,236.0,147.0,194.02602,149.35435,127.91236,170.19264,59.5,201.5659673,1521788845655,1521788845251
slip,226.0,192.0,661468,200.50089,185.15009,192.0,187.60478,192.0,192.0661539,1521788847524,1521788847109
slip,288.0,157.0,664577,245.46594,143.411,210.96504,150.04979,118.142876,184.70747,73.72612,212.80817,70.0,215.0664683,1521788850670,1521788850269
slip,295.0,184.0,666967,239.69086,207.68567,130.19711,267.94766667022,1521788853004,1521788852553
slip,311.0,155.0,668797,265.24506,148.0,223.93492,151.11018,148.07843,186.85507,110.0,215.0668884,1521788854868,1521788854499
slip,151.0,157.0,673595,124.996796,150.74919,118.54616,150.0673658,1521788859642,1521788859206
slip,313.0,187.0,691619,151.0,186.0691707,1521788877719,1521788877312
slip,271.0,184.0,692472,234.87158,193.70947,174.94409,203.76651,89.05972,220.42752,67.0,236.5692549,1521788878536,1521788878119
slip,266.0,237.0,696546,235.0,221.0696609,1521788883482,1521788891276
slip,298.0,217.0,697411,200.0,202.0697484,1521788883493,1521788891280
