slip,97.0,138.0,9179018,120.19494,128.12581,132.5,121.59179115,1521878302959,1521878303702
slip,175.0,207.0,9188465,160.0,207.0,137.62157,207.0,110.22716,211.1963,76.13186,219.26044,43.93671,233.43376,41.0,235.09188594,1521878312432,1521878313180
slip,302.0,125.0,9189042,270.8315,125.0,234.47375,130.7076,184.64839,136.43517,94.61531,151.9728,82.643394,160.77728,50.5,177.59189191,1521878313028,1521878313775
slip,298.0,153.0,9189683,273.26187,161.38625,259.62134,164.82248,248.7952,170.1024,229.36578,173.32684,200.38248,179.69278,168.67476,187.88159,79.5,220.59189862,1521878313700,1521878314530
slip,196.0,152.0,9191095,218.79959,157.57996,235.94904,158.0,266.57654,161.63963,297.96875,166.86414,323.7325,174.893,329.0,177.09191232,1521878315069,1521878315870
slip,135.0,185.0,9196989,158.18852,172.70287,164.06827,170.31058,168.88971,168.70343,172.26176,169.0,174.35503,169.0,175.11041,169.0,178.0,169.0,178.18709,169.0,179.0,169.0,181.0,169.0,182.0,169.0,184.0,169.0,186.8822,169.0,190.93976,169.0,195.0,169.0,194.0,169.0,194.0,168.0,194.0,167.0,203.9108,167.0,209.5188,167.0,217.70006,167.0,227.06818,167.0,243.07256,167.0,267.11462,170.18578,301.3925,181.05489,322.0,190.59197716,1521878321553,1521878322308
slip,243.0,161.0,9198249,207.78737,162.48932,185.45766,166.6928,148.78836,170.5854,101.15984,177.97336,42.5,193.09198377,1521878322213,1521878322968
slip,312.0,202.0,9202444,272.99234,208.83461,251.43695,209.9688,227.28659,214.10191,204.25171,218.1403,182.4168,221.27776,154.77946,226.54726,128.99374,231.167719202607,1521878326440,1521878327198
slip,285.0,157.0,9221235,258.0,157.0,229.56898,165.76245,197.2412,173.08154,167.24153,180.75249,140.49406,187.40811,119.23868,196.6941,117.0,198.09221438,1521878345273,1521878346019
slip,270.0,254.0,9231166,255.0,254.0,246.19461,254.0,238.42839,259.57162,231.42096,262.9343,228.0,265.59231272,1521878355109,1521878355892
slip,197.0,113.0,9232447,177.00836,128.99164,166.0,146.09232535,1521878356376,1521878357170
slip,124.0,153.0,9234658,86.209045,158.51639,73.508545,159.53714,62.53312,166.23344,53.900173,171.41997,48.5,172.59234819,1521878358653,1521878359372
slip,243.0,241.0,9235973,262.0,253.0,270.5174,255.7587,277.0668,258.53342,284.62665,264.2833,293.29156,268.4305,296.15445,271.11584,301.56946,274.0,302.5,274.09236132,1521878359969,1521878360738
slip,301.0,162.0,9237083,72.0,190.09237243,1521878362463,1521878363193
slip,172.0,164.0,9237617,329.0,172.09237734,1521878362501,1521878363211
slip,155.0,183.0,9238172,324.0,192.09238300,1521878362549,1521878363240
slip,172.0,144.0,9238717,342.0,168.09238845,1521878364561,1521878365307
slip,301.0,160.0,9239112,107.0,210.09239240,1521878364591,1521878365336
slip,240.0,160.0,9246200,218.03894,167.15327,208.6033,171.08382,199.37254,178.2521,190.82767,185.33786,181.00027,191.1427,173.2692,195.98465,172.0,197.09246398,1521878370232,1521878371132
