slip,45.0,133.0,8934028,62.857826,119.07109,66.97117,116.51442,71.1731,114.9423,74.761284,115.0,79.37109,115.0,81.53346,115.0,87.97559,117.634125,91.328545,121.328545,95.630875,122.26175,98.41199,125.41199,100.748535,126.0,103.58062,127.290306,105.719505,128.90651,108.35464,129.35463,109.5,130.58934310,1521877945984,1521877946735
slip,290.0,207.0,8943396,264.22305,217.23419,241.18916,223.5309,213.69577,228.46545,178.16714,233.26184,128.40836,240.37024,81.97436,249.71191,59.5,255.08943549,1521877955222,1521877955977
slip,68.0,112.0,8944961,92.738144,84.696396,105.0,75.58945047,1521877956725,1521877957449
slip,305.0,239.0,8946136,288.99457,259.01086,285.64505,266.8874,286.0,276.42548946254,1521877957928,1521877958631
slip,244.0,153.0,8954573,228.18791,153.0,222.74782,161.0,219.93663,162.06337,213.8073,164.09636,206.61856,167.15257,200.28105,170.47931,196.2284,174.31482,191.5,178.0,189.57892,180.0,186.08952,181.45523,185.07654,181.92346,185.0,183.49384,182.0,184.5418,182.0,185.5,178.28244,185.0,175.94681,185.0,172.48825,185.62794,166.28784,190.712168954969,1521877966642,1521877967388
slip,317.0,136.0,8955420,286.4506,138.81317,252.92818,143.48862,169.14197,165.50674,85.11788,193.03745,38.866447,214.36401,34.0,217.08955548,1521877967221,1521877967981
slip,269.0,189.0,8958868,247.53696,189.0,234.81433,189.0,217.97284,190.37105,204.00484,192.88835,191.0,194.5,178.08904,195.10121,162.46812,196.61465,149.27591,200.24136,135.25243,202.0,132.0,202.08959072,1521877970748,1521877971515
slip,42.0,157.0,8959755,63.0,150.0,90.0,144.08959828,1521877971502,1521877972260
slip,229.0,158.0,8960814,200.8198,171.13237,174.14366,179.24466,134.73398,192.84976,53.44137,230.23878960929,1521877972604,1521877973348
slip,295.0,164.0,8970318,179.0,185.08970619,1521877982560,1521877983288
slip,166.0,200.0,8970970,331.0,178.08971109,1521877984676,1521877985463
slip,231.0,129.0,8971579,79.0,185.08971814,1521877984699,1521877985482
slip,283.0,150.0,8972166,199.0,175.08972273,1521877984708,1521877985501
slip,210.0,122.0,8972690,316.0,151.08972829,1521877984730,1521877985521
slip,103.0,128.0,8973095,330.0,156.08973213,1521877985404,1521877986186
slip,176.0,122.0,8973534,308.0,127.08973652,1521877985421,1521877986204
slip,121.0,284.0,8989076,140.62537,289.45013,149.09715,291.69907,153.0,293.08989193,1521878000866,1521878001590
slip,91.0,121.0,8997847,111.0,113.0,138.0,111.58997944,1521878009620,1521878010366
