slip,207.0,39.0,9634696,234.84572,43.605717,238.0,44.09634789,1521878948169,1521878948948
slip,256.0,144.0,9647484,273.91223,106.99508,273.0,92.06277,265.03604,82.03604,248.76561,81.0,248.0,81.09647591,1521878960961,1521878961690
slip,108.0,81.0,9647688,123.0,81.0,144.0,90.09647759,1521878961137,1521878961861
slip,234.0,257.0,9654982,259.9556,257.0,281.0,257.09655078,1521878968456,1521878969188
slip,87.0,108.0,9656678,193.0,262.09656858,1521878971224,1521878971961
slip,301.0,173.0,9657041,52.0,255.09657148,1521878971235,1521878971987
slip,318.0,172.0,9657501,72.0,229.09657660,1521878971275,1521878972028
slip,298.0,113.0,9658109,62.0,202.09658258,1521878973193,1521878973929
slip,295.0,114.0,9658619,203.0,110.09658760,1521878973235,1521878973981
slip,226.0,95.0,9662989,258.0,89.09663077,1521878977273,1521878977996
slip,155.0,228.0,9664763,148.0,207.28409,148.0,202.79156,161.54541,195.27275,162.0,195.09664861,1521878978232,1521878978966
slip,250.0,291.0,9665574,229.71062,276.85532,222.32133,272.5928,214.5108,266.5108,213.0,265.09665681,1521878979053,1521878979792
slip,223.0,207.0,9667091,201.41623,207.0,196.01027,207.0,191.19943,199.59831,191.0,199.09667190,1521878980565,1521878981314
slip,207.0,195.0,9668084,181.34216,193.33885,169.52795,193.69832,169.0,194.09668171,1521878981546,1521878982281
slip,260.0,216.0,9672687,43.0,206.09672825,1521878988031,1521878998294
slip,263.0,239.0,9673175,169.0,261.09673231,1521878988040,1521878998297
slip,301.0,142.0,9673488,65.0,213.09673616,1521878988046,1521878998300
slip,186.0,167.0,9673861,338.0,172.09673960,1521878988068,1521878998305
slip,163.0,212.0,9674235,308.0,148.09674342,1521878988078,1521878998307
slip,198.0,236.0,9674630,291.69705,213.92659,321.0,220.09674758,1521878988439,1521878998309
